names	Run1_C_7	Run1_C_8	Run1_C_14	Run1_C_18	Run1_C_19	Run1_C_20	Run1_C_22	Run1_C_23	Run1_C_26	Run1_C_27	Run1_C_28	Run1_C_29	Run1_C_31	Run1_C_32	Run1_C_33	Run1_C_34	Run1_C_35	Run1_C_36	Run1_C_37	root
LOC_1	19	19	20	19	19	19	24	21	23	21	20	19	19	19	19	20	20	19	20	19
LOC_2	22	23	21	22	22	21	23	23	21	21	19	19	19	22	23	21	21	21	21	20
LOC_3	7	7	7	7	7	7	7	7	7	8	7	7	7	7	7	7	7	7	7	7
LOC_4	7	7	7	7	7	7	7	7	5	5	7	7	7	7	7	5	5	9	10	7
LOC_5	6	6	6	6	6	7	6	6	7	7	5	5	7	6	6	7	7	7	7	7
LOC_6	16	18	16	17	16	16	18	15	15	15	16	16	16	17	16	15	17	16	16	16
LOC_7	13	13	13	13	13	13	13	13	13	13	13	13	13	14	13	13	13	13	13	13
LOC_8	21	21	23	15	23	20	24	23	21	21	20	19	20	19	20	20	20	20	19	22
LOC_9	16	16	18	15	15	13	18	18	13	13	15	15	14	18	18	15	14	15	14	15
LOC_10	18	18	17	18	18	16	17	17	16	16	18	17	18	19	18	16	16	19	17	17
LOC_11	23	23	27	23	23	22	26	25	23	23	23	23	22	25	27	23	23	23	24	23
LOC_12	17	17	17	22	17	17	17	18	17	17	17	17	15	17	17	17	17	18	17	17
LOC_13	18	19	18	18	18	17	18	18	20	16	17	17	17	18	18	17	17	19	17	17
LOC_14	18	19	18	19	19	18	18	18	17	16	18	18	16	17	16	18	18	17	17	18
LOC_15	26	23	25	22	23	26	22	24	29	28	28	28	30	25	25	30	28	27	25	27
LOC_16	14	14	14	14	14	13	15	16	15	15	14	14	14	14	14	15	15	14	14	14
LOC_17	18	15	16	15	15	16	16	16	17	16	17	16	15	16	17	17	16	15	15	15
LOC_18	24	25	23	25	25	23	22	22	23	23	25	26	25	23	21	25	24	24	22	23
LOC_19	22	20	23	20	19	20	22	22	21	21	23	23	22	22	22	21	21	23	21	22
LOC_20	15	15	16	14	14	16	16	15	17	17	18	18	15	15	15	16	16	15	15	15
LOC_21	13	13	14	14	14	14	15	15	14	14	13	13	13	15	15	15	14	13	13	13
LOC_22	20	20	21	21	21	19	21	21	19	20	20	20	20	21	21	19	19	22	22	21
LOC_23	22	22	16	22	22	17	16	16	17	17	17	17	17	14	14	17	17	18	18	16
LOC_24	22	24	23	23	24	23	22	23	25	24	24	23	21	24	24	23	22	25	25	23
LOC_25	22	22	22	22	23	19	21	21	23	23	22	22	23	22	22	24	24	22	23	22
LOC_26	15	15	15	15	14	14	15	15	14	13	14	15	14	15	15	13	13	16	14	15
LOC_27	17	17	16	17	17	17	16	15	17	17	15	15	17	16	16	18	20	17	17	17
LOC_28	22	22	20	24	23	21	19	20	23	21	21	21	21	20	20	22	22	19	19	21
LOC_29	25	24	25	26	26	25	25	25	26	26	26	24	21	24	25	26	26	21	21	25
LOC_30	19	19	20	20	21	20	20	21	19	19	20	19	19	20	20	19	20	19	19	19
LOC_31	26	26	26	25	26	26	26	25	23	23	26	27	25	25	24	23	22	25	25	26
LOC_32	20	20	19	19	20	23	21	19	20	18	20	20	20	20	19	19	21	20	19	20
LOC_33	16	16	16	17	17	14	17	17	14	12	14	16	14	16	16	14	14	15	15	15
LOC_34	14	14	14	14	14	14	14	14	14	14	14	14	14	14	14	14	16	14	14	14
LOC_35	19	20	20	20	20	21	20	20	20	20	18	18	19	20	20	19	20	18	17	19
LOC_36	20	20	22	20	20	21	24	24	20	19	19	20	20	24	24	20	20	20	20	20
LOC_37	21	22	22	21	20	21	22	23	21	21	21	21	20	23	23	20	20	21	20	21
LOC_38	17	16	16	16	16	15	16	16	15	15	15	15	17	17	17	15	15	15	16	16
LOC_39	19	19	20	19	21	22	20	20	20	20	23	23	21	20	20	22	21	23	22	20
LOC_40	14	15	14	16	16	15	14	14	15	15	14	14	14	16	14	15	15	14	14	14
LOC_41	26	23	20	22	22	21	22	26	20	20	20	21	21	22	24	21	20	20	21	21
LOC_42	26	26	23	24	24	22	21	23	21	21	21	21	26	22	22	22	21	22	21	21
LOC_43	18	18	19	16	18	18	18	18	17	17	18	18	18	18	18	15	15	18	18	18
LOC_44	18	17	18	17	17	18	17	17	21	20	18	18	18	18	18	18	18	18	19	18
LOC_45	18	20	19	18	18	21	19	19	21	21	18	18	18	20	20	21	21	19	19	18
LOC_46	21	19	20	19	19	22	20	20	22	20	20	20	23	21	19	25	25	20	20	20
LOC_47	15	16	14	15	15	15	16	16	14	15	14	15	15	17	17	15	15	15	15	15
LOC_48	16	16	17	16	17	18	16	16	18	18	20	18	18	16	16	22	21	17	17	17
LOC_49	18	18	18	18	18	17	18	18	22	19	17	17	15	18	16	19	19	19	17	15
LOC_50	16	16	16	16	18	16	17	17	16	16	16	16	14	17	19	17	17	14	14	16
LOC_51	20	18	21	22	22	23	20	20	23	23	23	23	20	23	23	26	26	19	19	20
LOC_52	18	18	18	18	18	20	18	18	21	20	19	19	18	20	21	21	20	18	18	19
LOC_53	23	23	22	25	23	21	22	22	22	21	25	23	24	21	21	22	22	21	21	23
LOC_54	20	20	19	19	19	20	22	21	22	21	21	20	21	21	18	20	19	19	19	20
LOC_55	19	19	19	21	19	19	21	21	19	19	19	19	20	21	23	19	19	20	20	20
LOC_56	19	19	19	17	19	21	21	19	22	22	19	19	18	19	19	21	21	19	20	19
LOC_57	20	20	21	21	20	22	20	21	22	22	24	22	23	20	20	22	22	23	23	23
LOC_58	21	16	21	16	16	19	22	21	16	16	21	22	22	21	21	16	16	21	21	21
LOC_59	9	9	9	11	9	9	9	9	10	9	9	9	9	9	9	9	9	9	9	9
LOC_60	20	20	20	19	21	20	21	21	21	23	24	23	20	21	21	23	23	20	21	20
LOC_61	28	27	28	29	27	23	26	27	25	25	23	23	24	25	28	23	21	23	23	24
LOC_62	20	21	20	23	21	16	20	20	16	16	16	16	16	20	20	16	16	17	19	18
LOC_63	19	18	18	18	17	17	17	17	17	17	13	16	17	17	16	18	17	17	17	17
LOC_64	17	17	17	17	19	17	19	17	18	18	17	17	17	17	17	16	17	17	18	17
