names	Run1_C_4	Run1_C_7	Run1_C_8	Run1_C_10	Run1_C_11	Run1_C_12	Run1_C_13	root
LOC_1	19	18	19	19	19	19	19	19
LOC_2	21	19	19	19	19	21	20	20
LOC_3	7	7	7	7	7	8	7	7
LOC_4	9	7	7	7	7	7	7	7
LOC_5	7	7	7	5	7	7	7	7
LOC_6	19	16	15	16	16	18	18	16
LOC_7	13	13	13	12	12	13	13	13
LOC_8	19	22	22	17	18	20	20	22
LOC_9	15	15	15	15	15	15	15	15
LOC_10	17	17	18	18	17	17	17	17
LOC_11	23	23	26	26	26	27	24	23
LOC_12	17	17	17	17	19	17	17	17
LOC_13	17	17	17	17	15	17	17	17
LOC_14	18	19	22	20	23	18	18	18
LOC_15	29	31	26	26	25	29	28	27
LOC_16	14	14	14	14	14	14	15	14
LOC_17	15	15	16	16	17	15	15	15
LOC_18	24	24	23	21	23	24	25	23
LOC_19	21	21	22	22	22	23	22	22
LOC_20	14	15	15	15	15	14	14	15
LOC_21	13	14	13	13	13	14	15	13
LOC_22	21	21	21	19	21	21	21	21
LOC_23	16	16	16	17	16	18	16	16
LOC_24	23	23	23	23	23	23	23	23
LOC_25	21	22	21	21	21	22	22	22
LOC_26	15	15	15	15	16	15	15	15
LOC_27	17	17	17	16	16	17	17	17
LOC_28	23	22	21	21	20	22	22	21
LOC_29	24	25	21	24	25	23	23	25
LOC_30	19	20	20	21	23	19	19	19
LOC_31	25	25	23	25	25	25	25	26
LOC_32	19	19	20	20	22	22	21	20
LOC_33	15	14	15	16	15	15	15	15
LOC_34	15	15	15	15	15	15	15	14
LOC_35	20	19	19	17	18	20	21	19
LOC_36	20	19	20	20	20	20	21	20
LOC_37	20	20	22	21	21	20	20	21
LOC_38	16	13	15	15	15	18	16	16
LOC_39	20	21	20	18	18	21	19	20
LOC_40	15	14	14	14	15	16	16	14
LOC_41	21	21	21	22	22	23	22	21
LOC_42	22	22	22	21	21	19	21	21
LOC_43	18	18	19	20	19	18	18	18
LOC_44	17	18	18	18	18	18	18	18
LOC_45	18	19	18	18	18	20	21	18
LOC_46	20	20	19	20	19	18	18	20
LOC_47	15	15	15	15	15	15	15	15
LOC_48	17	17	17	17	17	18	18	17
LOC_49	15	14	17	15	15	15	15	15
LOC_50	16	16	16	16	16	16	16	16
LOC_51	20	20	20	24	25	20	20	20
LOC_52	19	19	20	19	19	19	20	19
LOC_53	23	24	28	24	24	25	26	23
LOC_54	19	21	21	21	21	20	20	20
LOC_55	18	20	19	20	20	20	20	20
LOC_56	19	19	24	22	22	19	20	19
LOC_57	23	24	23	21	21	24	23	23
LOC_58	21	21	22	21	21	21	21	21
LOC_59	9	9	9	9	9	9	9	9
LOC_60	20	20	20	20	20	21	22	20
LOC_61	24	24	24	24	24	25	25	24
LOC_62	18	18	18	19	19	17	19	18
LOC_63	17	18	18	18	18	18	17	17
LOC_64	18	17	17	17	17	19	20	17
LOC_65	19	17	19	17	19	17	17	17
LOC_66	21	21	20	20	20	21	21	21
LOC_67	22	21	21	18	20	22	23	22
LOC_68	16	16	14	14	14	17	17	16
LOC_69	21	19	21	21	21	21	22	21
LOC_70	24	24	24	23	24	23	23	23
LOC_71	16	16	16	14	14	16	16	16
LOC_72	21	20	20	20	20	21	22	20
LOC_73	19	21	23	22	21	19	19	19
LOC_74	21	22	22	22	22	23	23	22
LOC_75	27	23	21	22	21	28	27	23
LOC_76	20	20	21	19	19	24	22	21
LOC_77	15	16	14	15	14	14	14	14
LOC_78	22	22	22	22	22	21	22	22
LOC_79	15	15	15	15	15	15	15	15
LOC_80	24	23	23	22	22	26	26	24
LOC_81	16	16	16	17	16	15	16	16
LOC_82	21	21	21	20	20	21	23	20
LOC_83	18	19	18	16	16	20	20	18
LOC_84	15	16	16	16	16	15	14	16
LOC_85	21	22	19	19	19	21	23	21
LOC_86	16	16	16	17	17	15	15	16
LOC_87	20	20	21	20	20	20	20	20
LOC_88	23	22	20	21	20	24	24	22
LOC_89	26	26	27	30	28	28	28	26
LOC_90	20	20	18	19	19	21	21	20
LOC_91	17	17	17	17	17	17	17	17
LOC_92	19	19	20	19	18	19	19	19
LOC_93	12	13	15	15	15	9	9	12
LOC_94	15	15	15	16	15	14	15	15
LOC_95	13	13	13	15	13	13	13	13
LOC_96	20	20	21	21	21	20	20	20
LOC_97	20	18	18	19	19	20	22	20
LOC_98	15	15	16	16	16	15	15	15
LOC_99	17	16	16	16	15	17	17	16
LOC_100	14	14	14	14	14	14	14	14
LOC_101	21	21	21	21	22	21	24	21
LOC_102	19	19	19	19	19	19	19	19
LOC_103	14	14	14	17	16	14	14	14
LOC_104	19	21	20	21	21	21	22	21
LOC_105	16	17	18	22	17	16	16	16
LOC_106	28	28	27	29	29	28	28	28
LOC_107	15	15	15	15	15	15	15	15
LOC_108	23	23	23	25	25	22	23	23
LOC_109	13	14	15	15	15	14	14	14
LOC_110	16	14	15	16	16	16	16	16
LOC_111	15	15	15	12	14	15	15	15
LOC_112	22	19	19	19	19	21	21	21
LOC_113	15	14	14	14	15	14	14	14
LOC_114	18	16	17	17	16	18	17	17
LOC_115	15	15	15	14	14	14	14	14
LOC_116	14	14	14	14	14	16	15	14
LOC_117	22	18	19	19	19	19	19	19
LOC_118	16	16	16	16	16	16	16	16
LOC_119	24	25	22	22	23	25	24	23
LOC_120	18	18	18	18	19	18	18	18
LOC_121	18	17	18	18	18	18	18	18
LOC_122	18	19	19	18	19	18	18	19
LOC_123	23	27	24	22	23	22	23	24
LOC_124	21	22	22	22	22	22	22	22
LOC_125	27	27	27	26	28	28	28	27
LOC_126	14	14	14	14	14	14	14	14
LOC_127	22	23	24	22	23	22	22	22
LOC_128	21	19	19	20	19	21	20	20
LOC_129	18	19	19	19	19	18	20	19
LOC_130	23	23	24	24	24	24	24	24
LOC_131	15	15	15	15	15	15	16	15
LOC_132	21	21	21	21	21	21	21	21
LOC_133	23	22	24	22	21	20	21	22
LOC_134	24	23	23	23	23	24	23	23
LOC_135	14	14	14	14	14	13	13	14
LOC_136	15	15	15	15	15	15	15	15
LOC_137	24	25	26	27	26	24	24	24
LOC_138	21	21	19	19	19	22	22	21
LOC_139	17	17	17	16	17	17	17	17
LOC_140	16	17	18	17	17	17	14	17
LOC_141	15	16	16	16	16	15	15	15
LOC_142	27	26	25	25	26	27	28	27
LOC_143	21	21	21	22	23	20	20	21
LOC_144	16	16	16	17	16	16	17	16
LOC_145	20	19	19	18	17	21	22	20
LOC_146	20	20	20	19	20	21	20	20
LOC_147	19	21	22	23	23	16	17	21
LOC_148	14	14	14	14	14	14	14	14
LOC_149	18	18	18	18	18	18	16	18
LOC_150	15	15	16	16	16	15	15	15
LOC_151	17	18	16	15	15	16	16	16
LOC_152	20	19	19	18	17	20	20	20
LOC_153	20	21	19	20	20	19	20	20
LOC_154	18	17	18	18	18	18	18	18
LOC_155	20	25	22	23	23	22	21	21
LOC_156	17	17	17	17	17	17	17	17
LOC_157	17	17	17	17	17	19	18	17
LOC_158	21	21	25	25	25	23	22	22
LOC_159	16	13	14	15	14	15	15	15
LOC_160	19	19	19	18	18	20	19	19
LOC_161	21	21	23	22	23	22	22	21
LOC_162	20	20	21	21	21	21	21	20
LOC_163	21	18	18	18	17	20	23	18
LOC_164	21	24	23	19	21	21	24	20
LOC_165	15	15	14	14	14	15	15	15
LOC_166	18	17	21	19	19	17	20	17
LOC_167	16	16	15	17	17	16	16	16
LOC_168	29	27	27	26	30	28	28	28
LOC_169	22	24	24	24	24	21	23	23
LOC_170	20	24	23	22	22	19	19	19
LOC_171	22	23	22	20	20	21	21	23
LOC_172	22	23	22	23	23	22	22	22
LOC_173	16	17	17	17	17	16	16	16
LOC_174	24	23	23	22	22	23	23	22
LOC_175	28	26	25	27	24	27	26	27
LOC_176	16	14	13	13	13	15	16	14
LOC_177	24	23	23	21	20	25	24	24
LOC_178	23	25	23	24	25	23	23	23
LOC_179	24	24	24	24	25	26	26	23
LOC_180	21	23	23	23	24	24	23	22
LOC_181	18	18	18	17	19	18	18	18
LOC_182	25	23	23	22	23	27	28	23
LOC_183	25	22	25	23	22	25	23	25
LOC_184	16	16	16	16	16	16	16	16
LOC_185	20	20	19	19	19	20	21	20
LOC_186	17	16	18	18	17	17	14	16
LOC_187	21	21	22	23	24	22	20	21
LOC_188	26	25	25	23	25	24	25	25
LOC_189	14	14	14	14	14	15	15	14
LOC_190	21	22	21	23	21	21	21	22
LOC_191	17	17	19	17	17	17	17	17
LOC_192	22	21	21	21	21	22	22	21
LOC_193	15	15	16	16	15	15	15	15
LOC_194	18	18	18	18	18	18	20	18
LOC_195	18	18	18	18	15	18	18	18
LOC_196	23	22	22	22	22	25	23	22
LOC_197	21	22	22	21	22	21	21	21
LOC_198	27	28	29	32	32	28	29	27
LOC_199	14	14	14	15	14	14	14	14
LOC_200	23	23	23	22	22	24	23	23
LOC_201	24	23	24	23	23	24	26	24
LOC_202	17	19	16	18	18	18	18	17
LOC_203	18	18	19	20	21	18	18	18
LOC_204	18	18	18	18	18	19	18	18
LOC_205	14	14	13	14	14	16	16	14
LOC_206	20	21	22	23	23	19	20	20
LOC_207	14	14	14	13	14	14	14	14
LOC_208	14	14	14	14	15	14	14	14
LOC_209	18	17	17	19	17	18	18	17
LOC_210	21	20	21	21	21	22	21	22
LOC_211	24	26	26	28	26	24	24	24
LOC_212	24	26	25	23	22	22	22	24
LOC_213	19	19	22	21	21	19	19	19
LOC_214	16	17	17	17	17	20	20	17
LOC_215	16	16	17	14	16	18	18	16
LOC_216	20	19	21	20	20	20	20	20
LOC_217	25	24	25	24	26	27	28	25
LOC_218	18	17	18	16	17	22	18	17
LOC_219	15	16	15	15	15	16	15	15
LOC_220	18	18	17	18	18	19	19	18
LOC_221	24	23	21	20	20	24	24	24
LOC_222	29	24	26	28	25	29	29	28
LOC_223	14	14	14	14	14	14	14	14
LOC_224	16	16	17	17	16	16	16	16
LOC_225	18	22	23	23	23	19	19	21
LOC_226	16	16	16	16	16	16	16	16
LOC_227	7	7	8	8	8	7	7	7
LOC_228	16	16	16	16	16	17	17	16
LOC_229	16	17	16	17	16	17	17	17
LOC_230	18	19	19	19	19	18	18	19
LOC_231	19	21	19	18	19	19	19	19
LOC_232	20	18	18	18	18	18	18	18
LOC_233	15	13	15	15	15	13	14	15
LOC_234	18	15	15	15	15	16	15	15
LOC_235	23	22	23	22	22	23	23	22
LOC_236	17	17	17	17	17	17	17	17
LOC_237	20	19	19	19	19	22	21	20
LOC_238	22	21	21	19	22	21	21	21
LOC_239	23	22	22	24	22	23	23	22
LOC_240	14	15	14	14	14	14	14	14
LOC_241	18	18	18	18	18	18	18	18
LOC_242	17	18	18	18	18	17	17	17
LOC_243	21	19	19	19	19	19	19	19
LOC_244	14	14	14	15	14	14	14	14
LOC_245	24	23	23	23	23	25	25	24
LOC_246	23	24	24	26	24	26	22	24
LOC_247	16	16	17	16	16	15	16	16
LOC_248	18	17	19	19	19	18	18	18
LOC_249	23	25	29	24	26	24	24	24
LOC_250	27	26	30	30	27	23	24	27
LOC_251	17	17	17	16	16	19	17	17
LOC_252	22	22	22	21	21	22	23	22
LOC_253	15	14	13	15	15	15	15	14
LOC_254	16	16	16	16	16	16	15	16
LOC_255	24	22	23	22	23	24	24	23
LOC_256	19	19	19	22	21	19	19	19
LOC_257	19	20	24	22	24	19	19	20
LOC_258	13	13	12	12	12	13	13	13
LOC_259	20	20	20	20	20	20	20	20
LOC_260	20	23	22	23	22	24	24	22
LOC_261	15	14	15	15	15	15	17	15
LOC_262	13	13	13	13	12	14	14	13
LOC_263	15	16	17	16	16	16	16	16
LOC_264	22	22	21	21	21	22	22	22
LOC_265	25	24	24	26	27	25	25	24
LOC_266	19	19	19	20	19	19	20	19
LOC_267	18	19	20	19	19	19	19	18
LOC_268	17	19	18	17	19	17	18	17
LOC_269	15	16	16	16	17	17	15	16
LOC_270	19	19	18	18	18	19	19	19
LOC_271	24	24	21	21	21	23	23	24
LOC_272	23	24	22	23	22	23	23	23
LOC_273	25	23	25	25	25	27	25	24
LOC_274	23	22	22	22	22	25	25	22
LOC_275	15	15	15	16	15	15	15	15
LOC_276	20	21	21	20	20	21	21	20
LOC_277	14	14	16	14	14	13	11	14
LOC_278	14	14	14	14	14	15	12	14
LOC_279	15	15	16	15	15	18	19	15
LOC_280	18	21	21	21	22	18	18	20
LOC_281	19	22	23	22	24	19	19	20
LOC_282	15	13	13	13	13	15	14	15
LOC_283	13	14	14	13	13	15	15	14
LOC_284	14	14	14	14	14	13	13	14
LOC_285	28	30	29	27	28	28	27	29
LOC_286	18	18	18	18	18	20	20	18
LOC_287	32	28	30	30	30	25	26	28
LOC_288	17	17	17	17	17	18	18	17
LOC_289	15	16	15	15	15	15	15	15
LOC_290	18	19	19	17	17	20	19	19
LOC_291	17	18	18	17	15	18	18	18
LOC_292	19	19	20	19	19	19	20	19
LOC_293	15	15	14	16	16	15	15	15
LOC_294	25	25	25	26	26	25	25	25
LOC_295	19	18	18	18	18	19	19	18
LOC_296	12	14	14	15	15	12	12	14
LOC_297	15	15	15	15	15	15	15	15
LOC_298	17	17	17	17	17	18	17	17
LOC_299	16	16	16	16	16	16	16	16
LOC_300	17	17	17	17	17	17	18	17
LOC_301	20	19	20	19	21	20	21	20
LOC_302	23	25	23	25	24	23	21	24
LOC_303	18	18	15	15	15	18	19	18
LOC_304	14	14	14	14	14	14	14	14
LOC_305	17	17	17	17	16	17	17	17
LOC_306	26	25	22	22	22	25	24	26
LOC_307	21	22	23	21	24	23	23	22
LOC_308	22	22	25	26	27	22	22	22
LOC_309	19	22	22	22	22	21	21	22
LOC_310	15	15	15	15	16	14	15	15
LOC_311	17	17	19	19	20	16	16	18
LOC_312	18	18	18	18	18	18	16	18
LOC_313	16	15	15	16	16	17	16	16
LOC_314	15	15	15	15	15	15	15	15
LOC_315	16	15	15	17	17	15	15	15
LOC_316	26	25	24	28	25	26	26	26
LOC_317	21	21	20	23	22	23	22	21
LOC_318	20	23	23	24	24	20	20	22
LOC_319	22	22	22	23	23	22	22	22
LOC_320	21	20	22	20	20	22	22	21
LOC_321	16	15	15	15	15	16	15	16
LOC_322	12	12	12	12	12	12	12	12
LOC_323	14	14	14	14	14	14	14	14
LOC_324	22	22	20	21	21	21	21	21
LOC_325	16	16	16	16	16	16	16	16
LOC_326	16	16	15	15	15	16	16	16
LOC_327	15	15	15	15	17	15	15	15
LOC_328	20	17	20	20	21	22	21	20
LOC_329	24	23	27	23	23	23	23	23
LOC_330	24	23	21	22	22	22	22	22
LOC_331	23	21	22	23	23	24	21	23
LOC_332	13	17	16	16	16	10	13	15
LOC_333	14	14	15	17	17	14	14	14
LOC_334	20	20	19	18	18	19	19	19
LOC_335	22	23	23	30	25	23	23	23
LOC_336	24	22	21	21	21	23	23	24
LOC_337	20	20	22	20	20	19	20	20
LOC_338	20	19	20	19	19	20	20	19
LOC_339	17	17	16	17	17	17	17	17
LOC_340	14	13	13	13	13	13	14	13
LOC_341	20	21	20	21	22	20	20	20
LOC_342	14	14	14	14	14	14	14	14
LOC_343	20	20	20	20	20	20	21	20
LOC_344	16	16	17	17	19	16	16	17
LOC_345	15	15	16	17	16	16	16	15
LOC_346	25	23	23	23	23	25	22	23
LOC_347	21	20	19	20	20	21	21	20
LOC_348	20	19	20	18	18	18	21	20
LOC_349	15	15	15	15	15	15	15	15
LOC_350	17	17	17	17	16	20	17	17
LOC_351	26	26	26	24	24	25	27	26
LOC_352	22	19	19	19	19	19	20	20
LOC_353	16	18	20	21	21	16	16	18
LOC_354	15	15	15	16	16	15	15	15
LOC_355	14	17	14	14	14	14	14	14
LOC_356	17	18	16	16	16	16	16	17
LOC_357	17	16	16	16	16	16	16	16
LOC_358	7	7	7	6	6	7	7	7
LOC_359	19	21	22	21	21	20	20	19
LOC_360	24	24	24	23	21	24	23	24
LOC_361	21	21	21	22	22	22	21	21
LOC_362	21	20	23	22	22	21	21	22
LOC_363	8	8	8	8	7	8	8	8
LOC_364	14	14	14	14	12	15	15	14
LOC_365	25	24	23	24	25	25	27	25
LOC_366	17	18	17	18	18	17	17	17
LOC_367	16	16	16	17	16	18	17	16
LOC_368	25	24	26	25	26	24	24	24
LOC_369	29	28	26	26	27	27	27	28
LOC_370	21	18	18	18	17	21	21	18
LOC_371	23	24	23	24	23	27	25	23
LOC_372	22	23	21	20	20	21	21	21
LOC_373	15	14	14	14	14	14	14	14
LOC_374	15	16	15	15	15	15	15	15
LOC_375	18	17	18	18	18	19	19	18
LOC_376	20	20	21	19	19	20	20	20
LOC_377	24	24	23	23	21	24	23	23
LOC_378	23	22	22	23	22	26	24	23
LOC_379	18	18	18	18	17	18	18	18
LOC_380	21	18	18	18	18	20	21	18
LOC_381	14	14	14	14	14	14	15	14
LOC_382	18	18	18	17	17	18	18	18
LOC_383	17	19	14	14	14	17	17	17
LOC_384	14	14	14	14	14	14	14	14
LOC_385	19	18	18	19	19	20	19	18
LOC_386	19	19	19	19	19	19	19	19
LOC_387	16	18	18	18	15	15	15	17
LOC_388	27	30	29	28	29	31	31	28
LOC_389	18	18	18	18	18	18	18	18
LOC_390	7	7	7	7	7	7	7	7
LOC_391	24	23	25	27	26	23	23	22
LOC_392	22	22	22	23	23	22	22	22
LOC_393	15	15	15	15	15	15	15	15
LOC_394	16	16	16	10	16	17	17	16
LOC_395	18	20	20	24	24	19	19	20
LOC_396	17	17	19	18	18	17	16	17
LOC_397	20	19	19	17	21	19	19	19
LOC_398	18	17	17	17	17	17	17	17
LOC_399	32	29	29	26	26	29	31	29
LOC_400	14	15	15	16	16	15	15	15
LOC_401	14	13	13	13	13	13	13	13
LOC_402	14	14	14	14	14	15	14	14
LOC_403	14	14	14	14	14	12	12	14
LOC_404	10	11	10	10	10	10	10	10
LOC_405	16	16	16	16	16	17	16	16
LOC_406	18	19	20	19	19	19	17	19
LOC_407	17	18	19	20	20	17	17	17
LOC_408	15	14	12	13	14	15	15	14
LOC_409	16	15	15	15	15	15	15	15
LOC_410	16	16	17	16	17	15	15	16
LOC_411	15	14	14	13	13	15	14	14
LOC_412	19	19	16	16	16	18	19	19
LOC_413	20	20	22	23	23	20	19	20
LOC_414	15	14	15	15	15	15	15	15
LOC_415	14	14	14	15	15	14	14	14
LOC_416	19	17	19	19	20	19	19	17
LOC_417	15	15	14	14	14	15	15	14
LOC_418	14	14	14	14	14	16	14	14
LOC_419	16	15	15	15	15	16	16	15
LOC_420	12	13	13	13	16	12	12	13
LOC_421	17	17	15	16	15	17	15	17
LOC_422	23	23	23	24	23	21	22	23
LOC_423	9	9	9	9	9	9	9	9
LOC_424	20	21	17	19	19	20	21	20
LOC_425	15	16	16	14	16	16	16	16
LOC_426	17	17	17	19	18	17	15	17
LOC_427	20	20	21	22	20	21	21	20
LOC_428	16	16	16	18	16	16	16	16
LOC_429	20	17	20	22	22	19	19	19
LOC_430	19	18	18	18	16	20	20	19
LOC_431	19	19	19	19	19	18	19	19
LOC_432	14	14	14	15	15	14	14	14
LOC_433	24	23	22	22	22	25	25	23
LOC_434	19	19	19	19	19	19	20	19
LOC_435	26	26	26	27	26	26	27	25
LOC_436	21	23	22	22	21	23	22	24
LOC_437	22	21	20	23	22	22	22	22
LOC_438	22	23	24	22	20	22	22	23
LOC_439	16	15	15	15	15	16	16	16
LOC_440	20	21	21	20	20	20	20	20
LOC_441	18	16	18	17	18	16	16	16
LOC_442	22	23	22	22	22	22	22	22
LOC_443	18	18	18	18	18	19	18	18
LOC_444	20	20	20	21	20	20	20	20
LOC_445	22	22	22	22	23	22	22	22
LOC_446	17	20	19	19	19	17	17	18
LOC_447	18	18	17	18	18	18	18	18
LOC_448	29	27	25	24	30	27	27	28
LOC_449	17	17	17	17	17	17	17	17
LOC_450	20	20	20	22	20	21	21	20
LOC_451	15	14	14	14	14	16	16	14
LOC_452	19	19	19	19	19	19	19	19
LOC_453	18	16	16	16	16	18	19	18
LOC_454	21	20	21	20	20	21	21	21
LOC_455	16	16	16	16	16	16	16	16
LOC_456	15	15	17	17	17	15	15	15
LOC_457	22	22	23	21	22	21	21	22
LOC_458	14	16	16	16	16	17	16	16
LOC_459	7	7	7	7	7	7	7	7
LOC_460	19	18	18	20	18	18	17	18
LOC_461	13	14	14	14	14	13	13	14
LOC_462	21	21	21	21	21	21	22	21
LOC_463	25	26	26	25	24	25	23	25
LOC_464	18	18	19	18	18	18	18	18
LOC_465	26	26	24	26	26	26	24	25
LOC_466	24	22	21	22	21	23	25	24
LOC_467	19	19	19	21	20	19	19	19
LOC_468	14	14	14	15	15	14	14	14
LOC_469	23	23	20	19	19	23	23	23
LOC_470	20	20	19	19	19	23	24	23
LOC_471	19	21	21	20	20	17	18	19
LOC_472	17	16	16	16	16	18	18	16
LOC_473	22	21	22	21	22	19	19	21
LOC_474	15	15	14	17	17	15	15	15
LOC_475	16	16	17	17	16	16	16	16
LOC_476	16	16	17	17	17	16	16	16
LOC_477	19	21	19	19	19	19	19	19
LOC_478	16	16	16	16	18	17	17	16
LOC_479	18	17	19	19	19	17	17	17
LOC_480	17	17	17	17	17	18	17	17
LOC_481	13	16	16	16	16	13	13	16
LOC_482	17	17	17	17	17	17	17	17
LOC_483	23	24	24	24	24	22	22	24
LOC_484	26	26	27	21	21	25	22	25
LOC_485	18	17	17	18	17	18	18	17
LOC_486	23	24	24	23	24	24	23	23
LOC_487	17	17	17	16	16	16	17	17
LOC_488	23	23	23	23	23	24	26	23
LOC_489	18	18	18	17	17	20	18	18
LOC_490	15	14	14	15	14	14	14	14
LOC_491	21	21	22	22	22	18	18	21
LOC_492	20	19	19	19	19	20	20	20
LOC_493	26	27	27	26	28	29	29	27
LOC_494	17	18	19	19	19	17	17	17
LOC_495	24	23	24	23	24	22	26	23
LOC_496	22	22	22	23	23	22	23	22
LOC_497	20	20	19	21	20	20	20	20
LOC_498	8	8	8	8	8	8	9	8
LOC_499	26	22	22	23	21	25	25	21
LOC_500	18	19	21	20	21	19	19	19
LOC_501	17	17	17	17	15	19	19	17
LOC_502	28	26	22	22	22	27	27	27
LOC_503	7	7	7	7	7	9	9	7
LOC_504	15	15	14	14	14	16	16	15
LOC_505	21	18	22	23	24	20	21	21
LOC_506	15	14	15	14	14	14	14	14
LOC_507	14	14	14	14	14	14	15	14
LOC_508	18	18	18	20	18	18	18	18
LOC_509	19	19	19	19	19	19	22	19
LOC_510	20	20	21	20	20	20	20	20
LOC_511	20	20	20	20	20	20	20	20
LOC_512	22	22	19	22	22	23	22	23
