names	Run1_C_5	Run1_C_12	Run1_C_14	Run1_C_15	Run1_C_16	Run1_C_17	Run1_C_18	Run1_C_19	Run1_C_20	Run1_C_21	Run1_C_22	Run1_C_23	root
LOC_1	19	16	17	19	20	19	19	19	19	17	16	16	19
LOC_2	21	18	21	20	21	21	18	19	21	21	18	18	20
LOC_3	7	7	7	7	7	7	7	7	8	8	7	7	7
LOC_4	7	7	7	7	7	7	7	7	7	7	7	7	7
LOC_5	7	7	8	7	7	8	7	7	6	6	7	7	7
LOC_6	16	16	17	14	16	16	16	16	16	16	16	16	16
LOC_7	13	15	15	15	14	14	13	13	13	16	14	14	13
LOC_8	22	23	23	24	22	22	22	22	21	21	23	23	22
LOC_9	15	14	14	15	14	15	14	15	15	15	15	15	15
LOC_10	17	19	18	17	18	20	17	17	17	17	19	19	17
LOC_11	25	24	25	25	24	23	22	23	22	23	22	24	23
LOC_12	17	16	16	16	17	18	17	17	17	18	17	16	17
LOC_13	17	17	17	18	17	17	18	17	17	17	17	17	17
LOC_14	17	19	18	16	18	18	18	18	20	18	19	19	18
LOC_15	26	27	27	27	27	26	28	27	26	27	29	28	27
LOC_16	14	14	14	14	14	15	14	14	14	14	14	14	14
LOC_17	15	14	13	15	16	16	15	15	15	16	14	14	15
LOC_18	23	22	21	22	22	21	23	22	23	22	23	22	23
LOC_19	23	24	22	23	23	22	23	23	25	24	23	22	22
LOC_20	16	16	16	16	16	16	15	14	16	16	16	16	15
LOC_21	13	18	16	16	13	13	13	13	13	13	18	18	13
LOC_22	19	21	23	23	21	23	21	21	21	23	21	21	21
LOC_23	15	15	15	15	15	15	16	16	16	16	15	15	16
LOC_24	23	26	23	23	23	21	24	23	24	24	26	23	23
LOC_25	22	20	22	22	22	24	24	24	23	24	20	20	22
LOC_26	15	16	16	16	16	17	15	15	15	15	16	16	15
LOC_27	17	18	18	18	20	20	17	17	21	18	18	17	17
LOC_28	22	20	20	21	22	21	22	22	21	21	21	21	21
LOC_29	25	26	26	26	26	26	22	22	23	22	26	26	25
LOC_30	21	18	18	18	19	19	21	18	17	16	18	18	19
LOC_31	27	26	26	25	26	27	25	25	25	26	26	25	26
LOC_32	20	19	19	19	20	20	20	19	20	20	19	19	20
LOC_33	15	15	16	15	15	15	15	15	15	15	15	15	15
LOC_34	14	14	13	14	15	14	14	14	14	14	13	14	14
LOC_35	19	21	18	18	18	18	19	19	18	17	21	21	19
LOC_36	20	20	20	23	21	20	19	20	20	20	20	19	20
LOC_37	22	22	22	23	22	21	20	22	20	21	24	22	21
LOC_38	12	12	12	12	12	12	15	15	15	16	12	12	16
LOC_39	22	18	20	20	21	21	19	21	20	20	20	20	20
LOC_40	14	17	17	16	15	15	14	14	15	14	17	17	14
LOC_41	22	21	21	22	21	21	22	23	21	21	22	21	21
LOC_42	22	20	18	19	20	20	22	22	21	21	18	18	21
LOC_43	18	19	21	20	19	18	19	19	17	17	19	19	18
LOC_44	18	17	16	16	18	18	19	19	19	19	17	17	18
LOC_45	18	19	22	22	17	17	18	18	18	18	22	22	18
LOC_46	20	21	19	19	20	20	20	21	20	20	21	21	20
LOC_47	13	13	13	12	13	13	16	13	15	15	13	13	15
LOC_48	17	18	17	16	15	17	19	20	19	19	20	18	17
LOC_49	16	14	14	14	14	14	15	15	15	15	13	14	15
LOC_50	16	14	14	14	16	16	17	16	13	15	14	14	16
LOC_51	20	20	19	19	20	20	23	22	21	22	20	20	20
LOC_52	19	18	20	19	20	20	20	20	21	21	19	20	19
LOC_53	21	23	26	26	25	25	23	22	23	23	24	24	23
LOC_54	20	21	20	20	20	20	20	20	20	19	20	20	20
LOC_55	20	20	20	20	20	20	19	20	20	20	20	24	20
LOC_56	20	18	17	15	17	17	20	20	19	19	17	17	19
LOC_57	25	24	23	23	23	23	23	23	23	24	25	28	23
LOC_58	21	21	22	22	21	21	20	21	21	21	21	21	21
LOC_59	9	9	9	11	9	12	9	9	9	9	9	10	9
LOC_60	21	20	18	18	20	20	20	20	20	20	17	20	20
LOC_61	25	25	25	26	25	26	26	25	28	27	26	25	24
LOC_62	18	19	17	19	21	21	18	18	20	18	19	19	18
LOC_63	17	17	19	17	17	17	17	17	17	18	17	17	17
LOC_64	17	17	17	17	19	19	17	17	17	17	16	17	17
LOC_65	17	17	17	15	18	14	15	15	17	16	17	17	17
LOC_66	20	17	17	17	18	18	21	20	22	22	19	17	21
LOC_67	22	21	19	19	22	26	20	22	24	25	22	21	22
LOC_68	15	15	15	15	17	16	16	16	16	17	15	14	16
LOC_69	22	22	22	22	21	22	21	21	22	22	23	23	21
LOC_70	23	22	23	23	22	21	23	23	22	22	23	23	23
LOC_71	19	19	19	19	16	17	17	17	17	17	20	19	16
LOC_72	20	22	22	19	21	21	18	18	21	20	22	22	20
LOC_73	18	18	18	18	18	17	19	19	19	19	21	18	19
LOC_74	23	22	23	23	23	23	23	22	22	22	22	22	22
LOC_75	23	26	25	23	24	25	23	23	23	24	25	25	23
LOC_76	21	20	21	21	22	22	21	19	21	22	19	19	21
LOC_77	14	14	14	14	14	13	14	14	14	14	14	14	14
LOC_78	23	24	22	23	20	20	23	23	23	23	24	24	22
LOC_79	17	15	15	15	15	16	15	15	15	15	15	15	15
LOC_80	23	26	27	27	26	26	24	24	24	21	25	25	24
LOC_81	18	17	18	17	20	19	14	16	16	16	17	17	16
LOC_82	20	20	20	20	20	20	18	18	19	19	21	20	20
LOC_83	19	18	18	18	18	19	19	19	18	18	18	19	18
LOC_84	16	16	18	18	17	17	16	16	16	16	16	16	16
LOC_85	20	22	22	22	22	23	21	20	21	21	22	24	21
LOC_86	16	16	15	16	16	16	20	19	14	16	15	17	16
LOC_87	19	21	21	21	20	19	19	19	20	20	21	23	20
LOC_88	23	19	19	19	21	20	23	23	23	23	19	19	22
LOC_89	26	26	25	24	26	26	25	26	26	27	27	27	26
LOC_90	20	20	20	20	21	21	19	21	14	16	21	21	20
LOC_91	16	16	16	16	16	16	14	14	14	14	17	16	17
LOC_92	19	14	14	14	20	23	19	18	19	18	14	14	19
LOC_93	13	13	13	13	13	15	12	12	12	12	13	13	12
LOC_94	15	17	15	15	15	15	16	16	16	16	15	15	15
LOC_95	13	14	13	15	13	14	14	13	13	13	15	15	13
LOC_96	20	20	20	21	20	20	20	20	21	21	20	21	20
LOC_97	20	22	22	21	23	23	17	20	20	20	23	21	20
LOC_98	18	20	17	16	18	18	15	13	15	15	20	20	15
LOC_99	17	17	19	20	17	17	18	18	17	17	18	18	16
LOC_100	14	14	14	14	14	14	14	15	14	14	14	15	14
LOC_101	21	19	19	20	18	18	22	22	23	23	17	17	21
LOC_102	18	18	18	17	17	17	20	19	19	19	17	17	19
LOC_103	14	14	14	14	14	14	16	16	15	14	14	14	14
LOC_104	22	25	22	22	22	22	22	21	22	20	24	23	21
LOC_105	13	14	13	13	13	13	17	16	16	16	14	14	16
LOC_106	26	23	25	25	29	28	30	27	29	29	25	24	28
LOC_107	15	15	15	15	15	15	15	15	15	15	15	16	15
LOC_108	21	23	23	23	23	23	20	25	23	23	24	24	23
LOC_109	14	13	14	14	14	14	14	14	12	14	13	12	14
LOC_110	16	16	15	15	15	15	16	16	16	16	16	16	16
LOC_111	15	15	16	15	14	14	15	15	15	15	14	15	15
LOC_112	22	22	20	21	21	22	21	22	21	20	22	22	21
LOC_113	14	14	14	14	14	13	14	14	14	14	14	14	14
LOC_114	17	17	16	14	17	17	15	17	17	17	18	18	17
LOC_115	14	14	14	14	14	14	14	14	14	15	14	14	14
LOC_116	16	17	17	17	17	16	13	14	16	14	17	18	14
LOC_117	19	19	20	19	20	20	19	19	19	19	19	19	19
LOC_118	16	18	17	17	17	16	17	17	16	16	17	17	16
LOC_119	23	27	23	23	23	24	22	20	22	22	22	24	23
LOC_120	17	15	18	18	17	18	19	18	19	18	18	16	18
LOC_121	21	24	20	22	21	21	18	18	18	18	22	23	18
LOC_122	19	17	17	18	19	17	20	20	19	19	18	18	19
LOC_123	23	23	23	23	23	24	23	22	24	24	25	23	24
LOC_124	22	22	29	23	22	22	22	22	21	22	22	22	22
LOC_125	27	27	27	27	27	28	27	25	29	27	28	28	27
LOC_126	14	14	14	14	14	14	12	12	14	14	14	14	14
LOC_127	22	22	22	22	22	23	24	23	24	23	24	22	22
LOC_128	20	20	20	20	20	19	22	22	20	20	20	20	20
LOC_129	19	19	18	19	19	20	19	19	22	20	19	20	19
LOC_130	24	25	23	25	26	24	25	27	23	22	25	25	24
LOC_131	15	16	14	16	16	16	15	15	15	15	16	16	15
LOC_132	23	22	23	22	21	21	19	19	19	19	21	21	21
LOC_133	24	25	25	25	22	22	23	22	23	23	23	21	22
LOC_134	20	21	21	23	21	21	25	24	25	25	21	22	23
LOC_135	14	14	12	14	14	14	15	14	16	14	12	14	14
LOC_136	15	12	14	14	15	15	15	15	15	15	14	14	15
LOC_137	25	22	23	23	24	24	22	22	22	23	21	21	24
LOC_138	21	21	22	24	21	21	20	21	21	21	18	21	21
LOC_139	17	17	17	16	17	18	16	18	16	16	17	15	17
LOC_140	17	19	17	17	17	17	17	18	17	16	19	19	17
LOC_141	15	15	15	15	15	15	17	17	16	15	15	15	15
LOC_142	29	26	29	28	26	27	28	27	28	28	29	29	27
LOC_143	23	23	21	22	21	24	19	19	19	19	24	23	21
LOC_144	17	17	17	17	17	17	17	16	16	16	20	14	16
LOC_145	20	21	20	20	21	21	20	20	21	21	21	22	20
LOC_146	19	20	20	20	24	25	20	20	20	20	18	19	20
LOC_147	21	21	21	21	21	21	20	20	22	23	21	21	21
LOC_148	14	14	14	14	14	14	14	15	14	14	15	15	14
LOC_149	18	19	19	20	18	18	20	19	19	19	19	19	18
LOC_150	18	15	15	16	15	15	15	15	15	15	15	15	15
LOC_151	16	15	18	16	17	17	18	17	17	16	15	15	16
LOC_152	20	21	22	22	22	20	20	21	20	20	20	22	20
LOC_153	19	19	19	17	19	19	20	20	20	20	20	20	20
LOC_154	19	19	19	22	19	19	18	19	18	18	20	20	18
LOC_155	22	20	18	21	20	20	20	20	21	21	19	18	21
LOC_156	18	17	17	17	17	18	18	19	17	17	17	17	17
LOC_157	21	21	18	18	18	18	18	21	17	17	20	21	17
LOC_158	22	22	22	22	22	22	23	23	23	23	22	22	22
LOC_159	15	15	13	13	15	15	14	14	14	14	13	15	15
LOC_160	21	22	22	20	22	21	19	19	20	19	21	21	19
LOC_161	21	23	22	22	21	21	20	20	20	20	22	22	21
LOC_162	20	20	19	20	19	19	20	20	19	19	19	19	20
LOC_163	18	19	19	19	18	18	18	17	18	19	17	16	18
LOC_164	20	20	21	21	20	21	20	22	21	20	19	21	20
LOC_165	15	15	15	15	15	15	16	16	15	15	10	15	15
LOC_166	17	17	17	17	17	16	17	17	17	17	17	17	17
LOC_167	16	16	14	14	16	16	16	16	16	16	17	16	16
LOC_168	30	32	28	30	32	30	31	28	28	28	29	28	28
LOC_169	22	23	24	22	25	23	22	22	22	23	23	23	23
LOC_170	15	20	20	20	22	21	19	19	21	21	20	20	19
LOC_171	23	23	22	23	24	22	26	22	23	23	26	24	23
LOC_172	23	23	21	22	23	23	26	25	25	24	24	25	22
LOC_173	15	16	16	17	16	16	16	15	16	17	17	17	16
LOC_174	25	29	26	24	24	26	21	22	24	22	29	27	22
LOC_175	24	26	26	26	26	26	27	26	27	27	27	26	27
LOC_176	14	14	14	14	14	14	15	15	14	14	14	14	14
LOC_177	24	24	24	23	24	24	26	27	27	24	24	24	24
LOC_178	23	23	25	23	22	23	21	21	21	22	23	24	23
LOC_179	26	26	25	24	25	25	22	23	21	20	24	24	23
LOC_180	20	20	21	20	22	22	23	24	24	22	20	20	22
LOC_181	18	23	22	22	18	18	18	18	18	17	23	24	18
LOC_182	24	22	25	25	23	24	21	21	22	21	22	22	23
LOC_183	22	25	26	25	23	23	28	30	21	26	22	22	25
LOC_184	15	18	19	18	19	18	16	16	16	16	18	18	16
LOC_185	20	20	20	20	20	20	18	18	19	19	17	17	20
LOC_186	16	16	16	16	16	16	16	16	16	16	16	15	16
LOC_187	21	21	22	22	21	21	22	21	22	22	23	22	21
LOC_188	26	27	25	26	24	25	26	24	25	25	29	27	25
LOC_189	14	14	13	14	14	14	14	14	14	17	18	14	14
LOC_190	19	21	21	21	17	21	23	23	23	23	21	22	22
LOC_191	16	17	16	16	15	14	18	17	18	17	16	17	17
LOC_192	21	19	20	18	20	20	22	23	20	20	20	20	21
LOC_193	15	15	16	14	15	15	15	17	15	15	13	13	15
LOC_194	18	20	19	18	19	18	18	18	18	18	18	18	18
LOC_195	19	23	22	21	19	19	18	18	19	19	22	22	18
LOC_196	25	24	23	23	26	26	21	23	23	22	24	24	22
LOC_197	22	21	21	21	21	21	21	21	22	22	21	21	21
LOC_198	30	31	31	29	28	27	26	27	25	26	31	31	27
LOC_199	14	16	13	14	14	14	15	15	15	14	17	17	14
LOC_200	19	20	19	19	18	19	22	24	23	23	20	21	23
LOC_201	24	23	22	22	24	24	22	22	23	23	23	26	24
LOC_202	18	19	18	18	19	19	16	17	17	17	19	19	17
LOC_203	18	18	22	18	19	19	18	20	20	18	18	18	18
LOC_204	18	17	17	17	16	16	15	15	16	18	16	16	18
LOC_205	14	15	15	15	14	14	16	14	14	14	15	15	14
LOC_206	20	21	22	20	20	20	19	21	21	21	21	21	20
LOC_207	15	15	15	15	15	15	14	16	14	16	15	15	14
LOC_208	13	14	14	14	14	14	14	14	14	14	14	14	14
LOC_209	17	17	17	17	17	16	17	17	17	17	17	17	17
LOC_210	21	22	21	21	21	21	22	21	22	22	24	25	22
LOC_211	25	26	28	27	25	25	25	25	24	25	25	25	24
LOC_212	24	22	26	28	25	25	23	24	22	22	24	24	24
LOC_213	19	19	19	19	19	19	20	19	19	19	18	19	19
LOC_214	17	16	15	15	17	17	22	19	18	18	14	13	17
LOC_215	15	16	15	15	13	15	16	16	16	16	18	18	16
LOC_216	20	20	20	20	21	20	20	20	20	22	19	21	20
LOC_217	27	28	27	27	26	29	25	25	25	24	28	28	25
LOC_218	17	17	17	18	17	17	17	17	17	18	17	17	17
LOC_219	15	15	15	15	15	15	15	15	15	15	15	15	15
LOC_220	18	18	19	19	19	19	17	17	20	19	18	18	18
LOC_221	23	19	20	20	20	19	25	26	25	23	21	21	24
LOC_222	29	30	29	31	26	26	30	28	29	29	28	24	28
LOC_223	14	14	14	14	14	14	15	15	13	14	12	14	14
LOC_224	16	16	16	16	16	16	16	16	14	14	16	16	16
LOC_225	21	22	21	24	21	21	21	21	20	20	22	22	21
LOC_226	16	15	15	15	17	15	16	16	16	16	15	16	16
LOC_227	8	9	9	9	8	8	7	7	7	7	9	9	7
LOC_228	16	16	16	16	16	16	16	16	16	15	16	16	16
LOC_229	17	16	15	15	16	17	17	17	17	17	18	16	17
LOC_230	18	17	17	17	16	17	19	19	19	19	19	19	19
LOC_231	19	19	20	20	19	19	21	19	20	20	19	19	19
LOC_232	19	18	22	22	18	18	18	18	18	17	19	19	18
LOC_233	15	12	16	16	15	15	15	15	16	15	10	10	15
LOC_234	15	14	14	14	15	16	14	15	16	15	14	14	15
LOC_235	22	22	22	22	21	21	22	22	21	21	22	22	22
LOC_236	18	21	22	24	17	17	17	17	17	17	23	22	17
LOC_237	19	19	19	19	22	22	20	20	20	20	20	20	20
LOC_238	21	20	20	21	21	21	22	21	23	23	20	19	21
LOC_239	22	21	24	23	22	22	20	21	21	21	21	22	22
LOC_240	14	15	16	14	14	14	14	14	14	14	15	15	14
LOC_241	19	18	18	18	18	17	19	19	18	18	17	18	18
LOC_242	18	19	19	19	18	18	17	17	15	17	19	19	17
LOC_243	19	19	20	21	15	18	21	21	20	20	19	19	19
LOC_244	14	14	14	14	14	14	13	14	14	14	14	14	14
LOC_245	26	25	26	24	25	25	22	21	22	24	26	25	24
LOC_246	24	25	26	26	25	23	25	24	23	22	22	23	24
LOC_247	16	17	16	16	14	15	17	16	16	16	16	17	16
LOC_248	18	16	19	19	18	18	18	18	20	20	18	18	18
LOC_249	23	24	25	21	21	22	23	24	23	22	24	23	24
LOC_250	26	28	29	28	26	27	27	26	26	26	26	25	27
LOC_251	17	20	19	20	19	19	17	17	19	17	21	20	17
LOC_252	25	25	27	26	26	26	21	22	21	18	24	24	22
LOC_253	14	13	14	15	14	14	14	14	14	15	14	14	14
LOC_254	16	15	16	16	14	14	16	16	16	16	15	15	16
LOC_255	23	22	24	25	22	23	23	23	22	22	21	20	23
LOC_256	19	21	22	21	21	21	19	19	20	18	21	21	19
LOC_257	20	19	21	20	23	23	20	20	20	21	19	19	20
LOC_258	14	14	14	13	14	14	13	13	13	13	14	14	13
LOC_259	20	19	20	20	20	20	19	19	19	19	20	20	20
LOC_260	22	21	22	21	24	21	23	22	23	22	20	22	22
LOC_261	15	14	14	14	14	14	15	15	15	15	14	14	15
LOC_262	13	13	13	13	13	13	13	13	13	13	13	13	13
LOC_263	16	16	14	16	16	16	17	17	16	16	16	18	16
LOC_264	22	21	20	21	21	21	24	23	22	25	22	22	22
LOC_265	23	23	25	26	24	24	24	24	23	25	22	23	24
LOC_266	18	18	19	19	19	19	20	21	19	19	18	18	19
LOC_267	19	18	18	18	18	19	17	18	18	18	18	18	18
LOC_268	16	17	16	17	17	18	18	17	17	17	18	18	17
LOC_269	16	17	17	17	16	17	14	14	14	13	18	18	16
LOC_270	18	18	18	18	18	18	20	22	22	21	18	18	19
LOC_271	25	27	26	27	26	25	23	27	24	24	26	27	24
LOC_272	22	23	22	22	22	20	23	23	22	24	24	22	23
LOC_273	25	26	29	31	23	26	23	24	25	25	26	26	24
LOC_274	22	22	24	22	21	20	23	23	20	22	20	20	22
LOC_275	15	12	12	12	14	15	15	15	15	15	11	11	15
LOC_276	21	21	23	22	21	20	19	21	22	21	21	21	20
LOC_277	12	13	11	14	14	15	14	14	14	14	13	13	14
LOC_278	16	14	15	14	14	14	14	14	15	14	15	14	14
LOC_279	15	15	15	15	16	16	15	15	16	15	16	16	15
LOC_280	20	19	19	20	19	20	23	20	19	19	19	18	20
LOC_281	19	18	18	19	18	18	20	19	20	20	17	16	20
LOC_282	15	15	16	15	15	15	15	15	15	15	15	15	15
LOC_283	14	14	14	14	16	16	14	14	14	14	14	14	14
LOC_284	14	14	13	14	14	14	14	14	14	14	14	13	14
LOC_285	32	27	29	29	27	28	30	28	29	28	28	27	29
LOC_286	18	18	25	22	17	17	18	19	18	18	19	19	18
LOC_287	28	26	27	26	25	25	30	31	30	28	25	25	28
LOC_288	17	17	17	17	17	17	18	18	18	18	17	17	17
LOC_289	15	15	15	15	15	15	17	17	17	17	15	15	15
LOC_290	20	18	19	17	18	18	17	17	19	18	18	18	19
LOC_291	18	19	19	19	21	20	18	18	18	18	19	19	18
LOC_292	19	21	20	21	20	20	19	19	18	19	23	22	19
LOC_293	15	18	18	18	15	15	15	15	16	15	18	18	15
LOC_294	28	21	20	21	22	23	25	26	19	18	21	19	25
LOC_295	19	18	22	21	20	19	17	18	18	18	19	20	18
LOC_296	14	15	15	15	14	14	14	14	14	14	16	15	14
LOC_297	16	18	16	16	15	16	15	15	15	15	16	16	15
LOC_298	17	17	16	17	17	17	17	17	17	17	17	16	17
LOC_299	15	16	16	16	18	18	16	16	16	16	16	16	16
LOC_300	17	17	17	17	21	21	17	15	16	16	17	17	17
LOC_301	20	20	20	20	20	19	20	20	20	18	20	17	20
LOC_302	24	27	26	26	24	24	24	25	25	25	27	29	24
LOC_303	18	18	20	17	18	18	18	17	18	18	18	18	18
LOC_304	14	14	14	14	14	14	15	15	14	14	14	14	14
LOC_305	17	18	19	19	17	17	18	17	16	17	16	18	17
LOC_306	24	27	24	26	27	27	25	26	27	27	31	28	26
LOC_307	23	25	24	25	22	23	22	22	21	21	28	26	22
LOC_308	24	24	24	23	23	23	22	22	22	23	25	24	22
LOC_309	21	20	21	21	22	22	23	23	24	26	20	21	22
LOC_310	14	15	15	15	16	16	15	15	16	15	17	17	15
LOC_311	19	17	17	17	17	17	20	20	18	18	19	17	18
LOC_312	17	17	16	16	18	19	19	19	18	18	17	17	18
LOC_313	16	16	16	16	17	17	16	16	16	17	17	17	16
LOC_314	15	18	16	16	15	15	15	15	15	15	17	17	15
LOC_315	15	15	15	15	16	16	16	15	15	15	13	15	15
LOC_316	28	29	30	32	30	30	26	26	26	26	28	29	26
LOC_317	21	21	21	22	21	21	21	21	21	21	19	21	21
LOC_318	22	22	24	25	22	23	24	23	23	24	22	22	22
LOC_319	20	19	19	19	19	19	22	22	22	21	19	19	22
LOC_320	21	22	23	19	22	22	21	22	21	21	22	22	21
LOC_321	17	18	18	18	16	16	16	16	16	16	18	17	16
LOC_322	12	12	13	12	12	12	12	13	12	12	12	14	12
LOC_323	14	14	14	14	13	13	14	14	14	14	14	14	14
LOC_324	25	23	22	21	18	18	20	21	21	21	21	20	21
LOC_325	16	16	16	16	16	16	16	16	16	15	16	16	16
LOC_326	16	16	16	16	16	17	14	15	15	15	16	16	16
LOC_327	15	15	15	15	15	15	15	14	15	15	15	16	15
LOC_328	20	19	21	20	20	19	20	20	20	20	19	19	20
LOC_329	22	24	24	25	25	26	24	24	23	23	24	24	23
LOC_330	22	22	21	21	23	21	21	21	22	23	21	21	22
LOC_331	23	24	23	23	23	23	23	23	22	22	21	24	23
LOC_332	15	16	16	16	17	16	14	15	15	15	15	16	15
LOC_333	14	15	15	18	15	15	14	13	14	14	15	15	14
LOC_334	19	19	20	19	19	20	21	19	20	20	20	20	19
LOC_335	26	25	24	24	25	25	23	23	22	22	25	26	23
LOC_336	25	23	23	22	24	24	27	27	26	25	24	23	24
LOC_337	21	21	21	21	24	24	18	19	20	21	21	21	20
LOC_338	20	21	22	22	20	20	19	19	19	19	23	23	19
LOC_339	17	16	18	18	18	17	18	18	19	18	16	16	17
LOC_340	13	13	13	13	13	13	21	14	13	13	14	15	13
LOC_341	19	22	19	20	20	20	20	20	20	20	23	23	20
LOC_342	14	14	14	14	14	14	14	14	14	14	14	14	14
LOC_343	18	18	18	18	16	16	21	21	20	20	19	18	20
LOC_344	17	17	19	19	17	17	19	18	18	18	17	18	17
LOC_345	15	15	15	15	15	15	15	15	16	15	15	15	15
LOC_346	23	23	22	22	23	24	25	25	22	22	23	23	23
LOC_347	20	22	19	19	20	21	20	19	20	20	22	22	20
LOC_348	20	17	19	19	19	19	24	24	20	21	19	19	20
LOC_349	15	15	15	15	15	15	16	14	15	15	14	15	15
LOC_350	18	18	17	16	16	17	17	17	17	17	18	17	17
LOC_351	28	25	26	25	27	27	26	27	26	25	25	27	26
LOC_352	18	22	20	20	21	19	18	17	22	20	22	22	20
LOC_353	18	17	18	18	18	18	18	18	18	18	19	19	18
LOC_354	15	15	15	15	15	15	15	14	14	15	15	15	15
LOC_355	14	14	14	14	14	14	14	14	14	14	14	14	14
LOC_356	17	19	18	18	17	17	17	15	17	17	18	18	17
LOC_357	16	14	14	14	17	16	16	17	17	17	14	14	16
LOC_358	9	9	9	10	9	9	7	7	7	7	9	10	7
LOC_359	19	16	15	16	17	17	21	22	19	20	17	16	19
LOC_360	24	24	26	29	25	26	23	23	23	23	24	24	24
LOC_361	21	21	21	21	21	19	21	21	21	20	23	24	21
LOC_362	22	21	22	22	24	24	22	22	21	21	23	24	22
LOC_363	8	8	8	8	8	8	7	7	7	7	8	8	8
LOC_364	14	15	13	14	14	14	17	16	16	16	15	15	14
LOC_365	26	26	26	24	26	25	25	24	26	26	27	25	25
LOC_366	18	17	17	17	17	17	16	17	17	17	17	17	17
LOC_367	16	16	18	18	16	16	18	17	17	17	14	14	16
LOC_368	23	22	23	23	22	22	21	20	24	24	22	22	24
LOC_369	27	27	25	26	26	28	29	28	24	24	29	30	28
LOC_370	18	19	21	20	18	18	18	18	18	17	19	19	18
LOC_371	23	21	22	21	21	20	21	21	21	21	21	22	23
LOC_372	23	21	21	21	21	22	21	19	23	21	21	21	21
LOC_373	14	13	13	13	13	14	14	15	14	14	11	13	14
LOC_374	15	17	17	17	16	15	15	15	15	15	17	17	15
LOC_375	18	18	18	18	19	18	18	18	18	18	20	18	18
LOC_376	24	26	25	25	25	25	20	20	21	20	26	26	20
LOC_377	22	25	25	25	22	23	24	22	23	23	26	27	23
LOC_378	23	23	23	22	25	25	24	24	24	24	23	23	23
LOC_379	18	18	18	18	18	18	18	18	18	18	18	19	18
LOC_380	18	17	17	17	16	16	18	18	18	19	17	17	18
LOC_381	15	13	15	14	15	15	14	14	14	14	18	15	14
LOC_382	17	18	18	18	18	18	19	20	18	18	17	17	18
LOC_383	17	15	16	16	16	16	17	17	16	16	17	18	17
LOC_384	14	14	14	14	14	14	14	14	14	14	14	14	14
LOC_385	22	18	18	18	20	19	19	18	18	18	18	18	18
LOC_386	19	20	19	19	19	19	18	18	20	18	20	20	19
LOC_387	17	18	16	18	18	18	18	18	17	18	18	18	17
LOC_388	26	28	25	25	31	27	28	27	27	27	27	25	28
LOC_389	17	17	17	17	17	17	18	18	18	18	17	17	18
LOC_390	7	7	8	8	7	7	7	7	7	7	7	7	7
LOC_391	22	24	22	22	26	26	22	22	21	22	22	24	22
LOC_392	21	21	21	22	21	20	22	22	22	22	22	21	22
LOC_393	15	15	15	15	15	15	15	16	16	15	14	15	15
LOC_394	15	14	14	14	14	14	17	17	17	18	13	13	16
LOC_395	20	19	20	20	19	19	20	20	22	24	23	22	20
LOC_396	18	18	15	16	18	18	17	17	17	17	18	18	17
LOC_397	19	20	18	19	20	19	19	18	19	20	19	20	19
LOC_398	17	16	15	15	17	17	17	18	17	17	16	16	17
LOC_399	30	26	26	27	27	29	28	27	25	27	27	27	29
LOC_400	15	15	15	15	15	15	15	15	15	15	15	14	15
LOC_401	13	13	13	14	13	13	15	15	13	13	13	13	13
LOC_402	14	15	17	15	15	16	14	13	14	14	15	15	14
LOC_403	14	15	14	14	14	14	14	15	14	14	16	15	14
LOC_404	12	13	11	11	11	11	11	10	10	10	13	12	10
LOC_405	16	18	18	19	17	17	16	16	16	16	18	18	16
LOC_406	22	19	19	19	19	19	19	20	19	19	19	19	19
LOC_407	17	17	17	17	17	19	18	17	17	17	17	17	17
LOC_408	14	15	15	15	14	14	14	14	14	14	14	14	14
LOC_409	16	15	17	17	17	16	14	18	15	17	16	16	15
LOC_410	17	16	16	16	16	14	17	17	17	16	17	18	16
LOC_411	14	14	14	14	13	14	14	14	14	14	15	14	14
LOC_412	17	19	22	22	20	21	19	17	19	19	19	19	19
LOC_413	20	20	19	19	19	19	19	19	21	20	18	19	20
LOC_414	15	16	16	16	15	16	15	15	15	15	16	16	15
LOC_415	15	14	14	14	14	14	14	14	16	15	14	14	14
LOC_416	18	18	20	18	18	18	17	17	17	16	18	18	17
LOC_417	14	14	14	14	14	14	15	14	14	14	14	14	14
LOC_418	14	15	14	14	14	14	14	14	14	14	14	14	14
LOC_419	15	15	16	16	15	15	16	16	15	15	16	16	15
LOC_420	13	14	13	13	13	13	13	13	12	12	13	13	13
LOC_421	17	18	17	17	16	17	17	18	17	17	17	17	17
LOC_422	24	27	24	24	24	24	24	23	23	24	23	21	23
LOC_423	9	8	8	8	9	9	9	9	9	12	8	8	9
LOC_424	20	21	20	20	21	21	20	21	22	22	21	21	20
LOC_425	18	15	17	16	16	16	16	16	16	16	15	16	16
LOC_426	17	15	16	17	20	16	17	17	17	17	15	15	17
LOC_427	20	19	19	19	19	19	21	21	21	21	21	20	20
LOC_428	16	17	17	15	17	18	16	16	18	17	17	17	16
LOC_429	19	20	20	19	19	19	19	19	17	20	20	20	19
LOC_430	19	20	20	20	17	19	19	20	20	20	19	18	19
LOC_431	20	18	18	17	18	17	19	19	19	19	19	18	19
LOC_432	14	14	15	16	14	14	14	14	12	12	14	14	14
LOC_433	23	23	23	22	21	19	24	27	22	24	25	25	23
LOC_434	19	18	17	17	18	18	19	20	19	19	18	18	19
LOC_435	25	24	24	27	25	25	20	22	22	22	23	24	25
LOC_436	24	25	24	24	22	25	23	24	25	26	22	23	24
LOC_437	23	18	18	16	23	23	21	21	23	22	18	18	22
LOC_438	22	25	22	21	22	23	21	21	23	23	25	25	23
LOC_439	17	17	16	16	16	16	15	16	16	16	17	17	16
LOC_440	21	21	21	21	21	21	20	20	21	20	22	22	20
LOC_441	16	15	15	15	15	14	18	16	17	16	15	15	16
LOC_442	22	23	23	23	24	24	22	21	22	22	24	24	22
LOC_443	18	19	19	19	18	18	18	18	18	18	19	21	18
LOC_444	20	19	19	20	20	20	22	21	21	21	18	17	20
LOC_445	21	20	21	21	20	23	21	21	22	23	20	20	22
LOC_446	18	18	19	19	18	18	18	17	18	18	18	19	18
LOC_447	18	18	18	18	19	19	19	18	19	19	17	17	18
LOC_448	23	25	26	26	26	27	26	26	27	28	25	26	28
LOC_449	17	17	17	17	17	17	18	18	18	18	17	17	17
LOC_450	23	21	21	21	21	20	19	19	23	23	21	21	20
LOC_451	14	10	10	10	10	10	13	13	13	13	12	10	14
LOC_452	22	23	19	19	23	23	21	20	19	18	22	22	19
LOC_453	18	20	20	19	18	18	17	17	17	17	20	19	18
LOC_454	21	22	22	23	21	21	21	21	22	21	22	22	21
LOC_455	17	17	21	21	17	16	16	17	16	16	17	17	16
LOC_456	15	15	15	17	15	15	15	15	15	15	14	15	15
LOC_457	21	23	21	21	21	22	22	22	23	23	24	25	22
LOC_458	15	15	15	15	15	15	15	15	16	17	15	14	16
LOC_459	7	7	7	7	7	7	7	7	8	8	7	7	7
LOC_460	18	18	18	18	18	18	18	18	19	18	22	19	18
LOC_461	15	14	14	14	16	16	15	15	14	14	14	16	14
LOC_462	21	20	21	21	20	20	21	21	19	18	21	21	21
LOC_463	23	27	23	26	26	25	25	24	23	23	26	25	25
LOC_464	19	19	16	19	19	19	19	18	17	17	19	19	18
LOC_465	20	23	23	23	21	22	24	24	26	25	22	22	25
LOC_466	22	28	28	26	26	24	25	25	24	25	28	26	24
LOC_467	20	19	20	22	20	20	19	19	21	19	20	20	19
LOC_468	15	14	16	15	14	14	14	15	14	15	14	14	14
LOC_469	26	24	23	23	23	23	24	23	22	22	23	22	23
LOC_470	23	22	21	23	24	24	25	25	22	26	24	25	23
LOC_471	19	19	20	20	19	20	18	18	20	19	20	20	19
LOC_472	16	16	16	17	16	16	16	16	16	16	18	16	16
LOC_473	21	21	20	21	21	20	24	25	22	22	22	20	21
LOC_474	17	18	18	19	17	15	15	15	15	15	18	18	15
LOC_475	16	16	16	16	16	16	15	15	17	16	16	16	16
LOC_476	16	20	18	16	16	16	14	16	16	16	19	20	16
LOC_477	19	20	18	20	19	18	19	19	19	19	21	21	19
LOC_478	16	16	17	16	15	14	16	16	18	18	16	16	16
LOC_479	17	18	19	21	17	17	16	17	17	17	17	17	17
LOC_480	17	17	18	18	17	16	18	17	19	17	16	14	17
LOC_481	15	13	13	13	13	13	16	16	16	16	13	13	16
LOC_482	18	18	18	19	21	18	17	21	16	15	17	19	17
LOC_483	26	23	23	23	24	24	24	23	23	23	26	23	24
LOC_484	23	30	26	27	26	25	25	24	25	24	27	30	25
LOC_485	17	16	17	18	17	17	17	17	17	17	17	17	17
LOC_486	26	23	23	23	23	22	24	22	23	23	23	23	23
LOC_487	17	17	17	17	16	17	16	16	16	16	17	17	17
LOC_488	23	22	24	25	25	23	23	23	23	23	23	23	23
LOC_489	18	16	17	18	18	18	18	18	18	17	16	16	18
LOC_490	14	17	16	16	14	14	14	14	14	15	16	15	14
LOC_491	20	22	20	21	21	21	25	23	21	21	19	19	21
LOC_492	20	19	21	21	21	21	18	19	20	20	20	24	20
LOC_493	26	26	27	24	26	26	28	30	29	27	26	26	27
LOC_494	17	18	18	18	19	19	17	18	17	17	20	19	17
LOC_495	23	22	22	23	22	22	21	24	23	23	22	22	23
LOC_496	22	24	23	23	20	21	26	25	22	22	23	23	22
LOC_497	20	20	19	21	20	21	23	23	21	21	19	19	20
LOC_498	8	9	9	9	9	9	8	8	8	8	9	9	8
LOC_499	21	24	22	21	21	21	22	21	22	22	21	22	21
LOC_500	19	19	19	19	19	19	20	20	20	20	19	19	19
LOC_501	16	17	17	17	17	17	16	17	17	17	18	18	17
LOC_502	25	24	25	25	24	24	29	30	29	30	26	25	27
LOC_503	7	9	9	9	7	7	7	7	7	7	9	9	7
LOC_504	17	20	20	20	18	16	15	15	15	15	19	20	15
LOC_505	21	26	23	23	20	20	21	21	22	21	26	26	21
LOC_506	14	16	20	16	19	18	14	14	14	14	16	16	14
LOC_507	14	15	14	16	15	16	14	14	14	14	15	16	14
LOC_508	18	16	18	18	18	18	20	20	19	18	18	18	18
LOC_509	17	19	19	19	20	20	19	19	19	19	19	19	19
LOC_510	20	20	20	20	23	23	20	20	20	20	20	20	20
LOC_511	21	19	19	19	21	21	20	20	20	20	19	19	20
LOC_512	22	22	22	21	19	18	23	25	22	23	22	22	23
LOC_513	15	17	17	17	16	16	17	17	17	18	17	17	16
LOC_514	14	13	13	13	11	15	14	14	14	14	11	11	14
LOC_515	18	19	17	19	19	19	18	18	18	18	19	19	18
LOC_516	18	18	18	18	18	18	19	19	18	18	18	18	18
LOC_517	19	19	19	19	22	19	18	18	18	18	18	19	19
LOC_518	21	23	22	21	22	22	23	22	21	22	21	21	21
LOC_519	18	18	19	18	17	18	17	17	17	17	17	18	17
LOC_520	21	22	21	21	20	20	21	21	20	20	20	20	20
LOC_521	16	16	16	16	16	16	15	16	15	15	17	17	16
LOC_522	18	21	20	20	19	19	18	17	17	17	19	19	19
LOC_523	19	19	19	19	21	19	17	17	18	20	19	19	18
LOC_524	23	24	24	23	24	22	23	22	22	23	24	23	22
LOC_525	18	18	18	18	18	18	18	18	18	18	19	19	18
LOC_526	14	14	15	15	14	14	13	13	13	13	13	13	14
LOC_527	18	20	19	19	21	22	18	18	18	20	21	20	18
LOC_528	17	15	17	17	17	17	18	18	21	18	17	17	18
LOC_529	18	16	17	16	16	16	15	15	15	15	16	17	16
LOC_530	14	13	14	14	15	14	14	15	14	14	13	13	14
LOC_531	22	22	22	23	23	22	22	22	23	22	25	22	22
LOC_532	15	16	16	16	17	17	15	15	16	16	15	15	16
LOC_533	19	21	20	19	19	19	20	20	18	18	19	21	19
LOC_534	18	18	18	18	18	18	18	18	18	18	18	18	18
LOC_535	19	19	18	18	19	19	21	20	19	20	19	19	20
LOC_536	16	16	16	16	18	19	17	17	16	16	16	16	16
LOC_537	21	22	21	22	25	23	21	21	19	19	21	21	21
LOC_538	22	21	21	21	21	19	21	21	20	20	22	18	21
LOC_539	33	28	27	25	30	29	34	31	31	31	26	26	30
LOC_540	27	27	27	31	29	29	26	26	27	28	26	26	27
LOC_541	16	15	16	16	16	16	17	17	15	15	15	15	14
LOC_542	17	17	16	16	17	17	17	18	18	18	17	18	17
LOC_543	20	20	20	21	20	20	20	20	21	21	21	20	20
LOC_544	12	12	12	12	12	12	12	12	12	12	11	12	12
LOC_545	17	17	17	17	17	17	16	18	18	18	18	18	17
LOC_546	19	18	19	19	18	18	20	18	18	18	18	18	18
LOC_547	22	20	20	22	24	23	23	21	22	24	18	19	22
LOC_548	27	28	27	27	34	31	29	28	26	26	30	28	28
LOC_549	16	16	17	17	17	16	16	16	17	17	16	16	16
LOC_550	25	24	24	22	23	24	24	24	24	25	21	23	24
LOC_551	17	14	14	14	15	15	17	15	15	15	14	16	15
LOC_552	16	16	16	16	16	16	16	16	16	15	16	16	16
LOC_553	19	19	19	19	23	24	19	19	20	20	17	16	18
LOC_554	14	14	14	14	14	14	14	14	12	12	12	14	14
LOC_555	21	21	20	20	20	20	21	21	21	20	21	21	22
LOC_556	17	18	18	16	17	17	16	16	17	17	20	18	17
LOC_557	20	18	20	20	21	21	21	21	21	21	20	19	21
LOC_558	18	17	16	17	20	18	18	19	18	18	17	17	18
LOC_559	16	16	19	16	18	17	17	17	16	16	17	17	16
LOC_560	21	19	19	19	21	21	21	21	21	21	19	19	21
LOC_561	25	23	22	22	24	23	24	23	25	25	23	23	24
LOC_562	26	21	21	21	21	21	22	23	21	21	21	21	22
LOC_563	26	28	26	27	28	26	26	26	30	26	29	28	27
LOC_564	19	18	20	18	20	20	18	18	18	18	19	19	18
LOC_565	20	21	22	21	20	20	19	19	20	20	22	21	19
LOC_566	15	18	14	14	16	16	17	17	15	15	18	19	15
LOC_567	24	23	24	24	24	23	22	24	23	22	25	25	23
LOC_568	18	18	18	18	18	19	19	19	18	18	18	18	18
LOC_569	17	19	17	17	17	17	17	17	17	17	22	21	17
LOC_570	21	17	17	18	17	17	19	19	19	21	17	17	19
LOC_571	17	17	16	16	17	19	17	17	18	17	17	17	17
LOC_572	17	17	17	16	17	17	16	16	16	16	17	17	17
LOC_573	19	19	18	19	19	18	19	20	19	19	19	19	19
LOC_574	20	21	20	21	20	19	23	24	22	22	19	21	21
LOC_575	19	19	19	20	19	19	17	17	17	16	19	19	17
LOC_576	18	18	18	18	19	18	17	17	18	18	18	18	18
LOC_577	12	13	12	12	12	12	11	12	12	12	13	13	12
LOC_578	14	14	14	14	14	14	14	14	14	14	14	14	14
LOC_579	20	21	23	22	20	20	19	19	21	19	20	20	20
LOC_580	14	14	14	14	14	14	14	14	14	14	17	14	14
LOC_581	19	19	19	19	19	19	18	18	17	17	19	19	18
LOC_582	18	19	19	19	18	18	18	17	18	18	19	19	18
LOC_583	14	14	14	15	14	17	14	14	14	14	14	16	14
LOC_584	19	18	18	18	20	22	19	19	19	19	21	21	20
LOC_585	14	17	16	16	17	17	13	13	14	16	17	17	14
LOC_586	20	19	20	20	21	21	24	21	23	23	16	19	20
LOC_587	12	13	12	12	12	12	14	14	12	12	13	13	12
LOC_588	28	26	25	27	28	26	29	28	27	27	27	25	28
LOC_589	8	7	7	7	8	8	8	8	8	8	8	8	8
LOC_590	14	14	14	14	12	12	14	14	14	14	14	14	14
LOC_591	17	17	18	18	17	17	17	17	17	17	16	17	17
LOC_592	12	12	12	12	12	12	11	11	11	9	12	12	11
LOC_593	14	15	15	15	14	14	14	14	15	15	15	15	14
LOC_594	25	27	25	24	26	26	24	27	25	25	25	25	26
LOC_595	18	17	18	18	17	18	19	21	18	18	16	16	18
LOC_596	29	26	25	26	27	26	23	24	25	24	26	25	26
LOC_597	20	20	20	20	20	20	21	23	20	20	20	20	20
LOC_598	22	21	21	21	21	20	22	22	21	21	21	21	21
LOC_599	25	25	25	27	24	25	28	26	27	27	24	24	29
LOC_600	24	23	24	24	24	24	28	30	27	26	24	23	26
LOC_601	15	14	14	14	14	14	14	14	14	16	11	11	14
LOC_602	14	14	13	13	14	14	14	14	14	14	14	14	14
LOC_603	19	19	18	18	17	18	17	17	17	17	18	19	17
LOC_604	26	27	26	26	26	26	25	25	24	25	25	28	26
LOC_605	22	24	23	22	25	26	23	23	23	21	24	24	23
LOC_606	16	17	15	15	15	15	14	14	14	14	17	17	14
LOC_607	19	20	20	19	20	20	19	21	14	17	20	18	19
LOC_608	21	20	22	20	23	22	24	24	24	24	20	21	24
LOC_609	29	25	25	25	30	31	32	29	26	26	28	26	30
LOC_610	16	17	19	17	16	16	17	17	16	16	18	17	16
LOC_611	22	23	22	22	21	20	24	24	21	22	25	22	22
LOC_612	14	15	17	15	15	15	15	15	14	14	16	16	15
LOC_613	26	29	23	22	24	25	25	26	25	25	31	31	27
LOC_614	30	32	31	31	29	27	27	30	25	25	27	29	29
LOC_615	19	19	19	18	19	20	16	16	16	16	20	19	18
LOC_616	22	22	22	23	22	22	23	20	21	22	27	25	22
LOC_617	28	28	29	33	29	31	28	28	28	27	28	28	29
LOC_618	17	18	18	18	18	18	19	17	20	21	18	18	19
LOC_619	22	21	20	19	23	22	26	20	28	24	21	21	21
LOC_620	24	24	21	21	23	23	24	24	23	23	24	24	24
LOC_621	25	25	20	23	22	23	25	25	25	26	23	23	25
LOC_622	23	24	23	24	23	23	22	23	23	23	24	25	23
LOC_623	23	23	23	22	22	24	22	23	24	24	23	23	23
LOC_624	20	20	23	23	20	20	20	19	20	22	23	20	20
LOC_625	14	16	14	14	18	14	13	13	14	14	14	14	14
LOC_626	16	15	17	16	16	16	16	16	16	16	15	16	16
LOC_627	14	13	13	13	14	14	14	14	14	14	12	12	14
LOC_628	17	21	18	20	18	17	17	17	17	17	18	18	17
LOC_629	22	22	23	22	21	21	20	20	21	21	22	22	20
LOC_630	16	19	19	19	18	18	17	15	18	17	20	19	16
LOC_631	19	18	19	19	20	18	19	19	18	22	22	21	19
LOC_632	16	16	16	15	16	16	16	16	16	16	16	16	16
LOC_633	20	22	23	21	22	22	21	21	21	21	25	25	20
LOC_634	22	21	22	21	20	21	22	22	21	21	21	21	22
LOC_635	18	17	18	18	18	18	19	19	18	18	17	17	18
LOC_636	17	18	18	18	17	17	17	16	17	17	18	18	17
LOC_637	15	15	15	15	15	15	18	15	15	12	15	15	15
LOC_638	18	17	15	16	18	19	18	19	18	18	17	16	18
LOC_639	24	24	22	22	21	23	24	23	22	23	23	24	24
LOC_640	21	20	21	21	20	20	22	19	19	17	17	19	20
LOC_641	20	22	25	25	20	20	20	20	22	20	21	22	20
LOC_642	29	26	25	25	29	28	29	30	31	27	25	26	28
LOC_643	21	20	21	20	21	21	22	22	22	22	20	20	22
LOC_644	22	21	20	21	20	21	22	21	23	22	21	21	22
LOC_645	18	17	17	18	16	16	18	18	17	18	18	18	18
LOC_646	16	14	16	16	17	17	18	16	16	16	14	14	16
LOC_647	14	14	14	14	15	14	14	14	14	14	14	14	14
LOC_648	15	14	14	14	15	15	15	15	15	16	14	15	15
LOC_649	16	16	14	15	15	16	17	17	17	17	16	16	17
LOC_650	22	20	20	20	20	19	21	25	23	23	22	22	24
LOC_651	15	15	15	15	15	14	15	15	14	14	15	15	15
LOC_652	16	16	16	16	16	17	16	16	16	17	16	16	16
LOC_653	25	25	24	25	22	23	25	24	24	24	28	26	24
LOC_654	21	21	21	22	22	22	21	20	21	20	21	21	21
LOC_655	24	24	23	23	23	27	24	23	22	24	22	23	24
LOC_656	15	18	18	18	16	18	15	15	15	15	18	18	15
LOC_657	14	16	14	14	14	14	16	16	17	16	16	16	16
LOC_658	24	27	26	26	23	24	25	26	24	29	23	24	25
LOC_659	18	19	18	18	18	18	17	17	17	17	18	18	18
LOC_660	16	15	13	13	16	16	16	18	16	17	15	15	16
LOC_661	9	9	9	9	9	10	9	9	9	9	9	9	9
LOC_662	16	16	18	16	16	16	16	16	16	16	17	16	16
LOC_663	19	20	19	19	17	19	17	15	18	18	15	14	18
LOC_664	24	26	24	25	27	26	31	29	27	28	23	25	26
LOC_665	12	12	12	12	12	12	12	12	13	12	12	12	12
LOC_666	24	23	27	23	24	26	23	25	26	23	22	22	23
LOC_667	17	18	18	18	18	19	16	16	16	16	17	17	17
LOC_668	21	21	20	20	19	20	20	20	20	20	21	19	20
LOC_669	21	22	21	21	20	20	26	25	25	24	20	21	23
LOC_670	13	13	15	15	14	14	15	14	14	14	15	15	14
LOC_671	16	16	16	16	17	16	16	16	16	16	16	16	16
LOC_672	23	21	20	20	21	23	23	22	22	21	21	21	21
LOC_673	21	26	22	20	22	22	23	23	23	23	21	22	21
LOC_674	21	22	23	24	22	22	20	22	21	21	25	25	21
LOC_675	18	21	21	21	18	19	18	18	17	17	21	22	18
LOC_676	20	20	23	21	20	20	20	20	20	20	21	21	20
LOC_677	16	16	16	19	17	17	16	16	16	16	16	17	16
LOC_678	19	21	21	21	19	19	20	20	22	22	20	19	20
LOC_679	16	16	16	16	16	16	16	15	16	15	16	16	15
LOC_680	18	20	20	20	19	19	18	18	18	17	20	20	18
LOC_681	16	17	16	17	16	16	16	16	16	16	16	17	16
LOC_682	15	15	15	15	15	15	14	14	14	14	17	18	14
LOC_683	21	22	21	21	23	21	20	22	17	20	23	23	22
LOC_684	30	27	31	29	29	28	28	27	28	29	26	26	28
LOC_685	23	22	22	23	25	24	21	25	22	21	22	22	23
LOC_686	17	17	17	18	17	15	17	17	17	17	17	17	17
LOC_687	21	19	23	23	19	19	22	22	21	21	19	19	21
LOC_688	24	27	25	27	26	25	25	24	25	24	27	26	24
LOC_689	23	25	24	24	24	24	20	19	20	20	24	25	23
LOC_690	22	22	21	22	23	23	22	23	21	22	22	22	21
LOC_691	20	19	19	21	20	20	20	20	24	20	16	16	20
LOC_692	20	20	20	18	19	19	19	19	19	19	20	20	19
LOC_693	19	19	19	19	19	20	21	19	23	19	19	19	19
LOC_694	16	16	15	15	16	16	16	16	16	16	16	16	16
LOC_695	17	18	18	18	18	19	18	18	18	18	20	19	17
LOC_696	22	21	24	25	23	23	22	22	26	24	20	20	23
LOC_697	22	23	23	22	21	23	22	22	22	22	23	23	22
LOC_698	27	27	26	27	30	27	30	31	30	28	24	22	28
LOC_699	15	16	15	16	15	15	14	13	15	15	15	15	15
LOC_700	17	16	15	15	18	18	16	17	17	17	16	16	17
LOC_701	16	17	15	15	16	15	17	14	15	15	18	17	16
LOC_702	22	22	22	22	22	22	21	21	21	20	20	23	21
LOC_703	29	30	31	29	27	25	30	28	27	27	32	30	29
LOC_704	33	31	30	29	28	28	26	26	29	31	30	33	28
LOC_705	19	20	18	20	20	22	18	18	18	18	20	22	19
LOC_706	21	22	21	21	25	23	21	21	22	23	22	22	21
LOC_707	18	18	18	18	18	18	16	16	18	18	18	18	18
LOC_708	29	26	30	28	30	27	28	30	27	30	26	28	30
LOC_709	30	27	26	27	29	29	31	29	28	27	27	28	29
LOC_710	21	20	20	20	20	20	21	20	20	20	20	20	20
LOC_711	12	12	12	12	12	12	12	11	12	12	11	11	12
LOC_712	23	27	27	28	26	28	23	23	23	22	27	25	23
LOC_713	25	21	21	21	23	23	22	23	22	21	23	24	23
LOC_714	15	15	17	17	16	15	16	15	15	15	16	15	15
LOC_715	17	23	18	18	18	18	15	15	15	15	19	18	16
LOC_716	28	25	26	25	27	28	26	28	29	27	25	26	28
LOC_717	33	27	29	27	30	31	33	32	31	33	27	27	30
LOC_718	18	18	19	19	19	19	16	17	17	17	18	18	17
LOC_719	28	23	26	26	29	30	31	33	28	27	26	28	29
LOC_720	31	25	27	26	27	27	29	30	29	30	28	25	30
LOC_721	29	26	26	26	27	28	27	25	29	28	26	26	28
LOC_722	16	14	16	17	17	16	16	14	16	16	16	16	16
LOC_723	21	23	21	21	21	21	21	21	22	23	24	24	21
LOC_724	31	26	31	31	30	32	23	23	29	28	28	25	28
LOC_725	18	16	16	16	16	16	20	20	19	20	16	16	19
LOC_726	25	25	27	27	25	24	23	24	25	25	25	24	23
LOC_727	21	22	22	22	22	22	22	23	21	21	22	22	21
LOC_728	17	19	20	20	18	18	19	18	21	20	19	20	18
LOC_729	29	29	31	31	30	30	29	32	24	24	33	33	27
LOC_730	28	28	29	29	25	25	26	27	29	27	29	30	30
LOC_731	24	23	23	23	24	23	27	24	27	26	22	23	27
LOC_732	16	16	16	16	16	16	15	15	17	17	16	16	17
LOC_733	22	24	24	24	21	20	23	23	25	22	27	26	22
LOC_734	24	28	25	25	29	25	26	28	25	25	27	26	27
LOC_735	28	32	32	32	26	27	25	29	27	27	32	32	28
LOC_736	21	20	18	18	19	18	20	20	23	21	20	21	20
LOC_737	20	20	20	20	21	22	16	17	18	18	19	19	17
LOC_738	26	26	28	26	25	24	29	30	25	25	26	25	27
LOC_739	16	16	16	16	16	16	16	16	16	16	16	16	16
LOC_740	21	21	21	21	21	21	22	21	21	21	20	20	21
LOC_741	25	25	28	28	23	29	23	23	24	24	27	27	25
LOC_742	21	21	21	21	20	21	22	21	25	25	23	23	22
LOC_743	20	20	21	19	20	20	19	20	22	23	21	21	20
LOC_744	17	14	14	17	14	14	14	14	14	14	15	14	14
LOC_745	16	16	16	15	17	17	18	16	16	16	16	15	16
LOC_746	27	24	28	27	24	26	29	26	29	29	25	28	28
LOC_747	16	17	17	17	16	16	18	17	17	17	17	17	16
LOC_748	15	13	15	15	15	15	16	17	16	16	13	13	15
LOC_749	22	22	22	22	22	22	18	18	21	21	22	22	21
LOC_750	22	23	22	22	22	22	21	21	20	23	21	21	22
LOC_751	17	18	18	18	20	20	18	20	18	18	18	18	18
LOC_752	25	23	24	24	23	22	21	21	21	22	26	25	23
LOC_753	22	24	23	23	23	23	20	20	21	21	26	24	22
LOC_754	26	28	28	26	27	28	29	31	33	31	28	28	27
LOC_755	19	16	16	15	16	16	16	16	16	16	16	16	16
LOC_756	16	14	16	16	16	16	16	16	16	16	20	20	16
LOC_757	16	16	16	16	16	16	16	16	16	16	18	17	16
LOC_758	13	13	13	13	13	14	13	13	13	13	13	14	13
LOC_759	19	21	21	21	21	21	20	20	19	20	21	21	19
LOC_760	16	15	14	19	15	15	13	13	13	13	17	15	16
LOC_761	20	20	20	20	20	19	19	19	19	20	20	20	20
LOC_762	16	15	14	16	16	17	16	16	16	16	15	15	16
LOC_763	28	25	31	30	24	26	27	28	25	26	25	25	26
LOC_764	22	25	23	23	23	23	22	23	22	21	27	26	22
LOC_765	29	29	28	30	32	30	28	28	27	28	30	27	27
LOC_766	15	15	16	17	15	15	17	17	13	15	18	15	15
LOC_767	18	19	19	19	19	19	18	18	20	18	19	19	18
LOC_768	25	22	24	23	22	23	27	29	25	26	23	25	26
LOC_769	22	21	24	26	26	26	23	23	23	24	26	25	25
LOC_770	25	24	26	24	27	27	26	27	26	26	26	25	26
LOC_771	24	23	23	23	23	25	24	23	23	26	23	22	23
LOC_772	21	20	19	21	21	21	20	21	19	20	19	20	21
LOC_773	16	15	16	16	16	16	16	16	16	16	15	16	16
LOC_774	26	24	25	24	26	26	26	27	26	25	23	23	25
LOC_775	20	20	23	25	20	20	19	21	20	21	20	20	20
LOC_776	21	21	21	21	20	23	24	22	22	21	20	22	21
LOC_777	25	26	25	26	27	25	27	29	27	29	28	26	26
LOC_778	16	16	17	16	16	16	17	16	16	16	16	16	16
LOC_779	20	22	19	20	20	20	19	19	20	20	20	20	20
LOC_780	26	28	29	28	26	26	25	24	24	25	27	30	26
LOC_781	26	23	27	27	28	29	26	27	25	23	24	24	26
LOC_782	15	14	14	14	14	14	14	14	14	14	14	14	14
LOC_783	26	28	29	30	26	25	26	25	26	26	28	26	26
LOC_784	25	23	24	25	25	24	27	26	25	25	22	21	26
LOC_785	24	26	26	25	23	24	24	24	26	26	24	25	24
LOC_786	26	26	27	26	25	26	25	23	26	26	26	26	26
LOC_787	21	21	22	23	22	22	21	24	21	21	23	23	21
LOC_788	27	24	25	23	24	25	23	26	25	26	24	25	26
LOC_789	18	18	19	18	18	18	20	17	18	18	19	19	18
LOC_790	26	27	25	24	27	24	24	24	25	24	27	29	26
LOC_791	27	29	30	29	26	26	23	23	25	25	31	32	26
LOC_792	15	16	16	16	16	16	17	18	17	17	16	16	16
LOC_793	18	19	20	20	19	19	18	18	18	18	19	19	19
LOC_794	22	20	21	20	19	22	18	18	20	20	21	22	20
LOC_795	22	24	26	25	23	24	21	22	18	21	22	23	21
LOC_796	18	17	18	18	18	18	18	18	18	18	18	17	18
LOC_797	26	26	28	26	28	26	27	27	27	27	28	26	27
LOC_798	28	26	31	28	27	27	23	24	27	29	27	28	26
LOC_799	26	30	31	31	28	26	27	27	25	24	30	26	26
LOC_800	9	9	9	9	9	8	10	10	10	10	9	9	9
LOC_801	27	26	26	26	26	26	29	29	28	27	25	26	26
LOC_802	27	27	28	25	27	27	26	26	23	23	26	26	26
LOC_803	20	18	18	19	20	20	20	20	20	20	17	18	20
LOC_804	16	16	16	17	16	16	17	16	17	16	16	15	16
LOC_805	16	17	16	16	16	16	12	14	16	17	17	17	16
LOC_806	17	17	17	17	17	17	17	17	16	16	17	17	17
LOC_807	16	15	17	16	16	16	16	16	14	14	15	16	16
LOC_808	18	18	18	18	19	17	22	20	21	20	19	18	20
LOC_809	26	25	25	25	28	29	26	27	29	27	23	27	26
LOC_810	17	18	18	17	17	17	16	16	17	17	18	19	17
LOC_811	19	20	19	19	19	19	20	20	20	20	19	19	19
LOC_812	19	18	19	19	21	22	17	19	19	19	18	18	19
LOC_813	26	27	25	25	29	28	24	25	24	25	26	25	26
LOC_814	27	28	26	26	26	26	22	24	28	29	30	29	26
LOC_815	25	25	26	28	25	25	28	28	26	26	24	24	26
LOC_816	14	14	14	14	14	14	16	16	16	16	14	14	16
LOC_817	22	23	22	22	23	23	20	22	20	22	24	23	22
LOC_818	24	22	22	22	22	20	24	26	27	27	23	23	25
LOC_819	7	7	7	7	8	7	7	7	7	7	7	7	7
LOC_820	16	16	16	16	16	16	16	17	17	16	16	17	16
LOC_821	25	27	25	24	25	26	25	25	24	25	25	26	28
LOC_822	25	26	28	28	27	24	24	25	24	24	27	27	25
LOC_823	15	15	16	15	18	15	15	15	15	15	17	15	15
LOC_824	21	20	20	20	19	21	21	20	22	22	20	21	21
LOC_825	22	23	23	24	25	24	26	26	24	25	25	24	25
LOC_826	17	17	18	17	17	17	18	18	19	18	17	17	18
LOC_827	21	21	21	21	22	21	19	19	21	21	20	23	21
LOC_828	19	21	21	20	21	19	19	19	20	19	19	19	19
LOC_829	16	16	15	15	15	15	18	17	17	16	16	16	16
LOC_830	26	24	24	24	22	23	24	24	29	23	24	24	25
LOC_831	26	26	25	25	24	28	25	24	25	23	26	23	25
LOC_832	17	16	17	16	18	18	17	17	16	16	16	16	16
LOC_833	12	12	12	12	12	12	15	14	14	14	12	12	14
LOC_834	21	22	21	21	21	21	21	21	21	21	19	19	21
LOC_835	25	25	27	23	24	26	26	26	26	25	25	23	25
LOC_836	16	19	16	17	17	17	15	15	14	15	19	19	15
LOC_837	12	14	14	13	12	12	12	12	12	12	12	12	12
LOC_838	24	24	24	24	24	21	26	25	23	23	24	25	23
LOC_839	19	20	19	19	19	20	18	18	18	18	18	18	18
LOC_840	20	18	18	18	20	20	20	20	22	23	18	18	20
LOC_841	14	15	15	15	14	14	14	14	14	14	15	15	14
LOC_842	25	24	25	25	23	24	26	26	25	26	24	24	25
LOC_843	18	21	19	17	18	18	17	18	17	17	19	18	17
LOC_844	26	26	25	26	29	26	27	26	28	28	27	26	26
LOC_845	26	23	28	30	24	26	23	23	24	24	25	24	25
LOC_846	18	18	17	17	18	18	18	19	18	18	18	18	18
LOC_847	25	27	24	27	25	25	25	24	25	25	28	28	25
LOC_848	19	20	20	20	21	22	18	19	20	21	20	20	19
LOC_849	26	25	26	24	27	26	28	29	23	24	25	24	25
LOC_850	17	18	17	17	16	16	17	17	18	18	18	18	17
LOC_851	25	27	26	26	25	26	22	22	23	23	25	25	23
LOC_852	15	15	16	15	14	15	15	15	17	14	15	15	15
LOC_853	26	23	25	25	23	24	23	23	25	25	23	24	25
LOC_854	27	26	28	26	26	25	22	23	22	22	26	23	25
LOC_855	18	18	18	16	18	18	18	17	17	17	18	18	18
LOC_856	22	26	27	25	24	23	30	31	28	28	26	27	26
LOC_857	29	29	27	30	28	29	29	29	28	28	26	28	29
LOC_858	14	14	15	15	14	14	14	14	14	12	15	15	14
LOC_859	14	14	14	14	14	14	13	15	14	15	14	14	14
LOC_860	22	23	22	21	22	22	23	23	20	20	22	22	22
LOC_861	17	14	15	15	14	14	15	17	17	17	14	14	17
LOC_862	15	16	15	15	15	16	16	15	15	15	15	15	15
LOC_863	20	23	23	23	23	23	20	20	20	20	22	23	20
LOC_864	24	23	23	26	23	25	25	25	25	24	23	23	24
LOC_865	26	26	26	28	31	27	25	27	26	24	28	30	25
LOC_866	24	23	24	26	24	25	24	24	24	24	26	25	25
LOC_867	18	16	18	19	17	17	18	18	18	18	20	20	18
LOC_868	28	26	26	26	26	27	26	26	26	27	25	26	25
LOC_869	21	22	23	23	25	23	22	22	24	24	22	21	21
LOC_870	13	14	13	13	13	13	13	12	13	14	13	13	13
LOC_871	14	13	17	14	14	13	15	16	15	14	13	13	14
LOC_872	24	25	24	25	25	28	27	26	25	25	27	29	25
LOC_873	17	16	16	16	15	15	17	17	18	17	16	16	17
LOC_874	23	24	20	20	22	22	24	24	23	22	22	20	24
LOC_875	18	20	18	18	18	18	17	17	17	17	19	19	18
LOC_876	17	17	18	18	17	17	17	17	14	15	17	16	17
LOC_877	26	23	20	21	25	27	25	24	26	27	24	25	25
LOC_878	26	22	22	22	23	22	24	25	26	27	21	22	25
LOC_879	25	26	24	24	26	26	26	26	24	24	26	26	25
LOC_880	23	28	27	26	28	30	23	23	25	23	26	29	25
LOC_881	17	17	18	19	17	17	19	20	17	18	19	18	17
LOC_882	20	18	19	19	20	20	19	19	24	22	19	19	20
LOC_883	26	27	26	26	27	26	27	26	25	25	26	25	25
LOC_884	15	15	15	15	15	15	15	16	15	15	15	15	15
LOC_885	17	18	18	18	17	17	19	17	20	20	18	18	17
LOC_886	28	25	24	25	26	24	25	24	24	23	26	25	25
LOC_887	24	26	25	28	26	27	25	24	26	26	29	27	25
LOC_888	24	26	23	26	24	25	26	26	25	25	24	25	25
LOC_889	24	25	24	23	24	24	22	23	21	23	24	24	23
LOC_890	22	20	21	22	22	22	22	22	23	24	20	20	22
LOC_891	25	25	25	23	27	27	25	24	26	25	25	25	25
LOC_892	23	21	24	22	22	21	20	20	21	21	21	22	22
LOC_893	19	19	19	20	19	19	20	19	19	19	19	19	19
LOC_894	19	17	20	20	20	20	19	19	17	17	20	20	18
LOC_895	24	24	21	21	25	25	26	26	23	23	22	23	24
LOC_896	27	26	25	27	25	26	26	26	28	25	25	25	25
LOC_897	15	15	15	15	17	15	17	17	17	17	15	15	17
LOC_898	24	24	24	24	26	23	25	26	25	24	24	25	25
LOC_899	25	24	24	25	23	23	24	23	23	22	23	23	25
LOC_900	24	24	24	23	24	24	25	25	22	23	23	23	24
LOC_901	25	25	28	27	26	27	24	25	25	25	23	24	25
LOC_902	23	25	25	27	24	24	24	26	23	23	24	23	23
LOC_903	28	27	26	26	24	27	25	24	28	27	22	27	25
LOC_904	15	16	16	16	13	13	15	15	15	15	16	16	14
LOC_905	25	26	24	25	28	26	26	26	24	25	26	26	25
LOC_906	14	15	14	15	15	15	15	15	15	15	17	17	15
LOC_907	18	18	18	18	18	18	19	19	18	18	14	14	18
LOC_908	21	24	23	23	20	20	22	20	24	22	23	24	22
LOC_909	25	21	21	20	25	24	25	27	26	25	21	21	25
LOC_910	17	17	18	17	17	19	19	18	19	19	17	16	17
LOC_911	19	19	19	17	21	19	17	17	18	18	20	20	19
LOC_912	11	11	11	11	11	11	11	11	11	12	11	11	11
LOC_913	18	19	18	18	18	19	19	19	18	19	19	19	18
LOC_914	25	23	24	24	23	23	24	24	25	27	20	21	25
LOC_915	26	27	24	26	26	25	22	24	23	25	26	27	25
LOC_916	18	19	19	20	20	19	17	18	17	18	21	19	18
LOC_917	15	15	14	15	15	15	16	16	17	17	17	17	15
LOC_918	16	16	16	16	16	16	18	17	17	17	16	16	16
LOC_919	14	14	14	14	14	14	14	14	14	13	14	14	14
LOC_920	18	21	21	22	21	20	19	19	19	19	19	19	18
LOC_921	16	16	16	15	16	17	18	16	14	16	17	16	16
LOC_922	22	23	23	25	23	24	22	22	23	23	24	25	22
LOC_923	23	26	28	27	25	26	25	25	25	25	23	24	25
LOC_924	28	20	22	22	26	24	25	26	24	28	22	21	25
LOC_925	14	15	14	14	14	16	14	14	14	14	15	15	14
LOC_926	24	24	24	24	24	24	27	30	29	29	22	23	25
LOC_927	25	24	23	25	27	24	24	24	24	25	24	23	25
LOC_928	26	24	24	24	25	25	30	26	26	24	21	22	25
LOC_929	14	15	15	15	15	15	12	12	15	15	15	15	15
LOC_930	10	10	10	10	10	10	10	10	12	10	10	10	10
LOC_931	21	21	22	22	21	20	25	27	25	26	21	21	24
LOC_932	23	25	23	23	23	23	24	23	23	26	24	26	24
LOC_933	24	25	30	26	23	23	26	25	24	25	24	24	24
LOC_934	24	22	22	23	24	23	24	23	25	24	23	23	24
LOC_935	16	16	18	17	17	16	17	17	18	17	18	17	17
LOC_936	23	24	25	25	24	25	21	24	25	26	25	26	23
LOC_937	23	24	25	24	26	24	26	29	26	26	25	25	24
LOC_938	17	19	18	18	19	17	19	19	18	18	16	16	17
LOC_939	19	19	19	20	19	19	20	20	22	19	19	23	19
LOC_940	19	17	19	19	20	23	23	21	18	18	18	18	19
LOC_941	14	15	16	14	14	14	14	14	14	14	15	15	14
LOC_942	23	24	28	28	25	28	23	26	22	24	24	26	24
LOC_943	21	22	21	20	20	20	20	20	19	20	22	22	20
LOC_944	17	17	18	20	17	17	20	19	20	21	17	17	18
LOC_945	18	17	18	18	17	17	17	17	17	17	17	17	17
LOC_946	24	25	25	24	26	25	24	24	23	24	27	25	24
LOC_947	26	25	23	22	24	24	27	25	24	25	28	26	24
LOC_948	20	20	19	19	20	20	19	20	20	20	20	20	20
LOC_949	23	23	22	24	22	22	23	24	23	24	21	21	23
LOC_950	24	20	22	22	24	24	23	22	23	24	22	22	24
LOC_951	17	20	19	19	18	18	20	20	19	19	20	20	20
LOC_952	20	19	19	19	19	20	20	20	21	22	19	19	20
LOC_953	23	24	24	24	22	23	25	25	26	26	22	23	24
LOC_954	22	23	22	22	22	23	21	22	22	22	24	25	22
LOC_955	24	25	25	25	24	24	23	23	23	24	25	25	24
LOC_956	25	28	28	28	26	25	22	25	23	23	26	27	24
LOC_957	23	25	23	25	24	22	24	24	21	23	29	27	24
LOC_958	16	17	17	17	16	16	16	16	17	17	17	17	16
LOC_959	18	18	18	22	18	18	18	19	18	18	18	18	18
LOC_960	25	23	26	25	25	24	24	24	24	24	23	23	24
LOC_961	26	26	25	26	27	26	25	24	28	25	26	26	25
LOC_962	24	23	24	23	23	23	22	23	24	25	23	23	24
LOC_963	25	23	23	22	26	25	24	23	26	28	21	20	24
LOC_964	14	15	14	14	14	14	16	16	16	16	17	14	16
LOC_965	22	22	22	22	22	23	23	24	23	25	21	21	23
LOC_966	19	22	20	22	21	20	20	20	21	20	25	24	20
LOC_967	26	22	23	23	24	26	23	25	24	25	23	23	24
LOC_968	24	26	25	24	24	22	24	24	24	23	27	24	24
LOC_969	18	20	18	19	18	19	18	19	18	18	19	20	18
LOC_970	19	19	19	19	21	21	20	19	19	19	20	17	19
LOC_971	23	18	19	20	24	23	23	24	23	22	20	20	24
LOC_972	22	22	28	23	21	24	28	25	25	20	23	24	24
LOC_973	32	30	33	31	32	28	25	25	27	27	33	33	30
LOC_974	14	14	12	12	15	15	15	15	15	15	14	14	14
LOC_975	14	13	15	14	14	14	15	14	14	14	14	14	14
LOC_976	27	25	25	22	29	31	28	30	30	30	25	24	29
LOC_977	17	17	17	17	17	16	17	17	18	18	16	16	17
LOC_978	18	18	18	18	18	18	17	17	17	17	18	18	17
LOC_979	26	26	26	27	25	26	26	26	24	24	26	26	25
LOC_980	18	16	16	16	16	16	14	16	16	16	16	16	16
LOC_981	23	23	23	23	22	22	21	22	21	21	23	23	22
LOC_982	13	14	14	14	14	14	14	15	15	14	14	14	14
LOC_983	25	23	26	25	27	29	23	24	26	25	24	24	24
LOC_984	25	23	25	23	23	24	26	24	21	19	25	23	24
LOC_985	15	17	16	16	15	16	14	14	14	14	17	17	14
LOC_986	17	18	16	17	17	17	19	19	17	17	17	17	17
LOC_987	21	27	25	25	25	25	25	25	24	24	27	28	24
LOC_988	17	17	17	17	17	17	20	20	18	18	17	19	18
LOC_989	24	27	24	23	25	24	24	26	24	24	26	24	24
LOC_990	24	25	23	25	24	24	26	27	24	25	24	23	24
LOC_991	15	17	15	15	15	17	15	15	15	15	15	15	15
LOC_992	23	22	22	23	22	22	22	22	24	23	22	22	23
LOC_993	18	17	16	18	16	15	20	18	20	21	17	16	19
LOC_994	26	28	24	24	22	26	25	22	25	24	22	24	24
LOC_995	25	24	24	24	24	24	22	24	24	25	27	29	24
LOC_996	24	26	25	23	24	24	24	23	24	24	27	26	24
LOC_997	21	23	21	21	21	21	22	22	23	23	21	22	24
LOC_998	14	14	14	14	13	13	16	16	14	14	14	14	14
LOC_999	23	23	23	23	23	23	22	22	23	23	24	23	24
LOC_1000	23	24	23	22	21	21	21	21	21	21	21	22	21
LOC_1001	18	19	19	19	19	19	20	20	21	21	17	19	19
LOC_1002	23	25	25	25	25	27	24	24	26	23	26	27	24
LOC_1003	24	23	22	24	22	24	27	28	25	26	21	21	24
LOC_1004	17	17	17	16	17	17	17	17	18	18	17	17	17
LOC_1005	7	7	7	7	7	7	8	8	8	8	7	7	7
LOC_1006	25	25	25	25	25	25	24	24	23	23	25	25	24
LOC_1007	19	18	19	17	20	21	20	20	18	19	17	16	18
LOC_1008	21	20	21	22	20	22	20	20	24	23	21	21	21
LOC_1009	24	22	22	22	21	22	23	24	24	24	22	22	24
LOC_1010	15	16	14	14	15	15	15	15	15	15	15	15	15
LOC_1011	24	24	24	25	24	25	23	23	23	23	26	24	24
LOC_1012	23	24	23	25	24	25	24	24	27	25	24	24	24
LOC_1013	23	24	26	26	23	24	27	24	24	24	25	25	24
LOC_1014	24	23	23	23	21	25	22	22	21	22	21	22	23
LOC_1015	17	16	16	16	16	17	16	16	15	16	16	16	16
LOC_1016	14	14	14	14	14	14	14	14	15	14	14	14	14
LOC_1017	24	29	29	30	20	24	26	25	19	23	30	28	24
LOC_1018	24	22	22	22	25	24	24	24	21	23	22	22	24
LOC_1019	15	14	14	14	14	14	15	15	15	17	14	11	15
LOC_1020	24	24	24	23	24	22	25	24	25	23	27	26	23
LOC_1021	16	16	16	16	16	13	15	15	15	15	16	16	15
LOC_1022	25	23	23	23	24	22	24	24	23	24	23	23	24
LOC_1023	23	24	23	23	23	23	22	22	22	22	26	28	24
LOC_1024	29	32	32	30	29	30	29	30	27	29	29	32	29
LOC_1025	14	14	14	14	14	14	14	14	14	14	14	14	14
LOC_1026	22	22	22	24	23	21	24	22	22	23	24	24	22
LOC_1027	24	23	21	21	25	27	26	23	22	22	22	22	24
LOC_1028	7	6	6	6	8	7	7	6	7	7	6	6	7
LOC_1029	19	19	17	18	19	19	19	19	18	18	19	19	19
LOC_1030	24	26	25	25	23	24	27	29	25	25	26	27	24
LOC_1031	23	22	25	24	25	24	24	24	24	23	22	23	23
LOC_1032	10	10	10	10	10	10	10	10	10	10	10	10	10
LOC_1033	22	23	21	22	21	20	22	22	22	22	22	22	24
LOC_1034	25	24	23	22	20	25	23	24	26	27	24	24	24
LOC_1035	24	23	24	24	26	27	23	23	23	23	28	22	23
LOC_1036	13	13	13	13	13	13	15	15	15	15	13	13	15
LOC_1037	22	22	23	22	22	22	24	24	25	24	22	22	24
LOC_1038	20	20	21	21	23	22	20	21	20	20	21	23	20
LOC_1039	15	15	15	15	15	15	15	15	15	15	16	18	15
LOC_1040	21	21	21	20	22	23	22	22	24	22	21	23	21
LOC_1041	22	21	23	23	23	23	24	25	24	25	23	25	24
LOC_1042	12	13	12	12	12	12	12	12	12	12	13	13	12
LOC_1043	16	16	16	16	17	17	16	15	17	16	15	16	16
LOC_1044	14	17	15	15	15	16	14	15	14	14	15	15	14
LOC_1045	24	23	21	22	23	21	28	30	24	24	23	22	24
LOC_1046	24	23	23	23	23	26	23	23	23	23	22	23	24
LOC_1047	21	22	20	23	22	21	21	21	21	21	20	20	21
LOC_1048	21	22	22	21	22	23	21	21	21	21	22	21	21
LOC_1049	24	24	23	24	23	24	25	24	23	26	25	23	24
LOC_1050	24	25	25	26	26	26	26	26	24	24	25	26	24
LOC_1051	25	23	21	23	23	23	23	23	22	22	23	23	23
LOC_1052	18	18	19	18	18	18	18	19	18	18	18	18	18
LOC_1053	17	17	17	17	18	17	18	18	18	18	17	18	17
LOC_1054	22	19	21	23	21	24	23	22	23	22	19	19	24
LOC_1055	14	12	12	12	14	14	14	14	15	16	12	12	14
LOC_1056	21	21	21	21	20	22	23	25	23	22	20	21	21
LOC_1057	24	21	21	21	21	21	23	23	27	25	21	21	22
LOC_1058	16	16	16	17	16	16	16	16	16	16	16	16	16
LOC_1059	20	21	21	21	21	21	21	21	21	21	22	22	21
LOC_1060	23	25	24	23	25	25	23	26	25	26	25	24	24
LOC_1061	23	26	31	29	27	27	24	24	24	23	28	27	24
LOC_1062	19	19	19	19	19	19	18	18	19	19	21	19	19
LOC_1063	24	23	22	21	24	23	24	23	25	23	25	25	23
LOC_1064	14	14	14	14	14	14	14	14	16	14	14	14	14
LOC_1065	24	25	25	22	29	29	28	30	24	25	24	23	24
LOC_1066	23	26	22	23	22	22	25	24	24	26	22	24	24
LOC_1067	16	18	16	16	17	17	15	15	16	15	17	17	15
LOC_1068	23	29	24	27	26	26	26	26	23	23	27	26	23
LOC_1069	16	15	16	16	16	16	16	16	16	16	16	15	16
LOC_1070	17	17	17	17	17	16	17	17	17	17	17	17	17
LOC_1071	24	24	21	24	25	24	22	24	23	26	25	22	23
LOC_1072	23	24	25	24	23	25	22	22	23	22	26	25	23
LOC_1073	25	28	25	24	24	25	25	24	24	24	23	24	23
LOC_1074	16	16	16	16	16	16	15	14	17	17	16	16	16
LOC_1075	17	17	19	17	17	17	17	17	19	19	17	17	17
LOC_1076	26	27	27	27	26	26	25	25	25	27	26	27	24
LOC_1077	14	14	14	14	14	14	15	15	15	14	16	16	15
LOC_1078	24	25	25	25	25	25	24	24	23	23	24	23	24
LOC_1079	18	18	18	18	18	18	16	17	17	15	18	17	17
LOC_1080	18	18	18	18	18	18	18	18	17	18	18	18	18
LOC_1081	20	20	20	20	21	21	20	20	20	20	21	21	20
LOC_1082	16	16	13	16	16	16	16	16	17	16	16	16	16
LOC_1083	19	19	19	20	17	16	19	19	18	18	19	20	19
LOC_1084	15	15	14	15	15	15	16	16	16	16	15	15	16
LOC_1085	25	23	23	23	24	24	22	22	22	23	23	23	23
LOC_1086	22	20	22	23	24	22	26	23	22	22	23	23	22
LOC_1087	20	20	18	18	20	20	20	20	20	20	20	20	20
LOC_1088	23	23	22	23	22	23	22	22	22	23	23	22	24
LOC_1089	24	27	26	26	25	25	26	25	27	28	28	26	26
LOC_1090	24	23	26	25	23	24	22	23	23	23	26	25	23
LOC_1091	18	18	18	18	18	18	19	20	19	19	19	18	18
LOC_1092	20	20	19	20	20	20	18	19	20	20	20	20	20
LOC_1093	17	19	18	19	19	19	16	17	17	17	20	19	17
LOC_1094	16	15	17	17	16	16	16	16	16	16	15	16	16
LOC_1095	16	16	16	16	16	16	16	15	16	17	16	17	16
LOC_1096	14	14	14	14	14	14	14	14	14	14	15	15	14
LOC_1097	23	26	26	26	23	23	21	21	22	24	24	27	21
LOC_1098	24	23	23	22	24	25	23	23	23	22	21	24	23
LOC_1099	23	22	21	24	22	22	23	22	23	23	23	26	23
LOC_1100	23	22	23	23	25	22	24	23	23	23	22	22	23
LOC_1101	23	24	25	25	25	25	21	23	21	24	21	22	23
LOC_1102	28	27	24	24	24	24	22	23	25	25	23	24	23
LOC_1103	14	14	14	14	14	14	16	16	15	14	14	14	14
LOC_1104	23	26	24	24	24	24	24	22	26	24	27	26	23
LOC_1105	23	21	22	21	21	21	23	23	22	22	21	21	23
LOC_1106	20	18	20	21	20	20	21	20	21	21	20	21	21
LOC_1107	23	22	22	22	22	22	23	23	23	23	24	22	23
LOC_1108	24	23	23	23	23	23	23	23	21	21	23	24	23
LOC_1109	25	23	23	23	24	23	23	23	27	26	24	24	23
LOC_1110	16	16	16	16	17	16	16	17	16	16	16	17	16
LOC_1111	27	27	25	25	24	23	26	25	24	24	26	26	25
LOC_1112	15	13	15	15	14	14	15	15	15	15	15	17	15
LOC_1113	15	15	15	15	15	15	14	15	16	16	15	15	16
LOC_1114	17	17	17	17	17	17	19	19	17	18	17	18	17
LOC_1115	15	15	15	16	15	15	15	15	15	15	15	15	15
LOC_1116	24	25	24	25	25	25	24	23	23	23	26	25	23
LOC_1117	19	19	20	19	21	21	19	19	19	19	17	17	19
LOC_1118	23	24	26	26	24	24	24	24	26	27	24	24	24
LOC_1119	23	23	24	24	24	25	24	24	23	23	24	26	23
LOC_1120	28	30	27	26	26	22	28	26	28	27	30	31	28
LOC_1121	24	22	24	23	21	23	21	22	24	23	25	23	23
LOC_1122	24	24	23	23	23	24	23	23	22	24	22	24	23
LOC_1123	20	20	20	21	20	20	20	19	19	19	20	20	20
LOC_1124	15	14	15	15	16	16	15	15	14	14	14	14	14
LOC_1125	18	17	17	17	19	19	16	18	17	19	17	17	18
LOC_1126	14	15	15	15	17	15	14	14	14	15	15	15	15
LOC_1127	24	22	23	23	24	24	25	24	23	24	21	23	23
LOC_1128	24	24	26	23	23	24	23	22	20	23	27	25	23
LOC_1129	24	28	25	24	23	24	23	23	24	25	26	27	23
LOC_1130	14	14	14	14	15	16	14	14	14	14	14	14	14
LOC_1131	14	14	14	14	11	13	14	14	13	14	14	14	14
LOC_1132	24	20	21	23	21	21	25	26	23	23	21	21	23
LOC_1133	14	15	20	17	14	16	14	14	14	14	15	15	14
LOC_1134	15	16	16	16	16	16	15	15	14	15	16	16	15
LOC_1135	16	17	17	17	17	17	16	16	17	17	17	17	16
LOC_1136	14	14	16	16	14	14	14	14	14	14	14	14	14
LOC_1137	12	12	12	12	12	12	13	12	12	11	12	13	12
LOC_1138	25	24	26	25	25	25	26	26	27	28	24	24	24
LOC_1139	19	18	18	18	20	19	20	20	19	19	18	18	19
LOC_1140	24	21	20	20	24	24	27	27	27	27	23	19	24
LOC_1141	24	26	24	25	26	26	20	20	22	21	24	25	21
LOC_1142	28	29	28	28	29	29	29	29	29	28	25	28	29
LOC_1143	22	23	27	25	24	25	26	26	24	26	25	25	23
LOC_1144	26	25	23	23	25	25	23	22	22	19	25	24	24
LOC_1145	24	19	24	21	20	20	22	23	21	21	20	20	23
LOC_1146	24	17	17	17	19	20	24	23	22	23	15	18	23
LOC_1147	27	26	25	26	28	29	27	27	26	27	26	26	27
LOC_1148	23	23	23	22	23	23	24	25	21	19	23	23	23
LOC_1149	24	23	23	24	23	23	24	23	22	23	23	24	23
LOC_1150	16	17	16	16	15	15	16	16	16	16	17	17	16
LOC_1151	20	22	22	22	18	18	21	20	20	20	22	22	20
LOC_1152	23	22	23	22	23	23	23	23	23	23	24	23	23
LOC_1153	22	22	20	20	22	22	21	20	24	23	22	22	23
LOC_1154	24	20	21	23	20	21	24	25	26	23	20	20	23
LOC_1155	29	31	30	30	30	32	28	26	28	28	31	29	29
LOC_1156	17	17	17	17	17	18	21	19	20	22	17	17	17
LOC_1157	21	21	21	21	22	23	22	22	21	21	20	22	21
LOC_1158	17	16	16	16	18	17	20	20	19	20	16	16	17
LOC_1159	22	21	19	22	21	21	23	23	23	23	20	19	23
LOC_1160	14	14	16	16	14	14	16	16	16	16	16	14	14
LOC_1161	6	5	6	6	6	6	7	7	8	7	6	6	7
LOC_1162	13	13	13	13	13	13	13	13	15	14	12	12	13
LOC_1163	15	16	17	17	15	15	15	15	15	15	16	16	15
LOC_1164	17	19	20	20	19	19	17	18	18	18	19	19	18
LOC_1165	24	27	27	26	24	25	22	22	22	23	27	27	23
LOC_1166	24	23	23	23	22	22	24	24	23	24	23	26	23
LOC_1167	15	15	15	15	15	15	15	15	15	15	15	18	15
LOC_1168	24	23	25	24	23	23	23	22	22	23	23	23	23
LOC_1169	22	23	23	24	22	22	23	22	25	27	22	23	22
LOC_1170	16	17	17	17	17	17	18	17	17	17	14	14	16
LOC_1171	23	25	24	26	27	24	23	23	23	22	25	24	23
LOC_1172	23	24	23	22	23	24	23	23	25	24	24	24	23
LOC_1173	15	14	15	15	14	16	16	15	15	15	14	14	15
LOC_1174	23	20	23	24	26	24	20	23	23	21	21	21	23
LOC_1175	22	22	24	21	26	24	22	22	22	21	20	22	22
LOC_1176	18	15	18	18	18	18	20	20	20	20	19	19	18
LOC_1177	15	17	15	15	15	15	18	18	17	17	15	15	17
LOC_1178	17	17	20	17	17	15	13	13	13	13	17	17	16
LOC_1179	23	22	23	22	26	25	22	22	22	23	23	25	23
LOC_1180	23	25	22	24	23	22	23	23	25	25	24	27	23
LOC_1181	19	18	20	20	20	19	19	19	19	18	18	18	19
LOC_1182	23	24	25	25	25	22	23	23	23	23	24	25	23
LOC_1183	21	23	22	24	23	23	24	23	25	23	22	20	23
LOC_1184	23	20	21	21	23	23	23	23	24	23	21	21	23
LOC_1185	23	21	21	21	21	21	24	26	21	22	22	23	22
LOC_1186	16	16	16	16	16	16	16	13	15	15	16	16	16
LOC_1187	15	15	15	16	15	15	14	14	15	19	15	15	15
LOC_1188	22	23	26	26	22	22	22	25	24	25	25	25	23
LOC_1189	15	16	14	14	14	15	18	18	13	14	15	15	15
LOC_1190	19	19	19	19	19	19	20	20	21	21	20	19	19
LOC_1191	23	23	25	23	22	23	22	25	22	22	24	23	23
LOC_1192	24	23	22	23	23	22	18	18	21	21	23	22	23
LOC_1193	16	14	16	16	15	15	15	15	15	15	14	14	15
LOC_1194	20	20	20	20	20	20	20	19	17	20	20	20	20
LOC_1195	13	13	13	13	13	13	14	14	14	14	13	13	14
LOC_1196	15	16	17	16	17	17	15	15	15	15	16	15	15
LOC_1197	26	27	25	25	25	26	24	24	24	24	26	27	24
LOC_1198	17	18	17	17	16	18	16	16	18	16	17	17	16
LOC_1199	16	16	16	16	16	16	15	15	16	16	16	16	15
LOC_1200	22	21	22	22	21	21	20	19	21	21	22	22	20
LOC_1201	16	17	17	18	16	16	16	16	16	16	17	16	16
LOC_1202	14	14	14	14	14	14	14	14	15	15	14	14	14
LOC_1203	17	16	16	16	16	16	16	16	16	17	17	16	16
LOC_1204	23	23	23	23	22	23	21	18	21	21	23	23	23
LOC_1205	18	19	18	18	16	18	18	18	18	18	19	19	19
LOC_1206	17	17	17	17	18	18	17	17	17	17	17	16	17
LOC_1207	20	22	21	21	18	21	21	21	21	21	24	22	21
LOC_1208	17	19	17	19	17	18	17	17	18	18	18	18	18
LOC_1209	15	15	16	16	15	15	15	15	15	14	15	15	15
LOC_1210	23	23	23	25	21	21	24	23	21	23	23	23	23
LOC_1211	21	20	22	19	21	21	22	22	22	22	21	21	22
LOC_1212	23	21	21	21	21	21	23	26	22	22	23	20	22
LOC_1213	28	29	30	28	28	25	25	26	24	26	27	29	26
LOC_1214	19	17	17	17	17	17	18	18	19	19	17	17	19
LOC_1215	23	23	24	22	23	23	23	24	24	24	25	26	23
LOC_1216	16	14	15	15	16	16	18	20	16	16	14	14	16
LOC_1217	14	15	13	15	15	15	14	13	13	13	20	21	14
LOC_1218	19	19	19	20	18	18	22	22	21	21	19	20	19
LOC_1219	16	16	16	16	16	16	17	15	16	16	16	16	16
LOC_1220	21	22	20	21	21	21	21	21	21	21	23	22	21
LOC_1221	22	25	21	21	23	23	21	22	22	22	23	24	23
LOC_1222	23	22	23	23	22	22	24	24	24	24	22	23	23
LOC_1223	13	13	11	11	11	13	13	13	13	13	13	13	13
LOC_1224	25	25	26	27	26	27	26	26	26	25	27	28	25
LOC_1225	22	22	22	21	22	21	23	23	21	20	23	22	21
LOC_1226	23	21	21	22	22	22	23	24	23	23	22	22	23
LOC_1227	18	20	19	20	17	19	22	22	24	21	20	20	18
LOC_1228	16	15	15	15	15	16	15	15	16	15	16	15	15
LOC_1229	23	24	30	28	23	24	22	22	23	21	24	25	23
LOC_1230	22	19	17	17	19	19	19	19	19	19	20	18	19
LOC_1231	24	24	25	26	24	24	26	30	24	24	25	25	24
LOC_1232	15	18	17	17	16	17	17	16	16	16	18	18	16
LOC_1233	19	19	18	17	19	19	19	19	19	20	20	19	19
LOC_1234	21	21	21	21	20	22	19	19	18	18	21	21	18
LOC_1235	21	20	20	20	20	20	19	20	21	25	21	21	20
LOC_1236	20	19	20	19	20	20	22	23	22	22	19	19	20
LOC_1237	27	23	20	20	21	22	23	24	25	26	24	23	23
LOC_1238	23	21	21	20	20	21	21	23	26	23	20	20	23
LOC_1239	28	25	26	27	27	27	25	24	30	28	26	28	28
LOC_1240	23	24	24	25	24	25	26	25	24	23	25	25	23
LOC_1241	15	15	16	16	15	15	15	15	15	15	15	15	15
LOC_1242	14	14	14	14	14	14	14	14	14	14	14	14	14
LOC_1243	15	15	19	19	14	15	16	16	15	15	15	15	15
LOC_1244	22	23	23	23	20	20	25	26	24	24	23	23	25
LOC_1245	18	18	19	18	18	19	17	16	17	18	18	18	17
LOC_1246	23	22	22	22	20	22	22	22	22	21	22	21	22
LOC_1247	14	17	16	16	14	14	12	12	11	11	17	17	14
LOC_1248	28	27	26	30	27	27	28	28	25	28	28	26	28
LOC_1249	23	23	25	24	23	23	22	21	21	22	23	23	23
LOC_1250	21	22	22	22	22	21	21	21	22	22	22	22	21
LOC_1251	24	25	27	27	25	23	24	24	23	24	25	25	24
LOC_1252	17	17	17	17	18	17	18	19	18	18	17	17	17
LOC_1253	24	24	22	23	23	22	22	23	23	24	24	24	23
LOC_1254	19	18	18	18	19	18	22	20	22	21	19	21	20
LOC_1255	23	25	22	22	24	22	24	25	23	23	24	22	23
LOC_1256	17	17	17	17	17	17	22	21	21	23	17	17	21
LOC_1257	25	23	23	22	23	24	24	23	25	23	23	24	24
LOC_1258	18	17	18	18	18	18	15	17	17	17	18	18	18
LOC_1259	25	24	23	23	23	24	23	25	25	26	24	24	23
LOC_1260	20	22	20	20	20	20	21	21	19	20	20	21	20
LOC_1261	17	17	17	17	20	20	18	17	17	17	16	16	17
LOC_1262	18	19	18	15	17	17	17	17	17	17	19	19	17
LOC_1263	17	19	17	17	17	16	16	18	17	15	21	18	17
LOC_1264	17	15	16	16	16	17	17	17	17	17	14	15	17
LOC_1265	18	19	19	19	19	19	18	18	16	16	20	20	15
LOC_1266	15	15	15	15	15	15	18	18	16	16	15	15	16
LOC_1267	23	26	23	22	23	23	24	24	21	22	23	24	23
LOC_1268	15	15	15	15	15	15	15	15	15	15	15	14	15
LOC_1269	28	31	29	28	26	26	30	27	25	25	30	28	27
LOC_1270	19	21	21	19	19	20	19	19	19	19	20	22	19
LOC_1271	23	23	23	23	23	23	23	23	22	22	23	23	23
LOC_1272	24	21	23	24	21	22	24	23	24	22	21	22	23
LOC_1273	20	20	20	19	19	20	18	19	19	19	21	20	20
LOC_1274	23	21	23	23	22	23	22	22	23	22	21	21	23
LOC_1275	19	21	21	21	19	19	19	19	19	19	21	21	19
LOC_1276	17	17	17	15	17	16	18	17	17	17	17	17	17
LOC_1277	16	16	16	16	15	16	17	17	20	20	17	17	16
LOC_1278	15	15	14	14	15	15	15	13	15	15	15	15	15
LOC_1279	19	19	21	21	20	20	18	18	19	18	20	20	19
LOC_1280	16	17	17	17	16	16	16	16	16	16	17	18	16
LOC_1281	22	21	21	21	21	20	23	23	23	22	20	20	23
LOC_1282	22	24	24	24	23	25	23	23	23	24	27	25	23
LOC_1283	24	20	24	24	23	23	24	23	22	21	22	22	23
LOC_1284	21	26	26	25	24	23	23	24	21	24	25	27	23
LOC_1285	23	24	24	25	25	26	25	25	23	22	25	24	23
LOC_1286	14	14	14	14	14	14	14	14	14	14	14	15	14
LOC_1287	14	14	14	14	14	14	15	15	15	15	15	14	15
LOC_1288	23	24	24	26	20	19	24	23	25	24	25	24	23
LOC_1289	23	23	22	22	23	23	22	22	19	21	24	21	23
LOC_1290	20	20	19	19	19	19	19	19	18	18	20	20	20
LOC_1291	23	23	23	22	23	23	23	22	22	22	23	23	23
LOC_1292	25	24	21	21	26	23	23	24	24	23	27	25	23
LOC_1293	23	23	22	22	22	23	23	23	22	23	22	23	23
LOC_1294	25	25	23	25	28	31	25	25	25	25	24	25	25
LOC_1295	17	19	19	19	20	19	21	20	20	20	19	19	20
LOC_1296	22	21	22	22	22	22	22	22	22	22	21	21	22
LOC_1297	24	22	22	22	20	20	22	22	24	24	22	23	23
LOC_1298	22	22	22	22	20	22	26	25	24	24	21	22	23
LOC_1299	15	17	15	16	15	15	16	16	15	15	18	18	15
LOC_1300	24	22	22	22	22	22	24	25	22	22	23	23	23
LOC_1301	24	24	24	25	23	23	24	23	23	22	21	22	23
LOC_1302	22	27	28	29	23	23	23	23	22	22	26	24	23
LOC_1303	16	16	16	16	16	16	15	16	16	16	16	16	16
LOC_1304	22	22	22	22	24	23	22	21	23	22	22	22	22
LOC_1305	21	20	20	20	22	22	22	22	23	22	23	20	22
LOC_1306	21	21	19	16	22	22	19	20	21	21	21	21	21
LOC_1307	14	13	14	14	15	15	14	14	14	14	13	13	14
LOC_1308	23	23	24	23	22	22	23	23	24	23	23	22	23
LOC_1309	19	19	19	19	19	20	22	21	21	21	19	19	19
LOC_1310	16	16	16	16	16	16	16	16	16	19	16	15	16
LOC_1311	23	22	24	24	26	27	24	24	23	22	22	22	23
LOC_1312	15	15	15	17	14	15	14	14	14	14	15	15	15
LOC_1313	22	23	22	22	19	19	17	20	20	19	27	23	22
LOC_1314	15	15	15	15	15	15	15	15	15	15	15	15	15
LOC_1315	17	20	20	19	17	17	16	15	16	19	19	19	16
LOC_1316	17	18	17	17	16	17	17	17	17	17	18	18	17
LOC_1317	17	16	17	17	17	17	15	14	14	14	18	16	17
LOC_1318	23	26	24	26	25	27	23	23	25	25	27	25	23
LOC_1319	19	18	18	16	17	20	18	18	17	18	18	18	18
LOC_1320	19	19	19	19	19	19	19	20	19	20	21	20	19
LOC_1321	21	21	21	23	20	20	21	23	21	21	22	21	21
LOC_1322	26	24	25	23	23	25	23	25	22	21	28	27	25
LOC_1323	24	23	23	23	22	22	24	23	23	22	27	25	23
LOC_1324	24	24	22	21	23	24	22	22	21	21	24	22	22
LOC_1325	17	17	17	17	17	17	16	17	16	16	17	17	16
LOC_1326	18	18	18	18	18	19	19	19	19	20	23	23	19
LOC_1327	24	24	24	24	23	22	23	24	23	22	23	23	23
LOC_1328	18	17	17	17	19	18	18	18	18	18	15	17	18
LOC_1329	16	15	18	16	16	16	16	16	16	17	16	16	16
LOC_1330	24	24	23	23	23	23	23	23	20	22	22	22	23
LOC_1331	21	24	23	23	23	23	24	25	24	24	21	22	23
LOC_1332	15	15	16	16	17	16	15	15	14	14	13	13	15
LOC_1333	17	17	18	18	17	17	17	17	17	17	17	17	17
LOC_1334	19	18	20	20	18	18	22	22	20	20	19	19	19
LOC_1335	11	14	14	14	16	16	14	14	14	14	14	14	14
LOC_1336	24	22	24	22	23	23	28	28	24	24	22	22	24
LOC_1337	18	20	20	20	20	20	18	18	17	17	21	21	18
LOC_1338	23	20	21	22	24	23	23	26	23	22	21	21	23
LOC_1339	12	13	13	13	12	12	13	13	12	12	13	13	12
LOC_1340	19	22	24	24	20	20	19	19	18	18	22	22	19
LOC_1341	23	22	25	24	25	24	23	23	22	22	24	25	22
LOC_1342	23	22	23	22	22	23	19	19	20	20	21	21	22
LOC_1343	17	18	16	18	18	18	17	18	17	20	18	18	17
LOC_1344	25	28	26	26	26	28	25	24	23	24	27	27	25
LOC_1345	19	18	18	18	18	18	17	17	19	20	19	20	18
LOC_1346	21	24	24	22	21	21	24	24	24	25	24	24	22
LOC_1347	18	18	19	17	17	17	15	18	18	18	18	18	18
LOC_1348	18	18	18	18	18	19	18	18	18	18	18	18	18
LOC_1349	18	18	17	17	18	18	18	20	18	19	18	18	17
LOC_1350	20	17	21	20	20	20	20	20	20	20	19	19	20
LOC_1351	16	16	16	16	16	16	16	16	16	16	16	16	16
LOC_1352	20	22	22	22	21	21	19	19	22	22	22	23	20
LOC_1353	27	22	25	25	25	26	27	24	25	23	23	26	25
LOC_1354	21	20	22	21	21	21	20	20	21	21	20	20	21
LOC_1355	23	19	19	18	17	19	21	20	19	20	17	18	19
LOC_1356	22	22	21	22	22	22	21	21	23	23	23	24	22
LOC_1357	21	34	23	24	24	24	22	21	23	23	28	30	22
LOC_1358	20	21	21	21	24	21	22	21	21	22	20	21	22
LOC_1359	14	14	15	15	16	14	14	15	14	14	15	16	14
LOC_1360	22	22	21	22	23	23	20	19	22	22	22	22	22
LOC_1361	22	21	21	21	20	20	22	22	24	21	21	21	22
LOC_1362	18	17	17	17	17	16	17	17	17	17	17	18	18
LOC_1363	22	22	22	22	22	21	23	21	22	23	21	22	22
LOC_1364	13	12	12	12	14	14	15	16	14	17	12	12	15
LOC_1365	22	21	21	21	21	23	22	22	24	24	22	21	22
LOC_1366	17	16	16	16	16	16	16	16	16	16	17	17	16
LOC_1367	15	13	13	14	13	13	16	16	15	15	15	15	15
LOC_1368	18	17	19	19	17	18	18	18	18	17	18	17	18
LOC_1369	21	20	21	23	22	20	21	21	22	22	27	26	22
LOC_1370	20	20	20	19	20	20	15	15	16	15	20	20	20
LOC_1371	20	20	20	20	19	19	19	18	22	23	20	20	20
LOC_1372	23	26	26	24	24	24	20	20	21	21	26	26	24
LOC_1373	7	8	7	7	7	7	7	7	7	7	7	7	7
LOC_1374	22	22	22	22	20	21	23	22	21	21	23	22	22
LOC_1375	16	16	16	14	16	15	14	16	13	14	16	16	14
LOC_1376	23	23	23	23	23	23	23	23	23	22	23	23	23
LOC_1377	16	12	15	14	14	14	18	18	17	18	14	14	17
LOC_1378	17	17	18	18	17	17	16	15	15	15	17	17	15
LOC_1379	18	19	19	19	17	17	16	16	16	16	19	19	16
LOC_1380	26	21	21	21	21	21	20	20	22	22	20	20	21
LOC_1381	24	27	25	25	25	25	20	23	24	22	28	26	23
LOC_1382	21	22	24	22	21	22	22	21	23	21	22	22	21
LOC_1383	14	14	15	14	14	13	14	16	15	14	16	15	14
LOC_1384	21	19	18	18	19	18	19	19	19	19	19	19	19
LOC_1385	22	22	21	21	22	19	20	20	22	23	22	22	22
LOC_1386	14	14	16	16	14	14	13	13	13	13	14	14	14
LOC_1387	21	22	22	22	22	23	21	23	22	22	22	22	21
LOC_1388	23	24	24	24	24	23	22	22	22	23	24	25	22
LOC_1389	22	22	21	22	24	25	20	18	22	22	21	22	22
LOC_1390	17	17	17	17	18	17	17	17	17	17	17	17	17
LOC_1391	17	15	15	15	15	15	14	14	14	14	16	16	14
LOC_1392	18	22	21	21	19	19	20	18	18	18	26	23	19
LOC_1393	25	24	23	22	24	25	24	24	25	24	24	25	24
LOC_1394	22	22	26	22	22	22	22	22	22	22	22	23	22
LOC_1395	16	17	16	16	16	15	16	16	17	17	15	15	16
LOC_1396	22	22	20	22	21	22	28	29	25	25	22	22	22
LOC_1397	19	21	19	19	19	19	21	19	18	19	20	19	19
LOC_1398	14	14	14	14	16	16	16	14	14	14	14	13	14
LOC_1399	18	18	18	18	18	18	17	17	17	17	18	19	17
LOC_1400	14	14	14	14	15	14	14	14	14	14	13	14	14
LOC_1401	14	14	15	15	14	14	14	15	14	14	15	15	14
LOC_1402	22	24	24	23	21	21	22	22	22	22	26	24	22
LOC_1403	17	19	20	20	22	21	17	17	18	17	19	21	17
LOC_1404	17	17	17	17	17	15	17	17	17	17	17	17	17
LOC_1405	15	16	16	16	16	16	16	16	17	16	17	16	16
LOC_1406	22	21	22	22	21	21	22	22	23	22	22	21	22
LOC_1407	22	21	22	22	22	22	20	20	20	20	21	21	22
LOC_1408	22	19	18	19	19	19	21	24	21	21	21	23	22
LOC_1409	18	19	18	20	18	18	18	18	18	18	17	17	18
LOC_1410	7	7	7	7	6	6	7	7	7	7	7	7	7
LOC_1411	18	15	16	16	16	16	17	16	16	16	15	15	17
LOC_1412	17	17	17	16	18	17	21	17	17	17	17	17	17
LOC_1413	19	20	18	18	18	18	18	19	18	18	18	18	18
LOC_1414	19	23	24	24	21	21	22	24	24	23	23	23	20
LOC_1415	15	15	15	16	16	15	15	15	15	15	15	15	15
LOC_1416	19	18	18	18	18	21	19	19	19	18	18	17	19
LOC_1417	20	22	23	23	25	25	23	22	22	22	23	23	22
LOC_1418	18	22	20	22	20	20	15	17	17	17	19	21	17
LOC_1419	18	19	19	17	19	19	18	18	18	20	19	19	18
LOC_1420	20	21	21	21	19	21	22	22	22	22	21	19	21
LOC_1421	16	18	17	17	16	16	16	16	16	16	18	19	16
LOC_1422	19	20	19	19	18	18	19	18	18	18	20	20	18
LOC_1423	22	20	21	22	22	22	22	21	22	22	21	21	22
LOC_1424	24	25	23	24	24	23	22	22	21	21	25	23	22
LOC_1425	23	21	23	22	21	21	21	22	22	22	24	23	21
LOC_1426	18	17	16	16	15	15	18	18	18	18	17	17	18
LOC_1427	20	20	22	23	20	20	17	17	17	17	20	19	20
LOC_1428	22	22	21	22	21	22	22	23	27	24	22	22	22
LOC_1429	21	21	21	21	21	19	20	22	23	24	21	21	22
LOC_1430	21	20	22	22	18	18	21	19	20	21	23	25	22
LOC_1431	23	23	25	26	24	24	22	22	22	22	23	23	22
LOC_1432	18	18	18	18	18	18	17	17	18	18	17	18	17
LOC_1433	20	22	21	21	21	21	22	22	21	21	22	21	22
LOC_1434	17	17	17	17	16	16	17	17	17	17	18	18	17
LOC_1435	17	17	15	17	18	17	14	16	16	16	17	17	17
LOC_1436	15	15	14	15	15	15	14	14	15	15	15	15	15
LOC_1437	22	20	23	23	23	23	22	22	22	22	24	23	22
LOC_1438	23	21	21	21	23	23	22	22	22	22	21	21	22
LOC_1439	19	18	19	19	19	21	20	21	20	20	17	17	20
LOC_1440	17	18	18	18	17	17	17	17	17	16	18	18	17
LOC_1441	21	22	23	23	22	22	24	23	23	23	24	24	23
LOC_1442	22	24	21	21	22	22	24	22	22	22	25	25	22
LOC_1443	22	24	22	23	22	21	25	24	26	22	25	24	23
LOC_1444	21	22	20	23	19	25	25	25	20	21	22	22	21
LOC_1445	23	21	23	23	22	24	23	24	23	21	21	23	22
LOC_1446	28	29	26	27	27	26	25	26	26	25	27	27	26
LOC_1447	27	24	23	24	27	26	22	22	21	21	24	24	22
LOC_1448	22	22	22	21	22	22	25	23	22	22	22	22	22
LOC_1449	22	21	21	23	21	20	22	24	22	22	21	22	22
LOC_1450	20	20	20	20	21	21	21	21	21	20	20	19	20
LOC_1451	22	21	21	21	21	21	22	22	22	21	21	21	22
LOC_1452	16	16	17	16	16	16	16	16	16	16	16	16	16
LOC_1453	17	17	16	18	16	17	20	21	20	20	17	17	19
LOC_1454	21	19	19	19	20	19	22	22	22	22	19	19	22
LOC_1455	22	23	21	21	23	26	21	23	22	22	23	24	22
LOC_1456	19	23	23	23	19	19	19	19	19	19	26	25	19
LOC_1457	17	19	19	19	19	19	17	17	17	17	21	19	17
LOC_1458	22	22	22	21	22	22	23	22	21	21	22	23	22
LOC_1459	22	23	22	21	22	22	21	22	23	23	23	24	22
LOC_1460	22	24	23	23	24	24	23	24	22	24	24	24	24
LOC_1461	23	23	23	23	22	22	21	20	21	21	20	23	22
LOC_1462	24	20	21	21	19	20	21	22	24	24	22	22	22
LOC_1463	14	12	12	12	12	12	14	14	14	14	12	12	14
LOC_1464	24	21	24	24	27	27	26	25	27	26	25	26	25
LOC_1465	25	26	26	25	28	27	24	25	26	27	23	23	26
LOC_1466	22	22	22	22	22	23	21	21	21	21	19	19	22
LOC_1467	17	15	15	17	17	17	19	18	19	19	16	15	19
LOC_1468	22	22	23	22	23	22	22	22	22	22	22	22	22
LOC_1469	22	21	19	19	21	21	21	21	22	24	21	20	22
LOC_1470	20	22	20	20	20	20	19	20	20	20	19	19	20
LOC_1471	20	20	19	19	21	21	20	20	20	20	19	19	20
LOC_1472	23	23	23	22	22	22	22	23	22	23	24	22	22
LOC_1473	25	25	25	25	24	25	24	23	24	24	24	24	23
LOC_1474	15	14	14	14	15	15	15	13	16	15	13	13	15
LOC_1475	18	16	20	21	17	17	17	17	18	18	17	18	18
LOC_1476	18	18	18	16	18	17	17	17	20	20	21	16	18
LOC_1477	18	18	19	18	18	18	18	18	17	18	18	20	18
LOC_1478	17	17	17	17	15	15	18	19	18	18	17	17	19
LOC_1479	21	25	23	23	24	24	20	20	20	20	24	23	21
LOC_1480	22	22	23	23	20	22	25	23	21	22	23	22	22
LOC_1481	22	21	22	23	22	21	22	22	22	22	23	23	22
LOC_1482	26	24	25	26	24	24	25	25	26	25	24	24	25
LOC_1483	22	24	22	22	22	21	27	28	26	24	25	26	22
LOC_1484	22	20	20	19	21	21	23	23	21	21	19	19	21
LOC_1485	21	23	21	22	22	22	24	22	22	22	19	22	22
LOC_1486	22	22	22	22	22	21	22	21	21	23	22	21	22
LOC_1487	14	14	14	14	14	14	14	14	14	14	15	15	14
LOC_1488	21	20	23	22	21	21	19	20	23	23	22	20	21
LOC_1489	22	25	22	24	21	21	23	23	23	24	24	25	22
LOC_1490	22	25	22	22	21	24	23	23	22	23	23	23	22
LOC_1491	22	25	23	22	22	22	22	22	20	20	25	24	22
LOC_1492	22	20	21	22	20	19	22	22	22	22	20	20	22
LOC_1493	21	23	23	23	23	23	21	21	21	21	23	20	22
LOC_1494	22	22	22	23	22	23	25	24	24	23	24	22	24
LOC_1495	24	22	23	22	23	24	21	21	23	23	21	22	22
LOC_1496	20	20	19	20	20	20	22	21	21	21	21	20	20
LOC_1497	22	20	20	20	21	21	22	22	21	21	20	19	22
LOC_1498	22	21	22	23	21	22	23	20	23	22	22	21	22
LOC_1499	17	17	20	19	16	17	16	16	15	15	17	17	16
LOC_1500	17	17	19	18	17	17	16	17	17	17	17	17	17
LOC_1501	22	21	21	21	22	23	21	22	20	21	19	19	22
LOC_1502	22	23	24	22	23	22	25	26	26	24	23	22	22
LOC_1503	22	21	21	25	22	22	22	24	21	21	22	21	22
LOC_1504	17	17	18	17	17	18	16	16	18	18	16	17	17
LOC_1505	22	21	21	21	22	22	23	23	23	23	21	21	22
LOC_1506	18	16	16	16	18	19	17	17	17	19	16	16	17
LOC_1507	20	24	22	23	20	20	22	21	21	22	28	24	20
LOC_1508	20	22	26	25	24	24	22	22	23	23	22	21	22
LOC_1509	20	20	21	24	20	20	20	20	20	21	20	20	20
LOC_1510	22	18	20	20	22	18	21	20	21	21	19	20	21
LOC_1511	22	22	22	23	23	22	23	23	23	23	20	21	22
LOC_1512	19	21	19	18	19	19	21	21	19	19	19	20	19
LOC_1513	17	16	12	14	15	15	16	16	16	15	15	15	15
LOC_1514	22	23	23	24	21	22	21	22	20	21	23	23	22
LOC_1515	18	19	21	19	19	20	20	20	20	20	19	19	19
LOC_1516	22	21	24	22	21	21	21	20	20	20	23	23	22
LOC_1517	16	16	16	16	17	15	16	16	17	16	14	16	16
LOC_1518	22	25	23	23	22	22	23	23	22	23	20	21	23
LOC_1519	20	23	19	19	19	19	19	21	20	20	23	24	20
LOC_1520	22	22	22	22	22	22	23	22	25	24	22	22	22
LOC_1521	17	17	19	18	20	20	16	16	17	17	16	17	17
LOC_1522	20	20	23	22	24	24	24	23	22	21	23	23	22
LOC_1523	21	16	18	18	19	20	19	19	18	19	16	16	19
LOC_1524	21	23	21	20	21	21	21	21	20	20	22	22	21
LOC_1525	22	22	21	19	23	22	23	22	19	24	23	22	22
LOC_1526	20	20	21	21	20	20	20	20	20	21	19	20	20
LOC_1527	22	19	20	21	21	22	23	21	21	23	21	21	22
LOC_1528	16	16	16	16	16	16	15	15	15	16	16	17	15
LOC_1529	22	17	25	27	25	22	21	21	22	22	20	19	22
LOC_1530	17	17	17	16	19	17	16	16	17	17	17	19	16
LOC_1531	22	23	23	23	24	24	22	22	24	22	23	23	22
LOC_1532	22	21	19	21	23	22	22	23	25	23	21	20	22
LOC_1533	15	17	18	16	16	16	16	16	16	16	15	16	16
LOC_1534	24	20	20	21	20	22	22	22	19	19	21	21	22
LOC_1535	22	23	22	22	22	24	25	25	24	24	24	23	22
LOC_1536	14	18	17	17	16	16	14	12	14	14	17	15	14
LOC_1537	24	25	23	23	24	22	20	20	21	21	24	23	22
LOC_1538	16	16	16	16	16	16	16	16	16	16	16	16	16
LOC_1539	28	30	29	31	28	28	27	30	27	29	27	28	29
LOC_1540	22	22	23	22	22	22	23	24	23	24	20	21	22
LOC_1541	15	17	16	15	15	15	17	15	15	15	15	16	15
LOC_1542	22	22	22	20	22	22	20	20	21	20	21	23	22
LOC_1543	17	17	17	17	17	16	17	18	17	17	17	17	17
LOC_1544	21	21	21	21	22	22	24	24	24	24	22	21	23
LOC_1545	24	23	21	21	23	26	19	19	22	22	22	22	22
LOC_1546	22	22	20	21	19	19	22	22	24	23	22	22	22
LOC_1547	28	23	23	23	26	26	29	27	28	28	23	23	28
LOC_1548	24	25	22	23	25	25	23	23	23	22	24	25	24
LOC_1549	23	21	21	21	22	23	25	23	23	23	20	21	22
LOC_1550	16	16	16	13	16	16	16	16	15	15	17	17	15
LOC_1551	22	22	22	22	21	21	21	23	23	23	22	22	22
LOC_1552	31	29	28	32	32	31	28	29	27	26	30	29	30
LOC_1553	21	21	20	21	22	22	21	21	19	19	19	21	21
LOC_1554	20	16	16	16	19	19	19	19	17	20	16	16	19
LOC_1555	18	19	18	18	18	18	18	18	18	18	18	18	18
LOC_1556	24	24	24	24	24	23	23	22	23	22	24	24	23
LOC_1557	21	19	20	20	18	19	18	18	18	18	19	19	19
LOC_1558	22	22	23	22	22	22	20	19	22	23	21	21	22
LOC_1559	21	22	23	23	20	20	24	23	19	19	23	21	22
LOC_1560	23	23	20	20	20	20	17	19	21	21	23	23	20
LOC_1561	21	24	23	23	22	24	23	22	23	24	22	23	22
LOC_1562	14	14	14	14	14	15	16	16	16	19	14	15	17
LOC_1563	14	13	13	13	14	14	14	14	14	14	14	14	14
LOC_1564	20	20	19	19	21	21	23	22	21	21	20	20	21
LOC_1565	27	28	26	26	28	28	27	30	27	25	27	26	27
LOC_1566	22	22	22	23	20	21	23	22	21	21	22	21	21
LOC_1567	23	27	27	25	23	24	23	23	25	22	26	26	23
LOC_1568	26	25	26	25	24	25	24	25	26	26	27	28	24
LOC_1569	23	25	24	24	24	26	21	22	22	22	24	24	22
LOC_1570	16	16	15	15	17	16	15	16	16	16	16	17	16
LOC_1571	21	23	22	21	21	19	20	22	23	22	24	23	22
LOC_1572	21	19	19	19	18	18	20	20	18	18	19	19	21
LOC_1573	20	20	20	20	17	13	19	19	19	22	20	20	19
LOC_1574	20	20	21	20	19	19	19	20	19	19	20	20	20
LOC_1575	15	16	16	16	16	17	15	14	15	15	12	12	15
LOC_1576	21	23	22	20	19	19	19	20	20	20	21	22	21
LOC_1577	14	14	14	14	15	14	14	14	14	14	14	14	14
LOC_1578	23	23	23	23	23	23	22	22	22	22	23	23	22
LOC_1579	23	24	25	24	26	25	21	21	20	20	23	24	22
LOC_1580	22	23	23	23	24	24	20	21	22	22	23	24	22
LOC_1581	19	23	24	21	20	20	19	20	19	19	23	23	19
LOC_1582	22	23	24	24	23	24	20	20	21	18	24	25	22
LOC_1583	10	10	10	10	10	10	13	12	11	11	10	10	10
LOC_1584	15	16	16	15	15	15	14	15	15	16	15	15	15
LOC_1585	22	24	25	24	22	23	19	19	19	19	25	24	22
LOC_1586	23	24	25	25	24	24	23	24	22	20	29	25	23
LOC_1587	22	22	23	23	22	22	21	21	21	22	27	25	22
LOC_1588	19	19	19	19	20	19	19	19	19	16	19	19	19
LOC_1589	17	18	21	18	20	20	19	19	19	19	19	21	19
LOC_1590	22	20	24	22	22	25	20	20	19	21	24	23	22
LOC_1591	22	18	16	18	17	17	19	19	19	19	19	18	17
LOC_1592	26	28	29	29	24	25	25	25	25	24	28	30	25
LOC_1593	22	21	24	24	22	22	20	21	24	23	24	24	22
LOC_1594	22	23	22	22	22	23	22	22	22	22	21	21	22
LOC_1595	25	21	17	21	23	22	25	26	26	26	23	22	26
LOC_1596	16	14	14	14	17	17	19	19	16	16	15	15	17
LOC_1597	14	15	14	14	14	14	13	14	14	14	15	15	14
LOC_1598	23	21	21	21	20	21	21	21	20	21	21	21	21
LOC_1599	16	16	16	16	17	17	16	16	16	16	16	16	16
LOC_1600	20	20	23	26	20	20	21	19	20	19	20	21	20
LOC_1601	20	20	21	21	20	20	20	20	21	20	20	20	20
LOC_1602	23	23	23	24	24	25	24	22	23	23	24	25	23
LOC_1603	22	21	21	21	21	21	22	22	22	22	20	21	21
LOC_1604	14	14	14	14	14	14	16	16	14	14	18	18	14
LOC_1605	16	16	15	15	16	17	14	15	16	16	16	16	15
LOC_1606	15	16	15	16	14	15	15	15	15	15	16	16	15
LOC_1607	21	22	22	19	24	22	20	21	22	22	25	24	21
LOC_1608	21	20	22	21	22	22	21	21	21	21	21	21	21
LOC_1609	15	15	14	14	14	14	13	15	14	14	15	14	14
LOC_1610	20	24	22	22	21	20	21	22	20	23	21	24	21
LOC_1611	16	17	17	18	17	17	16	16	17	17	18	18	16
LOC_1612	15	16	16	16	16	16	16	16	15	15	16	16	15
LOC_1613	27	27	24	25	27	28	25	26	26	25	27	29	27
LOC_1614	13	13	13	13	13	13	13	12	13	13	13	13	13
LOC_1615	21	21	23	22	22	22	23	22	23	22	21	21	21
LOC_1616	14	14	14	16	15	16	14	14	14	14	14	14	14
LOC_1617	14	14	14	14	14	14	14	14	14	14	14	14	14
LOC_1618	20	23	20	19	21	22	19	20	22	21	21	22	21
LOC_1619	13	14	17	16	13	13	15	14	13	13	14	14	13
LOC_1620	18	19	20	20	20	19	18	18	18	18	19	19	18
LOC_1621	17	19	19	19	17	17	17	17	17	17	19	19	17
LOC_1622	22	21	21	22	21	24	20	20	20	20	23	22	21
LOC_1623	21	19	19	19	20	20	24	23	20	21	19	19	21
LOC_1624	18	16	16	16	17	18	17	17	18	20	18	16	17
LOC_1625	22	22	22	21	24	23	20	19	21	21	25	23	21
LOC_1626	19	18	19	19	18	18	17	19	20	22	19	19	19
LOC_1627	15	17	15	15	15	15	14	14	14	15	16	15	15
LOC_1628	18	17	17	17	17	18	17	17	17	17	15	19	17
LOC_1629	22	22	21	21	19	20	20	22	21	22	22	21	22
LOC_1630	20	22	22	22	21	21	19	20	21	21	20	20	21
LOC_1631	22	19	22	23	22	23	20	20	22	20	19	19	22
LOC_1632	17	17	19	17	17	17	17	17	17	16	17	17	17
LOC_1633	22	18	19	20	21	21	20	19	21	21	20	20	21
LOC_1634	17	19	19	19	17	17	16	16	16	14	18	19	17
LOC_1635	9	7	7	7	8	8	9	9	9	9	7	7	9
LOC_1636	26	26	25	26	25	28	24	24	25	24	27	29	24
LOC_1637	16	16	16	11	16	16	16	16	16	16	20	20	16
LOC_1638	30	30	33	31	31	29	27	28	29	28	29	29	29
LOC_1639	20	18	18	17	15	18	19	21	20	21	18	17	21
LOC_1640	16	17	17	17	16	16	17	16	17	16	16	17	16
LOC_1641	18	21	18	18	20	20	17	17	19	19	19	20	18
LOC_1642	20	20	20	20	19	19	20	20	17	19	22	20	20
LOC_1643	18	24	19	20	19	19	21	19	20	19	24	24	18
LOC_1644	17	17	17	17	17	17	18	18	17	17	17	17	17
LOC_1645	20	21	22	20	22	22	23	23	25	23	22	22	21
LOC_1646	18	19	20	20	20	19	18	18	19	19	19	19	18
LOC_1647	13	13	12	12	12	12	16	13	12	12	13	13	12
LOC_1648	20	22	20	21	21	21	21	22	21	21	20	21	21
LOC_1649	12	12	12	13	12	12	12	12	12	12	11	12	12
LOC_1650	17	17	17	17	17	17	14	19	18	19	18	18	17
LOC_1651	16	16	16	16	16	16	12	15	16	16	17	16	16
LOC_1652	17	17	17	18	17	17	16	16	16	16	17	17	17
LOC_1653	25	24	25	26	23	23	25	24	24	25	26	26	24
LOC_1654	14	14	14	14	14	14	14	14	14	14	14	14	14
LOC_1655	14	14	14	14	14	14	14	14	14	14	14	14	14
LOC_1656	16	16	16	16	16	16	17	17	17	17	16	16	17
LOC_1657	25	25	25	26	26	26	27	28	29	30	26	26	27
LOC_1658	20	20	23	22	25	25	20	20	20	21	20	21	21
LOC_1659	21	22	22	22	22	21	21	21	20	20	22	23	21
LOC_1660	17	17	16	17	17	17	17	17	17	17	17	17	17
LOC_1661	21	23	23	23	22	20	20	21	22	22	22	23	21
LOC_1662	21	19	22	21	22	21	21	21	21	21	19	20	21
LOC_1663	23	21	22	22	23	22	23	21	22	22	23	22	22
LOC_1664	18	18	18	18	18	18	18	18	18	19	18	18	18
LOC_1665	15	15	14	15	15	15	15	15	15	15	14	15	15
LOC_1666	12	12	12	12	12	12	12	12	12	12	12	12	12
LOC_1667	14	14	14	14	12	14	11	11	14	14	14	14	14
LOC_1668	20	21	21	21	22	22	22	21	21	21	20	21	21
LOC_1669	22	22	24	23	23	23	22	23	21	20	24	24	22
LOC_1670	17	23	18	18	18	18	19	19	21	20	20	19	19
LOC_1671	15	15	15	15	15	15	15	15	15	15	15	15	15
LOC_1672	21	24	26	27	21	21	22	21	21	21	24	24	21
LOC_1673	21	19	18	18	20	20	22	23	21	21	22	20	21
LOC_1674	20	17	21	21	21	20	20	20	19	19	20	21	20
LOC_1675	18	20	18	18	17	17	17	17	17	17	19	18	18
LOC_1676	22	22	22	20	23	23	20	21	21	20	22	22	21
LOC_1677	14	14	16	15	14	14	17	16	15	15	14	14	14
LOC_1678	20	23	21	21	21	21	19	21	21	21	23	23	21
LOC_1679	18	20	18	18	14	18	19	19	17	17	19	19	18
LOC_1680	21	19	21	23	21	21	21	21	21	20	19	19	21
LOC_1681	21	21	21	21	21	22	16	17	21	22	21	21	21
LOC_1682	14	14	14	14	14	14	14	14	15	14	14	13	14
LOC_1683	21	21	23	23	21	21	20	20	21	21	19	18	21
LOC_1684	20	18	18	18	20	21	18	18	18	18	19	19	18
LOC_1685	17	17	17	15	17	17	18	18	18	17	17	17	17
LOC_1686	19	20	20	20	20	20	18	18	18	16	20	21	18
LOC_1687	17	17	17	17	19	19	17	17	17	17	17	16	17
LOC_1688	17	16	16	16	14	14	14	16	14	16	16	16	14
LOC_1689	17	18	18	18	18	18	18	18	18	18	17	18	18
LOC_1690	15	15	14	14	15	14	15	15	15	13	15	15	15
LOC_1691	18	17	17	17	18	18	18	18	18	21	17	17	18
LOC_1692	21	21	22	21	21	21	18	19	21	21	21	21	21
LOC_1693	20	21	22	21	22	23	23	21	20	21	21	21	21
LOC_1694	14	14	14	14	14	14	18	16	17	16	14	14	16
LOC_1695	21	22	21	22	21	20	18	20	20	21	22	22	21
LOC_1696	8	9	8	8	8	8	9	9	9	9	8	8	8
LOC_1697	22	20	21	19	21	20	20	20	19	20	20	20	21
LOC_1698	14	14	15	15	14	14	14	14	14	14	14	14	14
LOC_1699	22	24	20	20	21	21	20	20	21	21	24	25	21
LOC_1700	22	21	21	21	21	21	24	24	21	21	21	20	21
LOC_1701	12	12	13	12	12	12	12	12	12	12	12	15	12
LOC_1702	21	20	20	20	20	20	24	21	21	21	20	20	21
LOC_1703	15	15	16	16	15	15	17	14	14	16	15	15	14
LOC_1704	22	21	21	21	21	21	20	21	19	20	24	21	21
LOC_1705	21	20	22	21	20	20	22	22	21	21	20	20	21
LOC_1706	18	17	17	17	17	17	18	16	16	15	17	17	16
LOC_1707	23	21	21	21	20	21	21	22	21	21	22	19	21
LOC_1708	13	14	15	15	15	13	13	13	13	13	15	15	13
LOC_1709	22	18	18	18	19	18	19	20	20	20	18	18	21
LOC_1710	13	13	13	13	13	13	13	13	13	13	13	13	13
LOC_1711	21	21	21	21	21	19	21	21	21	21	21	22	21
LOC_1712	19	20	23	23	19	19	20	20	20	20	20	20	20
LOC_1713	18	18	19	18	19	18	19	19	18	18	17	17	18
LOC_1714	14	14	14	14	14	14	14	14	13	14	14	14	14
LOC_1715	17	17	17	17	20	19	15	15	18	18	17	17	17
LOC_1716	16	16	16	16	16	16	16	16	17	17	16	17	16
LOC_1717	11	11	14	11	11	11	11	11	11	11	11	11	11
LOC_1718	17	17	19	19	22	21	17	17	19	17	17	17	17
LOC_1719	18	18	20	20	18	18	18	19	18	18	18	18	18
LOC_1720	18	18	19	18	19	18	18	18	19	20	18	18	18
LOC_1721	19	19	19	20	19	19	19	19	19	19	18	18	19
LOC_1722	20	20	22	21	20	20	21	20	20	20	20	20	20
LOC_1723	19	18	18	18	20	19	18	18	17	18	17	17	20
LOC_1724	16	16	17	17	16	18	17	17	17	17	16	16	16
LOC_1725	14	13	13	13	16	16	14	13	14	14	13	13	14
LOC_1726	30	27	28	27	26	26	30	27	27	27	26	28	29
LOC_1727	21	22	21	22	19	19	21	22	21	22	22	22	21
LOC_1728	14	15	15	15	14	14	12	15	15	13	15	15	14
LOC_1729	18	17	18	18	17	17	18	19	18	18	17	17	18
LOC_1730	21	22	22	23	20	21	21	20	21	21	20	21	21
LOC_1731	22	19	21	21	21	21	22	22	22	22	19	19	21
LOC_1732	26	23	24	25	24	23	25	24	23	23	23	23	25
LOC_1733	21	21	21	21	24	24	22	23	21	21	21	21	21
LOC_1734	22	20	22	22	23	24	25	22	22	22	22	22	21
LOC_1735	16	16	17	17	16	16	16	16	16	17	16	17	16
LOC_1736	22	22	22	21	21	20	21	19	22	21	21	21	21
LOC_1737	21	21	15	15	21	21	21	21	20	20	21	21	21
LOC_1738	16	16	16	16	16	16	17	17	17	16	15	15	16
LOC_1739	22	21	21	21	21	21	21	21	21	21	21	19	21
LOC_1740	18	20	20	20	17	18	17	17	17	18	22	21	17
LOC_1741	18	18	18	18	18	18	18	17	19	18	20	19	18
LOC_1742	18	15	19	18	18	18	18	18	18	19	17	17	18
LOC_1743	22	23	22	21	21	21	22	21	22	22	21	22	21
LOC_1744	17	17	17	17	17	17	17	17	17	17	16	17	17
LOC_1745	16	15	15	15	15	15	17	16	16	19	18	16	16
LOC_1746	22	22	26	23	24	22	23	22	22	22	21	21	22
LOC_1747	16	17	16	16	15	15	17	17	18	17	15	15	17
LOC_1748	18	18	18	20	18	18	16	16	18	19	19	19	18
LOC_1749	21	22	23	23	24	24	19	19	23	22	21	21	21
LOC_1750	18	20	20	21	20	20	18	17	18	17	19	19	18
LOC_1751	21	20	21	20	21	20	23	24	21	21	20	21	21
LOC_1752	13	12	13	12	13	13	13	13	13	13	13	13	13
LOC_1753	20	22	21	21	22	22	21	22	21	21	21	21	21
LOC_1754	21	18	18	17	18	20	20	21	21	21	18	18	21
LOC_1755	21	21	21	21	22	21	21	21	20	20	20	21	21
LOC_1756	17	20	20	20	19	19	18	19	20	19	20	20	18
LOC_1757	18	17	17	17	17	17	20	20	20	19	19	18	18
LOC_1758	23	24	22	22	22	22	22	22	21	22	26	24	21
LOC_1759	17	18	17	17	17	17	16	16	17	17	17	17	17
LOC_1760	21	20	20	20	18	19	21	20	19	19	20	21	21
LOC_1761	21	20	23	25	24	24	22	22	22	24	23	22	23
LOC_1762	20	19	24	24	19	22	19	19	20	22	19	20	19
LOC_1763	17	19	17	17	15	15	18	18	17	17	19	19	17
LOC_1764	17	16	14	16	18	18	18	18	18	18	16	17	16
LOC_1765	23	18	18	18	18	18	21	21	21	21	18	19	21
LOC_1766	17	19	18	18	18	17	16	16	16	19	19	19	17
LOC_1767	21	18	17	17	19	19	21	23	20	20	19	18	21
LOC_1768	14	14	14	14	15	15	14	14	15	15	14	14	14
LOC_1769	18	17	17	17	18	18	18	21	18	18	17	17	18
LOC_1770	21	21	21	22	21	22	22	20	18	19	21	21	21
LOC_1771	18	20	19	18	18	18	18	18	18	18	22	20	18
LOC_1772	16	17	17	17	17	17	16	16	16	16	17	18	16
LOC_1773	21	18	20	20	21	23	20	20	20	20	20	20	20
LOC_1774	18	18	18	18	17	18	17	17	19	15	19	19	18
LOC_1775	18	18	18	17	18	18	17	17	17	17	17	16	18
LOC_1776	22	19	19	19	21	20	22	21	21	21	19	19	21
LOC_1777	17	17	16	16	16	16	16	16	15	16	18	16	16
LOC_1778	20	23	23	23	23	27	23	23	21	21	23	23	21
LOC_1779	18	18	15	15	17	19	18	15	19	19	18	18	18
LOC_1780	23	22	21	23	21	22	24	23	23	23	22	22	23
LOC_1781	22	20	21	20	22	21	21	24	21	21	22	21	21
LOC_1782	14	17	15	15	15	15	14	14	14	14	14	15	14
LOC_1783	21	21	20	22	21	21	21	21	21	22	20	20	21
LOC_1784	17	17	17	17	17	17	17	18	17	17	18	18	17
LOC_1785	17	17	17	16	17	17	17	17	17	15	17	17	17
LOC_1786	10	10	10	10	10	10	10	10	11	12	10	10	10
LOC_1787	13	13	12	13	13	13	13	13	13	13	13	13	13
LOC_1788	21	21	21	22	22	21	20	19	21	21	21	21	21
LOC_1789	26	19	20	20	25	25	24	25	24	23	18	18	25
LOC_1790	18	20	19	20	19	18	16	16	16	17	18	18	18
LOC_1791	11	13	13	13	13	13	11	11	11	11	16	13	11
LOC_1792	19	19	19	20	19	17	19	19	18	19	19	19	19
LOC_1793	16	17	16	16	16	15	16	16	16	16	17	17	16
LOC_1794	20	20	20	20	20	20	19	19	21	21	20	21	21
LOC_1795	16	15	15	15	15	15	17	18	16	16	15	15	16
LOC_1796	10	11	11	11	11	11	10	10	10	10	11	11	11
LOC_1797	17	17	17	17	17	17	17	17	18	17	17	17	17
LOC_1798	21	23	25	23	21	21	21	21	22	22	22	23	21
LOC_1799	16	17	16	16	16	17	16	16	16	16	17	16	16
LOC_1800	20	20	20	20	21	22	21	21	21	23	22	21	21
LOC_1801	21	21	20	20	19	19	21	23	21	21	20	20	21
LOC_1802	18	21	20	20	16	16	17	18	18	18	21	20	18
LOC_1803	17	16	15	15	14	14	17	18	18	16	14	16	17
LOC_1804	23	24	25	25	23	23	21	22	22	21	24	22	21
LOC_1805	18	17	16	17	17	17	18	18	18	18	15	15	18
LOC_1806	21	22	21	21	21	21	22	21	21	21	21	23	21
LOC_1807	21	24	23	24	20	22	22	21	21	21	23	23	21
LOC_1808	15	15	15	14	13	17	17	17	15	15	15	17	15
LOC_1809	21	21	21	21	21	21	21	21	20	20	21	21	21
LOC_1810	18	19	18	18	18	18	18	18	19	18	19	19	18
LOC_1811	26	29	27	27	26	26	23	23	24	27	26	24	25
LOC_1812	15	15	15	15	15	15	16	16	16	16	16	16	15
LOC_1813	15	14	15	15	15	15	14	14	14	14	15	17	14
LOC_1814	13	13	14	13	13	13	12	12	12	12	13	13	13
LOC_1815	15	15	15	15	15	15	15	15	15	15	15	14	15
LOC_1816	22	21	20	20	21	21	24	21	23	22	24	21	21
LOC_1817	15	17	16	16	15	15	15	15	15	15	16	16	15
LOC_1818	21	23	23	24	19	23	24	22	22	21	22	22	22
LOC_1819	20	21	20	20	20	19	18	18	18	16	20	20	18
LOC_1820	21	22	21	21	21	20	23	23	23	23	23	23	23
LOC_1821	17	18	19	19	17	18	17	17	17	17	18	18	17
LOC_1822	23	23	23	23	23	24	21	22	21	21	24	23	21
LOC_1823	15	16	15	16	16	16	16	16	16	16	17	17	16
LOC_1824	15	15	15	16	15	15	16	15	15	14	15	15	15
LOC_1825	20	21	20	18	22	22	20	19	21	20	23	21	21
LOC_1826	15	18	16	15	16	16	16	16	14	15	18	18	15
LOC_1827	20	23	23	23	21	21	23	23	24	24	23	23	23
LOC_1828	15	15	15	15	15	15	18	18	19	18	15	15	16
LOC_1829	12	12	12	12	12	12	12	12	12	12	12	12	12
LOC_1830	16	15	16	16	16	17	18	16	17	17	15	15	16
LOC_1831	17	18	17	17	17	17	18	18	18	19	17	17	17
LOC_1832	15	16	15	15	16	16	15	15	15	15	15	16	15
LOC_1833	21	23	21	21	22	21	21	21	22	22	24	24	21
LOC_1834	17	17	17	17	18	18	17	17	17	19	17	17	17
LOC_1835	13	13	13	13	13	13	15	15	15	15	13	13	15
LOC_1836	17	17	18	18	18	17	18	17	16	16	17	17	17
LOC_1837	18	19	18	18	19	19	18	18	19	19	18	18	19
LOC_1838	13	15	13	13	13	13	13	13	13	13	15	15	13
LOC_1839	20	20	20	19	20	20	20	19	21	20	21	23	20
LOC_1840	17	19	18	18	18	18	20	23	18	18	19	19	18
LOC_1841	13	13	13	13	13	13	13	13	14	13	13	13	13
LOC_1842	18	15	18	18	18	18	19	19	17	18	18	18	17
LOC_1843	21	22	24	23	21	21	19	21	23	23	24	24	21
LOC_1844	21	20	20	20	19	19	22	22	21	21	19	19	21
LOC_1845	13	13	13	13	13	13	13	13	13	13	13	14	13
LOC_1846	21	21	21	21	21	20	21	21	21	21	20	22	21
LOC_1847	16	17	21	21	16	15	17	16	16	16	17	19	16
LOC_1848	18	18	18	18	19	19	18	18	18	18	18	18	18
LOC_1849	13	13	13	13	13	13	13	13	14	14	13	13	13
LOC_1850	16	17	17	17	17	17	16	16	16	16	17	17	16
LOC_1851	22	22	22	23	19	20	22	20	21	23	21	21	21
LOC_1852	20	20	21	20	21	21	19	20	19	17	20	19	19
LOC_1853	12	13	13	13	13	13	12	12	12	12	13	13	12
LOC_1854	22	21	23	23	21	22	25	21	23	22	20	21	21
LOC_1855	18	19	19	20	18	18	19	19	19	19	20	21	18
LOC_1856	14	14	17	17	14	14	14	13	15	14	14	14	14
LOC_1857	17	18	18	20	17	17	17	17	17	17	18	18	17
LOC_1858	15	16	16	16	15	16	16	16	15	15	16	16	15
LOC_1859	17	16	18	19	17	17	18	17	17	18	16	16	17
LOC_1860	17	20	19	19	18	18	17	17	17	17	18	17	17
LOC_1861	18	18	18	18	18	17	18	18	18	20	18	18	18
LOC_1862	21	20	20	20	20	20	21	21	21	21	20	20	21
LOC_1863	15	14	14	14	14	14	14	14	14	14	14	14	14
LOC_1864	15	15	16	16	15	14	14	14	14	14	15	15	14
LOC_1865	14	14	14	14	14	14	14	14	13	14	15	14	14
LOC_1866	14	14	15	15	14	14	16	14	14	14	12	12	14
LOC_1867	22	21	20	20	17	18	22	22	21	22	21	21	21
LOC_1868	19	19	19	19	18	18	17	18	18	17	19	22	18
LOC_1869	18	18	15	16	18	18	21	18	17	18	21	19	18
LOC_1870	14	14	14	14	14	14	14	14	14	14	12	14	14
LOC_1871	20	18	18	18	19	19	19	19	19	19	18	18	19
LOC_1872	19	18	19	18	19	19	19	19	19	20	17	17	19
LOC_1873	15	15	15	15	15	15	15	15	15	15	15	15	15
LOC_1874	15	16	16	16	17	16	15	15	15	15	16	16	15
LOC_1875	17	16	16	16	17	16	16	17	19	19	16	16	17
LOC_1876	17	17	17	17	16	17	15	16	14	17	17	17	15
LOC_1877	21	20	22	21	19	19	21	20	22	22	21	21	21
LOC_1878	19	20	19	19	20	21	18	20	19	22	20	19	19
LOC_1879	23	23	24	22	22	22	21	21	22	24	22	22	22
LOC_1880	15	15	16	16	16	16	16	16	18	17	15	15	14
LOC_1881	16	17	17	17	17	17	17	17	16	16	15	17	16
LOC_1882	18	18	18	18	18	18	17	17	18	18	17	18	18
LOC_1883	21	23	21	21	21	21	21	21	20	21	20	20	20
LOC_1884	16	17	16	16	16	16	17	17	17	17	16	16	16
LOC_1885	18	18	18	18	21	19	18	17	18	18	19	18	18
LOC_1886	18	18	18	18	18	18	19	18	18	18	19	18	18
LOC_1887	17	17	17	15	16	17	18	18	18	18	17	17	17
LOC_1888	22	24	22	22	21	21	22	22	23	19	22	22	22
LOC_1889	18	18	18	18	18	18	18	18	17	18	17	17	18
LOC_1890	18	17	18	18	17	17	17	17	17	17	17	17	17
LOC_1891	14	12	12	12	12	12	14	14	14	14	12	12	14
LOC_1892	13	13	13	13	15	14	13	13	13	13	14	14	13
LOC_1893	21	22	21	21	22	21	21	20	20	22	22	22	21
LOC_1894	17	17	17	17	20	20	19	17	17	17	17	17	17
LOC_1895	18	18	18	18	17	17	19	19	16	18	18	18	18
LOC_1896	22	23	23	23	23	23	22	22	23	22	23	23	22
LOC_1897	13	12	12	12	13	12	11	11	11	11	12	12	13
LOC_1898	14	14	14	14	14	13	14	14	15	15	14	14	14
LOC_1899	16	16	15	16	16	18	16	16	16	17	16	16	16
LOC_1900	20	20	21	21	20	20	19	15	18	17	20	20	20
LOC_1901	17	17	19	17	16	16	16	18	16	16	17	17	16
LOC_1902	18	18	18	18	17	18	19	19	18	18	17	17	18
LOC_1903	20	22	22	21	20	20	20	20	20	19	20	20	20
LOC_1904	21	21	21	22	20	20	21	21	22	21	24	22	21
LOC_1905	20	21	20	20	19	19	21	21	21	21	22	21	20
LOC_1906	16	13	15	15	16	15	18	17	15	17	14	14	16
LOC_1907	22	23	25	25	23	23	20	20	21	21	22	24	21
LOC_1908	19	22	21	20	21	23	22	21	20	21	21	23	21
LOC_1909	15	15	18	19	15	15	16	16	16	16	15	15	16
LOC_1910	16	16	16	16	16	16	18	17	16	16	16	16	16
LOC_1911	17	19	19	18	18	18	17	17	17	17	19	19	17
LOC_1912	21	21	21	21	21	23	21	20	22	21	22	21	21
LOC_1913	23	22	22	21	21	21	22	20	23	22	21	20	22
LOC_1914	20	21	21	20	21	21	20	20	20	19	22	21	20
LOC_1915	21	18	21	21	21	21	20	21	21	20	20	21	21
LOC_1916	8	8	8	8	8	8	9	8	8	8	8	8	8
LOC_1917	20	21	21	21	21	21	19	22	19	19	22	18	20
LOC_1918	20	22	20	19	20	20	19	19	19	19	20	20	19
LOC_1919	21	22	24	25	24	24	20	21	20	20	23	22	20
LOC_1920	21	22	23	23	24	21	22	22	23	22	22	22	23
LOC_1921	15	15	15	15	15	15	17	17	18	18	15	15	15
LOC_1922	13	14	14	14	13	13	13	13	13	13	14	14	13
LOC_1923	19	15	19	19	19	18	20	20	19	19	15	15	20
LOC_1924	22	19	20	21	20	20	20	20	20	20	19	20	20
LOC_1925	22	23	22	20	22	22	23	23	22	22	22	22	22
LOC_1926	16	17	18	18	18	17	17	17	16	17	17	18	17
LOC_1927	14	14	14	14	14	14	15	15	15	15	14	14	15
LOC_1928	19	19	23	22	20	20	19	19	19	19	21	19	19
LOC_1929	22	24	23	22	24	24	24	24	26	25	23	26	23
LOC_1930	20	21	20	20	20	20	19	19	20	20	21	21	20
LOC_1931	16	16	18	18	16	16	16	16	18	18	17	17	16
LOC_1932	14	11	13	13	11	11	14	14	14	14	13	13	14
LOC_1933	16	15	15	15	15	15	15	16	16	16	15	15	16
LOC_1934	18	16	16	16	18	18	20	20	20	21	17	17	20
LOC_1935	18	19	20	19	18	18	18	18	18	18	19	19	18
LOC_1936	18	19	17	17	17	17	16	16	19	18	19	20	18
LOC_1937	14	14	14	14	17	17	14	14	14	14	17	18	14
LOC_1938	20	20	20	20	20	22	20	19	20	20	17	17	19
LOC_1939	19	20	22	21	19	19	19	19	19	18	17	16	19
LOC_1940	22	23	23	23	22	23	23	23	22	22	24	23	22
LOC_1941	12	12	12	12	13	13	12	12	13	13	12	13	12
LOC_1942	20	19	17	17	18	17	20	21	19	19	18	19	20
LOC_1943	22	25	24	24	22	22	21	21	22	22	25	25	21
LOC_1944	20	20	20	20	21	20	24	25	23	23	21	20	23
LOC_1945	16	17	17	17	18	17	15	18	17	17	17	17	17
LOC_1946	20	21	21	21	20	21	20	21	20	20	21	20	20
LOC_1947	20	20	20	21	20	20	21	21	19	19	23	22	20
LOC_1948	21	22	21	23	25	24	20	20	24	23	22	22	21
LOC_1949	15	16	15	15	15	15	14	14	15	15	16	16	15
LOC_1950	27	30	31	28	29	29	25	25	27	27	30	31	27
LOC_1951	18	17	18	18	18	18	18	18	18	20	18	17	18
LOC_1952	21	21	22	20	21	20	20	20	21	20	21	19	20
LOC_1953	21	20	21	23	21	23	21	20	21	20	19	19	20
LOC_1954	14	14	14	14	14	14	14	14	14	14	14	14	14
LOC_1955	14	14	14	14	14	14	16	15	13	12	14	14	14
LOC_1956	13	14	14	14	13	13	14	14	14	16	13	13	13
LOC_1957	20	19	20	20	20	20	22	20	20	20	19	18	20
LOC_1958	20	19	20	20	20	20	20	19	20	21	21	20	20
LOC_1959	17	18	18	18	18	18	16	17	17	17	18	18	17
LOC_1960	14	14	14	14	14	14	15	15	16	15	14	14	14
LOC_1961	16	15	16	15	15	17	16	18	16	16	15	15	16
LOC_1962	20	22	18	18	20	21	20	20	19	19	22	21	20
LOC_1963	17	15	15	15	16	16	15	15	14	15	16	15	15
LOC_1964	18	18	18	18	18	18	18	18	17	17	21	21	18
LOC_1965	13	12	13	13	13	13	14	14	14	14	13	13	14
LOC_1966	19	19	20	20	20	20	20	20	20	19	18	18	20
LOC_1967	15	15	15	15	15	15	16	16	16	16	15	15	16
LOC_1968	22	18	24	24	22	21	19	19	19	18	23	24	20
LOC_1969	17	21	17	17	17	17	18	18	17	17	22	22	17
LOC_1970	24	21	23	23	23	23	25	25	23	19	25	25	23
LOC_1971	20	19	19	19	19	19	18	19	18	18	21	19	18
LOC_1972	18	18	18	18	19	19	18	18	17	17	18	18	18
LOC_1973	18	18	16	18	18	18	18	18	18	18	19	19	18
LOC_1974	14	14	14	14	14	14	14	14	14	14	14	14	14
LOC_1975	16	17	17	17	18	18	16	17	18	21	17	17	17
LOC_1976	21	21	20	20	22	22	23	22	22	22	20	21	21
LOC_1977	14	14	14	14	13	13	14	14	13	14	14	14	14
LOC_1978	18	20	20	20	20	20	16	16	16	17	20	21	16
LOC_1979	22	22	22	22	22	21	22	22	22	22	22	22	22
LOC_1980	14	14	16	14	14	14	14	14	15	15	11	14	14
LOC_1981	14	14	14	14	14	14	14	14	14	14	14	14	14
LOC_1982	18	18	18	18	18	17	17	17	17	17	18	18	17
LOC_1983	18	22	22	21	22	22	19	19	19	19	21	23	20
LOC_1984	20	20	18	19	23	20	20	22	20	19	20	20	20
LOC_1985	21	18	19	19	18	18	22	21	22	22	20	20	20
LOC_1986	15	16	16	16	16	16	15	14	15	15	16	16	15
LOC_1987	20	20	21	21	19	20	20	20	20	20	20	20	20
LOC_1988	13	12	13	13	13	13	13	12	13	13	12	12	13
LOC_1989	20	21	20	20	19	21	22	21	21	21	20	21	20
LOC_1990	19	17	17	17	17	17	20	21	20	20	17	17	20
LOC_1991	20	20	20	21	20	20	20	20	22	20	21	20	20
LOC_1992	17	16	17	17	18	17	18	18	17	17	16	16	17
LOC_1993	16	16	16	16	16	16	16	16	18	18	16	16	16
LOC_1994	28	28	29	28	28	28	25	24	25	26	28	26	27
LOC_1995	22	26	23	24	26	26	20	20	20	20	27	25	21
LOC_1996	20	18	18	18	19	18	18	18	18	21	17	18	20
LOC_1997	20	21	20	21	19	17	21	21	21	23	21	21	20
LOC_1998	19	17	18	17	17	17	19	19	16	20	17	17	18
LOC_1999	17	19	19	19	20	20	17	17	17	17	19	19	17
LOC_2000	13	13	13	13	13	13	13	13	13	13	14	14	13
LOC_2001	17	18	17	19	17	17	19	17	17	17	18	16	17
LOC_2002	20	21	19	19	20	20	20	20	20	20	20	20	20
LOC_2003	17	19	19	19	19	19	20	20	20	20	19	19	20
LOC_2004	23	20	20	20	23	22	21	22	23	23	20	20	23
LOC_2005	13	14	14	14	14	14	13	13	13	13	14	14	13
LOC_2006	17	20	20	20	20	20	21	20	20	20	20	20	20
LOC_2007	19	19	19	19	19	19	21	20	20	20	22	19	20
LOC_2008	14	14	14	14	15	15	14	14	16	14	14	14	14
LOC_2009	19	17	17	17	18	17	18	18	18	18	18	18	18
LOC_2010	19	19	23	22	19	19	18	18	19	19	18	19	19
LOC_2011	22	17	17	17	18	18	19	19	20	20	17	19	20
LOC_2012	16	17	19	19	17	18	16	16	16	17	17	17	16
LOC_2013	20	21	20	19	20	21	21	20	20	20	21	21	20
LOC_2014	22	22	23	24	22	24	22	22	21	21	23	23	21
LOC_2015	17	17	16	16	17	17	20	20	19	19	15	15	19
LOC_2016	17	17	18	17	17	17	18	18	18	18	17	17	18
LOC_2017	19	19	18	18	19	19	21	21	19	19	19	19	19
LOC_2018	15	15	15	15	15	16	15	15	15	15	14	15	15
LOC_2019	20	23	23	23	19	20	21	20	20	20	23	23	20
LOC_2020	31	24	28	27	28	28	29	27	26	27	23	23	29
LOC_2021	20	20	19	21	19	19	18	18	20	18	20	18	18
LOC_2022	18	18	18	17	18	18	18	18	18	19	18	18	18
LOC_2023	15	14	14	14	14	14	15	15	15	15	14	14	15
LOC_2024	22	22	24	21	22	24	21	21	23	22	23	24	23
LOC_2025	19	20	20	20	18	15	18	18	16	16	18	18	16
LOC_2026	21	20	21	21	20	20	22	21	22	22	21	21	22
LOC_2027	20	19	20	19	20	20	19	21	19	19	21	20	20
LOC_2028	14	14	14	14	15	15	14	14	17	17	14	16	14
LOC_2029	20	21	23	23	21	21	22	21	20	20	20	21	20
LOC_2030	19	20	19	19	19	19	17	17	18	18	19	20	17
LOC_2031	17	17	18	18	17	17	19	17	18	15	18	17	17
LOC_2032	25	25	26	26	22	23	23	25	23	24	25	25	23
LOC_2033	20	21	23	22	21	22	22	21	20	21	21	21	20
LOC_2034	19	20	19	20	18	19	19	19	19	19	20	20	19
LOC_2035	20	21	21	21	21	20	20	19	19	19	21	21	20
LOC_2036	13	13	14	14	13	13	14	14	14	14	13	13	13
LOC_2037	18	20	20	20	20	20	22	20	22	21	20	20	20
LOC_2038	20	20	21	25	20	20	21	20	20	19	21	20	20
LOC_2039	20	20	20	20	20	20	21	22	20	19	20	20	20
LOC_2040	20	20	20	21	21	20	20	20	20	20	22	19	20
LOC_2041	15	15	15	15	15	15	15	15	15	15	15	15	15
LOC_2042	7	7	7	7	7	7	7	7	7	7	7	7	7
LOC_2043	18	16	16	17	15	16	19	19	22	23	16	16	18
LOC_2044	13	13	13	13	11	13	16	16	15	15	13	13	13
LOC_2045	21	19	20	20	20	20	22	21	23	22	20	20	20
LOC_2046	17	17	17	15	17	17	17	17	16	17	18	19	17
LOC_2047	23	22	21	21	22	22	22	23	23	21	23	22	23
LOC_2048	20	21	19	20	20	21	20	20	22	20	20	20	20
