names	Run1_C_9	Run1_C_12	Run1_C_15	Run1_C_16	Run1_C_21	Run1_C_23	Run1_C_24	Run1_C_27	Run1_C_28	Run1_C_29	Run1_C_32	Run1_C_33	Run1_C_34	Run1_C_35	Run1_C_36	Run1_C_37	Run1_C_38	Run1_C_39	Run1_C_40	Run1_C_41	Run1_C_42	Run1_C_43	root
LOC_1	19	19	22	21	22	21	19	20	19	19	20	20	18	19	21	22	20	19	20	20	20	19	19
LOC_2	21	22	23	21	18	21	21	21	21	21	21	21	19	19	21	21	18	20	21	21	20	20	20
LOC_3	7	7	7	7	7	8	7	7	7	7	7	7	7	7	9	8	7	7	7	7	7	7	7
LOC_4	7	7	6	6	6	6	7	7	6	6	7	7	7	7	6	6	7	7	7	7	7	7	7
LOC_5	7	7	6	7	7	8	7	7	7	7	7	7	7	7	7	7	8	8	7	7	7	7	7
LOC_6	16	15	15	15	16	17	16	16	16	16	16	16	15	15	17	18	15	15	18	16	16	16	16
LOC_7	13	14	14	13	14	13	13	12	14	12	13	13	14	14	13	13	14	14	17	16	13	14	13
LOC_8	22	23	20	18	20	20	21	22	20	19	22	21	22	23	19	19	21	21	22	22	22	22	22
LOC_9	15	13	13	14	13	13	15	17	13	13	15	15	16	16	13	13	13	13	16	16	16	15	15
LOC_10	17	16	16	16	16	16	17	17	17	15	16	16	17	17	16	16	16	16	17	17	17	16	17
LOC_11	23	24	25	23	24	23	24	24	25	22	25	25	26	26	24	24	25	23	23	24	26	25	23
LOC_12	16	18	19	17	18	18	18	18	20	20	19	18	17	16	18	18	18	15	21	22	18	18	17
LOC_13	17	19	17	18	17	18	18	18	18	17	18	19	17	17	18	18	18	18	17	17	18	18	17
LOC_14	18	18	18	18	18	18	21	22	18	18	18	18	18	18	18	19	18	18	18	18	18	19	18
LOC_15	26	27	28	32	24	29	27	25	29	25	24	25	23	24	29	29	29	28	25	27	26	26	27
LOC_16	14	14	14	14	14	14	14	14	14	14	14	14	13	13	14	14	15	14	14	14	14	14	14
LOC_17	14	15	16	16	15	15	18	15	15	15	15	15	14	13	17	17	15	15	11	11	15	15	15
LOC_18	23	23	23	23	20	22	23	23	20	20	21	22	23	25	25	25	21	23	21	23	24	23	23
LOC_19	23	24	22	22	22	23	23	24	21	22	24	24	22	23	26	25	24	24	23	26	22	22	22
LOC_20	16	16	16	16	16	16	17	21	16	16	21	24	18	18	16	16	16	16	17	18	15	15	15
LOC_21	13	13	15	15	15	15	13	13	15	15	13	14	13	15	15	15	13	13	13	13	13	13	13
LOC_22	21	21	22	22	20	22	21	21	20	20	22	22	23	22	23	24	20	20	21	21	20	21	21
LOC_23	17	15	18	18	18	20	16	16	18	20	16	15	16	16	17	17	15	14	16	16	13	13	16
LOC_24	23	23	27	25	25	26	19	21	24	25	20	18	24	24	25	25	20	20	25	23	23	23	23
LOC_25	22	24	23	23	23	22	22	23	24	22	22	23	21	21	23	23	23	24	22	21	21	21	22
LOC_26	15	15	14	14	16	15	16	16	15	15	18	18	15	15	15	14	15	15	15	15	15	15	15
LOC_27	17	18	18	20	19	20	18	18	19	19	18	18	18	18	19	20	20	20	18	18	18	18	17
LOC_28	21	21	21	22	21	22	20	21	21	21	21	21	20	21	22	22	21	22	22	21	21	21	21
LOC_29	25	26	26	27	25	26	26	25	26	29	25	25	27	29	26	26	26	27	26	26	28	29	25
LOC_30	19	18	19	19	20	21	19	18	20	20	19	18	19	19	19	19	19	19	19	19	19	19	19
LOC_31	25	24	25	27	24	26	26	26	27	27	26	26	24	23	26	26	25	25	24	25	26	26	26
LOC_32	20	21	19	19	19	20	20	22	19	19	21	21	20	20	20	22	18	19	20	19	19	19	20
LOC_33	15	15	14	14	15	14	15	16	15	16	16	16	15	15	14	14	18	18	15	15	16	15	15
LOC_34	14	16	15	15	15	15	14	14	15	15	14	15	15	15	15	15	16	16	15	15	15	15	14
LOC_35	19	19	24	21	21	21	19	19	21	21	21	21	19	19	21	21	19	19	19	19	19	19	19
LOC_36	20	20	20	20	20	20	20	20	20	20	20	20	20	20	20	20	20	21	20	20	20	20	20
LOC_37	20	20	19	19	19	22	22	23	20	19	27	25	23	24	22	22	20	22	22	22	20	22	21
LOC_38	12	19	17	16	17	17	12	12	16	17	12	14	12	12	16	17	20	19	14	17	16	16	16
LOC_39	21	19	19	19	18	19	21	21	19	19	22	22	19	20	19	19	20	20	21	21	21	22	20
LOC_40	12	16	13	13	15	13	14	14	15	15	14	14	12	13	13	13	15	15	14	14	15	15	14
LOC_41	21	23	23	24	21	23	19	23	21	24	25	25	19	19	23	20	24	24	22	23	22	23	21
LOC_42	20	24	21	22	20	21	23	24	20	21	23	22	25	24	20	20	24	23	25	25	21	21	21
LOC_43	18	18	20	20	18	18	18	17	18	18	16	16	19	19	18	18	18	17	19	19	18	18	18
LOC_44	18	18	18	18	18	20	18	17	19	19	17	17	16	16	20	21	18	18	18	18	18	18	18
LOC_45	18	20	18	19	19	19	18	18	19	19	18	18	18	18	19	19	21	21	18	18	18	18	18
LOC_46	22	24	22	22	22	22	20	21	22	21	21	21	20	20	22	22	25	26	20	20	20	21	20
LOC_47	13	15	15	15	16	15	13	13	16	16	14	14	13	13	15	15	14	14	13	13	14	15	15
LOC_48	17	17	17	18	18	17	17	17	17	17	17	17	18	20	15	15	17	16	18	18	17	17	17
LOC_49	16	16	16	16	14	16	16	17	14	14	18	20	16	16	17	17	16	16	17	16	17	15	15
LOC_50	16	15	15	15	15	16	16	16	15	16	16	16	16	16	15	15	15	15	16	16	15	15	16
LOC_51	20	20	20	21	20	25	19	17	19	20	17	17	22	21	23	24	21	21	21	21	20	20	20
LOC_52	19	21	20	20	20	19	21	19	21	21	19	18	18	18	19	18	21	21	19	18	22	21	19
LOC_53	23	25	25	25	25	24	23	22	23	23	21	22	23	23	26	25	24	25	23	24	25	25	23
LOC_54	20	20	19	19	21	20	22	20	20	21	22	23	21	20	20	20	20	20	20	20	20	20	20
LOC_55	19	22	20	20	20	21	19	18	20	20	18	18	18	18	21	21	22	22	18	17	20	20	20
LOC_56	19	19	20	22	21	21	19	20	20	20	21	21	19	19	21	19	17	21	19	19	19	19	19
LOC_57	23	25	20	22	22	21	24	22	23	25	22	22	23	24	24	22	28	25	23	24	25	26	23
LOC_58	22	21	21	21	21	21	22	22	20	21	24	24	23	25	20	20	20	20	23	23	21	21	21
LOC_59	9	9	9	9	9	12	9	9	10	10	9	9	9	9	9	9	9	9	6	6	9	9	9
LOC_60	20	20	20	25	21	20	20	21	20	20	21	21	20	20	20	20	20	20	20	20	21	20	20
LOC_61	24	24	22	22	21	25	24	24	21	20	24	23	25	24	23	22	24	22	24	24	24	24	24
LOC_62	18	16	15	15	15	15	17	18	15	15	19	19	18	17	18	18	16	16	18	18	17	17	18
LOC_63	17	18	19	20	18	20	19	17	20	17	18	16	15	16	19	19	19	20	16	16	18	18	17
LOC_64	17	17	17	19	20	18	17	17	22	22	18	17	16	16	18	18	18	18	20	17	15	18	17
LOC_65	17	20	17	16	18	16	17	17	18	18	17	18	18	23	16	16	18	18	18	18	17	17	17
LOC_66	19	22	20	22	20	21	19	21	20	20	19	19	19	19	23	23	21	19	19	19	19	19	21
LOC_67	22	22	22	24	24	22	22	22	22	22	20	21	22	22	22	22	22	21	25	22	22	22	22
LOC_68	14	15	18	19	18	19	15	13	19	19	13	13	18	16	19	24	14	15	15	15	16	18	16
LOC_69	21	20	26	24	22	23	21	21	22	22	21	21	22	21	22	23	21	22	21	21	22	22	21
LOC_70	24	24	25	24	25	23	22	23	28	27	25	25	21	23	23	23	24	29	23	23	24	22	23
LOC_71	17	17	18	17	17	19	17	17	18	17	17	18	17	17	17	16	18	18	17	17	16	18	16
LOC_72	20	20	20	19	21	18	19	19	21	21	19	19	16	17	19	20	20	21	15	16	20	20	20
LOC_73	18	19	19	18	19	19	19	18	20	20	19	18	17	18	18	18	19	18	17	17	19	18	19
LOC_74	22	23	22	21	21	23	22	22	20	20	19	19	21	22	23	23	22	23	22	22	26	21	22
LOC_75	24	23	26	26	24	29	22	19	24	26	20	20	22	22	28	30	22	22	20	22	22	23	23
LOC_76	21	20	22	21	22	20	23	22	23	20	22	22	22	21	20	20	19	19	22	21	21	20	21
LOC_77	14	14	14	14	14	14	14	14	13	15	14	14	14	14	14	14	16	16	14	14	14	14	14
LOC_78	22	21	21	22	21	23	22	22	20	20	21	21	22	21	22	22	21	21	24	23	22	22	22
LOC_79	15	14	16	14	14	14	15	15	14	14	16	16	15	14	16	16	14	14	15	15	15	15	15
LOC_80	24	27	26	26	27	26	25	25	26	25	22	25	25	26	26	25	25	25	24	26	25	25	24
LOC_81	17	16	16	16	16	16	18	18	16	15	19	18	17	17	16	16	16	17	17	18	16	16	16
LOC_82	19	21	19	22	20	22	19	20	20	20	20	20	20	20	20	21	21	22	20	20	20	21	20
LOC_83	18	18	18	19	18	19	18	18	18	19	17	17	18	18	19	17	18	18	19	19	18	18	18
LOC_84	16	16	16	15	17	16	15	15	16	16	14	14	15	16	17	16	16	15	15	16	16	16	16
LOC_85	21	18	18	20	20	19	21	20	22	21	21	21	24	24	19	20	18	18	22	21	22	23	21
LOC_86	16	15	14	14	14	14	16	16	13	13	14	16	15	15	14	14	15	16	15	15	16	16	16
LOC_87	20	16	16	16	16	16	20	20	16	16	18	21	20	20	17	16	15	18	20	20	16	16	20
LOC_88	21	22	21	23	22	21	24	22	23	21	21	20	23	24	21	21	22	22	23	23	23	23	22
LOC_89	24	26	25	25	23	25	29	30	23	23	29	30	25	25	24	24	27	27	25	25	25	24	26
LOC_90	20	19	19	20	19	19	19	20	21	20	22	20	20	21	19	19	19	19	21	20	19	18	20
LOC_91	16	18	17	18	19	18	16	16	19	19	17	16	16	16	18	19	15	15	17	16	18	18	17
LOC_92	19	19	19	18	19	19	19	19	19	21	19	19	19	19	19	19	18	18	20	18	19	19	19
LOC_93	13	13	12	11	13	12	12	13	13	13	13	13	12	12	12	12	13	13	12	13	12	12	12
LOC_94	15	15	15	15	15	15	15	15	15	15	15	15	15	15	16	16	15	14	16	15	15	15	15
LOC_95	13	13	13	13	13	13	15	14	13	13	13	14	13	13	13	14	13	12	14	13	13	13	13
LOC_96	20	19	18	18	18	18	20	21	17	18	21	21	21	21	19	19	19	19	20	21	19	19	20
LOC_97	20	20	19	19	19	19	21	20	18	20	20	20	18	18	19	19	20	21	21	21	22	22	20
LOC_98	18	17	15	15	15	15	17	17	15	15	16	17	15	15	16	16	18	18	17	17	15	15	15
LOC_99	17	17	16	16	16	16	18	19	16	16	18	18	17	17	16	16	16	16	18	17	16	16	16
LOC_100	14	14	14	14	15	14	14	14	13	13	14	16	12	13	14	14	14	15	14	14	14	14	14
LOC_101	20	21	22	21	22	21	21	21	22	22	21	21	21	20	20	21	21	20	22	21	21	25	21
LOC_102	18	20	20	20	20	20	17	18	20	21	18	18	18	18	17	17	20	21	18	19	19	20	19
LOC_103	14	15	16	16	16	16	14	14	16	16	15	14	14	14	16	17	16	16	13	13	16	16	14
LOC_104	22	20	21	21	21	20	19	17	20	20	17	17	23	21	20	20	20	21	20	20	20	21	21
LOC_105	13	17	16	16	16	16	14	14	16	16	14	14	14	14	16	15	16	16	14	14	16	16	16
LOC_106	28	28	29	31	28	29	29	27	30	28	30	27	27	27	32	30	27	24	26	29	26	27	28
LOC_107	15	16	14	14	14	14	17	18	14	14	16	16	19	17	14	14	15	15	17	17	14	15	15
LOC_108	23	24	23	23	23	23	23	23	23	23	23	23	23	22	23	21	24	24	23	23	23	22	23
LOC_109	14	12	14	14	16	14	16	14	16	16	14	14	14	15	14	14	14	14	14	13	14	14	14
LOC_110	16	14	16	17	17	17	18	18	17	18	18	18	18	18	16	17	18	18	18	18	16	16	16
LOC_111	15	16	16	16	16	16	14	14	16	15	15	14	15	15	15	16	16	16	16	15	15	15	15
LOC_112	22	21	22	25	24	22	20	21	24	24	21	21	22	22	21	21	21	22	23	21	21	22	21
LOC_113	14	14	14	14	16	14	14	14	14	14	14	14	14	14	14	14	14	14	14	14	14	12	14
LOC_114	17	20	21	21	20	20	17	18	20	20	18	18	17	17	20	20	20	20	17	17	21	19	17
LOC_115	14	14	14	14	14	14	15	14	16	16	14	14	13	13	14	14	14	14	14	14	14	14	14
LOC_116	16	14	14	14	14	13	16	19	14	14	17	19	18	17	13	13	14	14	17	17	14	17	14
LOC_117	19	22	22	24	21	24	19	19	23	23	20	20	18	18	26	25	22	22	18	20	20	20	19
LOC_118	16	16	16	16	16	16	15	13	16	18	13	13	16	16	15	15	16	16	17	16	17	17	16
LOC_119	23	24	23	20	23	20	22	22	23	22	24	23	23	22	21	21	23	23	26	23	23	23	23
LOC_120	18	18	18	18	18	18	18	17	19	20	17	17	18	19	18	18	18	18	18	18	18	18	18
LOC_121	21	18	18	18	18	18	18	19	19	20	18	19	24	21	18	19	22	21	21	21	18	18	18
LOC_122	19	20	20	20	18	20	20	20	19	19	21	19	19	19	20	19	19	20	18	19	19	18	19
LOC_123	23	23	23	22	22	23	28	28	22	22	27	29	29	29	22	22	22	23	26	27	26	23	24
LOC_124	21	20	23	24	21	22	22	22	21	21	22	25	22	22	21	25	22	22	23	23	23	24	22
LOC_125	28	26	25	27	28	26	29	30	29	27	30	29	31	31	27	26	21	24	31	29	26	25	27
LOC_126	14	12	14	14	14	14	15	14	14	14	14	14	14	14	15	14	12	12	14	14	14	14	14
LOC_127	22	20	20	20	19	18	22	22	19	21	22	21	22	22	20	20	20	20	23	25	22	22	22
LOC_128	20	25	22	24	22	23	19	20	23	22	20	19	18	19	22	23	23	23	20	20	20	20	20
LOC_129	19	19	19	21	17	21	17	18	17	17	18	18	19	19	20	20	20	20	19	19	19	19	19
LOC_130	23	23	25	25	25	27	24	22	23	24	24	24	26	27	25	27	23	24	23	23	24	24	24
LOC_131	15	15	15	15	15	15	15	15	15	15	16	15	15	15	15	15	15	15	16	20	15	15	15
LOC_132	23	21	20	20	20	20	20	19	20	20	21	21	20	20	20	20	21	21	20	20	21	21	21
LOC_133	23	21	21	21	22	21	23	25	21	21	23	23	25	25	22	24	21	23	22	24	22	22	22
LOC_134	23	21	20	19	20	22	24	23	20	20	24	24	22	22	23	22	22	21	23	23	25	24	23
LOC_135	14	15	14	17	18	16	14	14	17	17	14	14	14	14	16	16	14	14	14	14	14	14	14
LOC_136	15	15	16	15	15	15	16	17	15	15	17	17	17	16	15	15	15	15	17	17	15	15	15
LOC_137	26	20	22	21	21	21	27	28	22	22	28	27	27	26	21	22	20	20	28	27	23	24	24
LOC_138	21	21	21	20	20	20	24	21	21	21	21	20	22	21	19	20	21	21	21	23	19	18	21
LOC_139	17	17	17	18	17	17	17	17	17	17	17	17	18	17	17	17	17	17	17	17	17	17	17
LOC_140	18	17	17	17	17	17	17	17	16	16	17	17	17	17	17	17	19	16	17	17	17	17	17
LOC_141	15	15	14	13	14	14	12	15	13	13	16	15	15	15	15	15	16	15	16	16	15	15	15
LOC_142	30	26	25	30	27	30	29	28	30	29	31	30	27	27	29	27	26	25	28	29	25	29	27
LOC_143	21	22	19	22	20	22	23	24	20	20	24	24	25	24	21	19	22	22	23	25	20	20	21
LOC_144	16	15	16	16	16	16	16	16	15	15	16	16	16	18	16	16	15	15	16	16	16	16	16
LOC_145	20	18	20	19	18	20	16	16	18	18	16	16	19	17	19	21	18	18	17	17	18	18	20
LOC_146	20	19	21	21	22	21	20	19	21	21	19	19	19	19	19	20	19	18	20	20	20	18	20
LOC_147	20	21	20	20	19	19	22	22	20	20	22	22	23	22	20	20	21	21	20	19	22	23	21
LOC_148	14	14	14	14	14	14	15	15	14	14	15	15	14	13	14	14	14	14	15	17	14	14	14
LOC_149	18	18	17	17	16	18	18	18	17	20	19	18	18	18	16	16	18	18	18	18	19	17	18
LOC_150	15	13	12	12	13	13	15	15	13	13	15	15	15	15	13	13	13	13	15	15	15	15	15
LOC_151	17	17	18	19	17	19	16	17	17	16	15	15	16	16	18	18	17	16	16	16	16	16	16
LOC_152	19	21	20	20	20	22	21	19	21	23	19	20	25	24	23	24	20	20	21	23	20	20	20
LOC_153	20	17	20	20	21	22	18	18	21	21	19	17	18	22	21	24	18	18	22	21	20	20	20
LOC_154	18	18	19	19	19	19	17	18	20	20	18	18	18	18	18	18	17	17	16	19	18	18	18
LOC_155	21	20	22	19	22	20	20	20	23	23	20	20	20	21	20	20	20	20	22	22	19	19	21
LOC_156	17	17	17	17	17	17	17	18	17	17	16	20	17	17	17	16	17	17	17	12	17	16	17
LOC_157	18	16	16	16	16	16	19	21	17	17	21	21	20	20	16	14	16	16	20	20	16	16	17
LOC_158	22	20	20	22	21	21	22	23	20	20	23	24	22	23	19	19	19	19	23	22	20	26	22
LOC_159	15	15	15	15	18	16	15	15	17	19	15	15	15	15	17	17	14	15	15	15	15	15	15
LOC_160	21	21	20	19	19	19	22	20	18	18	20	21	22	22	19	19	20	22	26	22	20	20	19
LOC_161	21	20	22	24	20	22	24	23	20	18	20	20	21	20	20	21	19	19	19	21	22	22	21
LOC_162	20	19	20	20	20	21	20	20	20	20	20	19	20	20	20	20	20	20	25	25	20	19	20
LOC_163	18	18	18	18	20	17	18	19	18	18	19	20	19	17	18	18	18	18	17	17	18	18	18
LOC_164	20	20	21	21	20	21	20	18	19	20	20	20	21	21	22	21	20	21	20	20	22	22	20
LOC_165	15	15	16	15	15	15	18	16	15	15	16	16	15	15	15	15	15	15	16	19	16	13	15
LOC_166	17	18	16	15	15	16	17	17	16	16	16	17	18	17	16	16	17	18	17	18	16	16	17
LOC_167	16	17	17	17	18	17	17	18	18	20	16	16	16	16	17	17	17	17	15	16	18	17	16
LOC_168	28	26	24	22	24	22	28	30	25	25	31	32	25	24	23	23	27	27	24	26	27	27	28
LOC_169	23	23	22	21	22	22	22	23	23	22	23	23	23	23	24	22	23	23	24	24	23	23	23
LOC_170	18	22	21	23	22	22	18	19	24	23	19	19	18	18	22	22	25	25	18	18	20	20	19
LOC_171	23	25	19	21	19	19	21	21	20	20	21	21	21	21	21	22	25	25	21	22	22	22	23
LOC_172	24	22	24	23	24	24	22	22	22	22	22	22	22	21	23	23	20	22	25	25	22	22	22
LOC_173	15	17	17	18	17	18	14	14	17	17	14	14	15	15	18	18	17	17	16	16	16	16	16
LOC_174	24	22	22	22	24	22	26	24	23	23	24	22	23	23	23	20	23	26	30	25	22	22	22
LOC_175	26	25	27	25	25	28	26	29	26	26	29	31	24	26	26	26	26	28	25	25	26	26	27
LOC_176	14	14	14	14	14	14	14	14	14	14	15	16	14	14	14	13	14	14	14	14	14	14	14
LOC_177	24	25	26	24	24	27	24	24	25	25	23	23	25	25	24	22	23	23	25	24	25	23	24
LOC_178	23	21	22	22	23	23	23	23	23	23	23	23	24	25	23	23	22	21	24	27	24	24	23
LOC_179	27	22	23	22	23	23	25	26	23	23	25	25	28	26	23	23	22	23	26	26	23	24	23
LOC_180	22	22	24	24	21	23	22	24	22	22	22	22	22	23	22	22	25	22	23	22	23	23	22
LOC_181	18	19	21	20	19	21	18	18	18	18	18	18	18	17	20	21	17	17	17	21	18	18	18
LOC_182	24	23	21	23	23	24	23	23	22	22	23	22	24	24	24	23	23	21	26	24	22	23	23
LOC_183	25	26	25	26	27	28	25	25	25	27	25	24	22	23	26	27	24	25	23	25	26	26	25
LOC_184	16	17	16	16	17	16	16	16	17	17	17	16	16	16	16	16	17	17	16	16	16	15	16
LOC_185	20	20	20	20	20	21	23	20	21	20	20	20	22	22	22	21	21	21	21	22	20	20	20
LOC_186	16	16	17	17	16	16	16	13	15	15	13	13	16	17	16	13	16	16	17	17	16	16	16
LOC_187	21	22	20	20	22	19	23	23	23	24	26	23	22	23	20	20	20	20	21	20	20	20	21
LOC_188	25	26	25	28	24	21	23	27	26	26	27	27	26	27	23	26	25	26	25	24	25	24	25
LOC_189	15	14	14	14	14	15	14	14	14	14	14	14	14	14	15	15	14	15	14	14	14	12	14
LOC_190	19	23	24	21	22	23	19	19	21	23	19	19	20	20	25	26	26	23	20	19	22	22	22
LOC_191	16	17	17	17	19	18	16	16	20	20	16	16	16	16	17	18	21	17	16	16	17	17	17
LOC_192	21	22	23	22	22	23	24	21	24	24	22	22	23	22	22	22	22	22	23	23	24	23	21
LOC_193	15	16	16	16	15	16	15	15	15	15	16	16	16	15	16	16	16	16	15	15	14	15	15
LOC_194	18	18	18	18	19	17	22	21	19	18	23	23	20	20	18	18	18	18	21	22	17	18	18
LOC_195	19	18	18	20	18	16	19	19	18	18	19	19	19	19	16	16	18	18	19	19	19	18	18
LOC_196	24	23	21	21	21	22	25	20	21	21	22	22	22	23	18	18	22	22	20	20	21	21	22
LOC_197	21	22	23	22	21	22	21	20	21	18	21	19	19	21	21	21	21	20	21	21	22	22	21
LOC_198	30	23	27	27	24	27	34	31	27	28	28	29	29	30	27	26	23	24	28	26	27	28	27
LOC_199	14	14	16	16	14	15	14	14	13	13	14	14	14	14	17	16	14	14	15	15	14	12	14
LOC_200	19	24	23	24	23	24	19	20	22	22	20	20	17	17	26	23	22	23	17	17	25	24	23
LOC_201	23	23	22	23	24	23	24	24	25	26	24	23	25	25	22	23	27	23	21	22	25	25	24
LOC_202	18	16	18	18	18	17	18	18	19	20	18	18	20	20	16	17	19	19	19	19	19	17	17
LOC_203	18	19	19	19	18	20	19	20	19	19	20	19	19	19	21	20	19	19	26	25	17	19	18
LOC_204	19	19	18	18	16	18	21	19	16	16	19	19	21	19	18	18	18	18	19	19	19	18	18
LOC_205	14	15	14	14	14	13	14	14	15	15	14	14	14	14	14	14	15	15	14	14	14	14	14
LOC_206	20	21	20	20	20	20	21	24	19	19	22	22	17	17	20	20	19	18	16	16	21	20	20
LOC_207	15	16	15	16	16	15	18	18	19	17	17	17	17	17	15	15	16	16	17	18	14	15	14
LOC_208	13	14	14	14	15	14	13	13	15	15	13	13	13	13	14	14	15	14	13	13	12	13	14
LOC_209	17	18	19	18	18	18	17	17	19	19	17	17	17	17	16	18	18	19	17	18	18	18	17
LOC_210	21	22	21	21	21	26	22	21	22	22	27	24	21	20	24	24	22	21	21	21	23	23	22
LOC_211	26	24	24	23	25	26	25	27	24	24	27	27	25	25	23	25	24	24	27	27	24	23	24
LOC_212	26	24	20	21	22	21	28	30	21	21	28	27	23	23	22	22	23	25	23	23	25	22	24
LOC_213	19	19	18	17	17	14	20	20	18	18	21	21	20	20	17	17	20	19	22	22	18	18	19
LOC_214	17	19	17	17	18	17	15	13	18	18	13	13	13	12	18	17	18	18	14	13	17	17	17
LOC_215	15	19	17	16	17	16	16	17	17	18	18	17	16	15	16	16	18	18	15	15	17	17	16
LOC_216	20	21	20	20	20	20	22	21	21	22	20	19	20	20	19	20	21	21	20	21	20	19	20
LOC_217	27	23	23	23	21	21	28	27	21	21	27	26	25	25	21	21	20	20	26	26	26	27	25
LOC_218	17	18	18	18	18	18	19	17	17	18	17	18	17	18	18	19	20	19	17	17	17	17	17
LOC_219	17	13	13	13	13	13	16	17	13	13	17	16	16	16	13	13	11	11	16	16	14	14	15
LOC_220	18	16	16	17	18	16	17	17	18	18	17	16	19	19	16	16	16	16	19	19	16	16	18
LOC_221	22	22	22	23	23	24	23	23	23	23	24	25	22	23	23	23	23	27	22	23	25	24	24
LOC_222	28	27	28	26	28	25	26	26	25	26	25	24	27	26	26	27	28	27	27	27	26	29	28
LOC_223	14	14	14	14	14	15	15	15	14	16	15	15	14	14	14	14	14	14	12	14	14	14	14
LOC_224	16	16	15	16	16	15	17	16	16	16	17	16	16	16	15	15	18	17	16	16	16	16	16
LOC_225	21	24	26	26	23	24	20	19	24	24	19	19	19	19	27	27	23	23	19	19	24	24	21
LOC_226	16	16	16	16	16	16	19	18	16	16	17	20	18	18	16	16	16	16	18	18	16	16	16
LOC_227	8	7	7	7	7	7	8	8	7	7	7	7	8	8	7	7	7	9	8	8	7	7	7
LOC_228	16	15	19	16	16	16	16	16	16	16	16	16	16	16	16	17	13	13	16	16	16	16	16
LOC_229	17	15	15	15	16	15	17	16	15	15	17	17	17	17	15	15	14	14	17	17	17	17	17
LOC_230	18	19	21	22	20	23	19	20	20	20	22	24	22	22	20	20	21	21	22	22	19	18	19
LOC_231	19	19	19	19	19	19	20	19	20	19	20	21	19	20	19	19	20	20	20	20	19	19	19
LOC_232	18	18	18	18	17	18	20	21	23	23	21	21	20	20	19	19	18	18	20	20	18	18	18
LOC_233	15	15	15	15	15	15	15	16	15	15	15	15	15	15	15	15	15	15	17	15	16	15	15
LOC_234	15	14	13	13	13	13	16	15	11	13	15	15	15	15	13	13	16	15	15	15	14	14	15
LOC_235	22	24	21	20	21	23	23	24	21	20	23	25	26	25	23	24	24	24	23	22	23	23	22
LOC_236	17	17	18	18	18	18	16	17	18	16	17	17	18	17	21	18	17	17	16	16	17	17	17
LOC_237	19	23	21	21	23	21	19	19	21	21	19	19	18	19	21	20	23	23	17	19	22	21	20
LOC_238	21	24	23	23	24	24	22	21	23	23	21	21	22	22	23	23	24	23	20	20	21	21	21
LOC_239	22	18	20	20	18	19	22	20	18	18	22	23	22	22	20	20	18	19	22	21	22	22	22
LOC_240	14	15	15	15	15	17	14	14	15	15	14	14	14	14	16	16	16	16	16	17	15	15	14
LOC_241	18	18	18	17	18	17	17	17	18	17	17	17	16	17	17	17	17	17	17	17	18	17	18
LOC_242	18	18	16	16	15	15	16	18	15	15	18	15	18	18	16	16	17	19	18	18	17	18	17
LOC_243	19	19	18	19	21	18	19	19	18	20	19	20	19	19	19	19	21	20	20	20	19	19	19
LOC_244	14	14	14	14	14	14	14	14	14	14	14	14	14	14	14	14	18	14	14	14	14	14	14
LOC_245	23	23	24	23	24	23	26	28	24	23	25	29	26	26	24	23	25	26	24	25	24	25	24
LOC_246	24	22	23	23	22	23	23	24	24	24	26	26	28	28	22	22	23	22	25	25	23	24	24
LOC_247	16	16	16	16	16	16	18	17	16	16	16	16	16	16	16	17	15	15	16	16	16	16	16
LOC_248	18	18	18	18	18	18	19	17	17	17	19	20	18	18	17	18	18	18	18	18	18	18	18
LOC_249	21	25	25	25	25	24	23	23	26	25	25	25	23	23	24	23	24	24	26	26	24	24	24
LOC_250	25	25	27	27	27	25	28	25	26	26	24	24	28	28	28	28	25	25	24	27	27	24	27
LOC_251	16	18	16	16	17	16	17	17	17	16	17	17	16	16	16	19	18	18	17	17	17	17	17
LOC_252	27	21	21	22	22	20	26	26	23	22	28	29	28	26	21	21	20	21	25	26	25	22	22
LOC_253	14	14	15	12	15	15	14	14	16	15	14	13	14	14	16	15	17	14	14	14	15	15	14
LOC_254	16	15	16	15	17	15	16	16	15	15	16	16	16	16	15	15	16	15	16	16	16	17	16
LOC_255	23	23	23	22	23	21	24	23	22	23	27	25	23	22	22	20	20	20	22	24	22	22	23
LOC_256	21	18	19	20	19	21	20	20	21	21	22	22	21	20	22	22	19	19	21	19	19	20	19
LOC_257	20	20	20	20	20	20	18	18	22	20	18	18	18	19	20	21	19	19	18	18	20	20	20
LOC_258	14	14	13	13	13	12	14	14	13	13	14	14	13	13	13	16	13	13	14	14	13	13	13
LOC_259	20	19	20	20	22	21	20	20	18	20	20	20	20	20	21	20	20	20	20	20	20	20	20
LOC_260	22	20	21	20	19	21	23	22	19	20	22	22	22	21	22	21	20	20	24	24	22	22	22
LOC_261	15	14	15	16	15	16	15	15	16	15	15	15	15	15	16	16	15	15	13	13	15	15	15
LOC_262	13	13	15	13	13	12	13	12	13	13	12	12	13	13	14	14	13	13	13	13	13	13	13
LOC_263	16	14	16	17	16	18	16	17	16	16	17	17	16	16	18	20	14	14	17	16	16	16	16
LOC_264	21	22	22	22	22	20	23	22	22	22	23	23	22	22	21	20	24	24	23	22	21	23	22
LOC_265	24	25	22	24	25	24	24	23	25	25	22	24	27	26	23	25	26	26	27	25	25	25	24
LOC_266	18	19	16	16	19	16	18	18	19	20	18	18	19	18	15	15	19	19	18	21	19	19	19
LOC_267	19	18	19	18	18	18	19	19	17	18	19	19	18	17	18	18	18	18	18	18	18	18	18
LOC_268	17	17	17	18	17	17	16	16	17	17	15	16	16	16	17	17	17	17	16	16	17	17	17
LOC_269	15	16	16	15	16	15	16	16	16	16	16	16	16	16	15	15	16	16	17	17	17	16	16
LOC_270	18	19	18	19	19	19	18	20	18	18	18	18	18	18	19	19	19	20	18	18	19	19	19
LOC_271	23	24	24	23	24	22	23	23	24	24	23	25	24	23	22	22	23	23	26	24	23	25	24
LOC_272	22	23	20	20	22	20	22	22	21	22	24	23	22	22	20	20	24	25	23	22	22	22	23
LOC_273	25	24	23	22	25	20	24	27	23	25	28	28	24	24	20	20	23	24	25	25	25	24	24
LOC_274	22	23	25	24	24	22	23	25	24	24	22	22	22	21	24	24	24	24	23	22	22	23	22
LOC_275	15	15	15	15	15	15	17	17	15	15	17	18	15	15	15	15	17	16	15	18	15	15	15
LOC_276	20	20	20	20	19	20	23	23	19	19	22	23	18	18	20	20	23	20	18	18	20	20	20
LOC_277	14	14	14	15	14	14	12	15	14	14	15	15	15	15	14	14	14	14	14	14	14	14	14
LOC_278	14	14	14	14	14	14	14	14	14	13	14	14	15	14	14	14	15	14	14	14	14	14	14
LOC_279	15	15	15	15	15	15	14	15	15	15	16	16	14	14	15	15	18	16	13	14	15	15	15
LOC_280	20	19	21	23	21	23	20	20	22	22	21	20	21	20	24	24	19	19	19	20	21	24	20
LOC_281	21	20	18	19	20	17	20	20	22	20	19	19	19	20	18	18	20	22	21	21	18	18	20
LOC_282	15	17	17	19	16	17	15	15	16	17	15	15	14	14	17	17	16	16	14	14	15	16	15
LOC_283	16	17	15	15	15	14	14	14	15	15	15	16	14	14	14	14	17	18	14	14	16	16	14
LOC_284	14	14	14	13	14	13	14	14	14	14	14	14	12	12	13	12	14	14	12	12	13	13	14
LOC_285	31	29	24	24	26	23	34	29	26	24	29	31	30	25	23	23	28	27	27	30	28	30	29
LOC_286	20	19	19	19	20	18	18	18	19	20	21	19	18	18	18	18	20	20	18	18	19	21	18
LOC_287	27	29	24	23	24	25	28	28	22	22	27	27	28	31	24	26	28	28	29	29	27	27	28
LOC_288	17	19	18	19	18	17	18	16	18	18	17	17	18	19	18	18	17	18	17	14	17	16	17
LOC_289	15	15	15	14	15	15	15	15	15	15	15	15	15	15	15	15	15	15	15	15	14	14	15
LOC_290	20	20	20	20	20	20	21	20	20	20	20	20	21	21	18	19	20	19	22	21	20	19	19
LOC_291	18	18	18	18	18	16	18	19	18	18	22	22	19	19	18	19	17	19	19	19	17	18	18
LOC_292	19	19	20	19	20	19	19	20	17	18	20	18	19	19	19	19	20	18	18	18	19	19	19
LOC_293	15	15	15	12	15	15	15	16	15	15	15	15	15	15	15	16	15	15	15	15	15	16	15
LOC_294	27	25	23	25	27	25	24	27	24	25	25	25	26	25	31	25	23	25	27	28	24	26	25
LOC_295	18	19	18	17	17	17	18	19	18	18	19	19	17	17	17	17	19	17	18	18	19	18	18
LOC_296	14	13	13	15	14	15	14	14	14	14	13	13	15	15	15	15	13	13	14	14	11	11	14
LOC_297	17	15	15	14	15	14	16	16	15	15	14	14	16	16	14	14	15	15	16	16	15	15	15
LOC_298	17	17	17	18	18	18	17	17	20	20	17	17	18	17	18	18	18	18	16	17	17	17	17
LOC_299	16	15	15	16	15	15	16	16	14	14	17	15	16	17	15	15	14	16	17	16	16	16	16
LOC_300	17	17	17	17	17	17	17	18	18	18	17	17	17	17	17	17	17	17	18	18	17	17	17
LOC_301	20	20	21	21	20	21	21	22	21	17	21	22	23	20	20	21	19	19	22	22	20	20	20
LOC_302	23	25	26	26	25	28	23	22	25	24	23	22	24	24	27	25	29	27	23	23	28	25	24
LOC_303	18	19	17	18	17	17	17	18	17	17	20	19	16	18	17	17	18	18	18	18	17	20	18
LOC_304	14	13	12	12	12	12	14	14	12	12	12	15	14	14	12	12	12	12	14	14	12	12	14
LOC_305	17	18	18	17	17	17	17	17	17	17	18	18	20	17	19	17	18	19	18	18	17	18	17
LOC_306	26	25	28	30	26	27	24	25	28	28	26	26	27	27	27	29	25	25	25	26	26	24	26
LOC_307	23	24	23	23	22	23	24	24	22	24	23	23	23	25	23	23	24	24	24	23	22	22	22
LOC_308	24	23	22	22	22	22	24	23	20	20	24	24	25	25	22	22	22	23	24	24	21	20	22
LOC_309	21	20	21	25	20	26	19	19	20	19	19	19	19	19	29	26	20	20	20	20	21	21	22
LOC_310	16	15	15	15	15	15	16	16	15	16	18	18	15	15	15	15	16	16	15	15	15	14	15
LOC_311	17	18	19	21	18	19	17	16	21	18	17	17	17	17	19	19	18	18	17	17	19	19	18
LOC_312	18	19	17	17	17	17	18	19	17	17	18	18	18	18	18	18	21	20	18	18	18	18	18
LOC_313	16	16	16	19	16	19	18	17	15	15	17	17	17	17	16	17	16	16	17	17	17	18	16
LOC_314	15	15	16	16	16	16	15	15	16	16	15	15	16	15	16	16	15	15	15	15	15	15	15
LOC_315	15	15	15	13	16	15	15	15	18	18	15	15	15	15	15	15	15	16	14	15	16	16	15
LOC_316	27	28	26	25	26	27	31	27	25	25	25	26	32	29	27	27	27	27	28	29	26	26	26
LOC_317	21	21	23	23	22	23	21	21	21	22	24	22	20	20	24	24	21	21	21	19	20	24	21
LOC_318	22	22	22	22	24	23	21	24	22	22	25	24	23	22	23	23	22	21	22	21	21	24	22
LOC_319	20	23	23	23	21	23	20	18	23	25	22	19	20	20	25	25	24	24	20	21	23	23	22
LOC_320	21	20	22	25	22	26	20	21	22	23	21	21	21	21	27	26	20	20	19	19	21	21	21
LOC_321	16	13	13	15	13	14	13	16	13	13	16	16	16	16	14	14	13	13	16	16	13	13	16
LOC_322	12	13	13	11	13	13	12	12	13	13	12	12	12	12	13	13	12	14	12	12	12	12	12
LOC_323	14	14	15	15	19	15	15	16	14	14	15	15	14	13	15	15	14	12	15	15	14	14	14
LOC_324	21	22	22	23	22	23	22	22	22	23	22	23	20	22	26	27	21	21	18	19	22	22	21
LOC_325	16	16	16	16	16	16	16	16	17	16	16	16	16	16	16	16	18	16	16	16	17	16	16
LOC_326	16	15	19	18	17	18	16	16	19	20	16	16	16	16	18	18	18	17	15	17	16	16	16
LOC_327	15	15	16	14	16	15	14	14	14	14	14	14	14	15	15	14	14	15	14	14	15	15	15
LOC_328	20	18	20	20	22	20	20	17	22	25	19	19	19	18	19	21	21	20	18	21	20	20	20
LOC_329	23	24	20	24	23	24	21	21	20	21	20	23	21	19	25	24	24	24	21	21	24	24	23
LOC_330	22	24	26	25	26	26	20	22	23	26	20	20	21	22	26	28	23	24	22	25	22	22	22
LOC_331	22	19	22	22	22	22	24	23	22	22	23	24	21	21	22	20	22	22	21	21	24	25	23
LOC_332	15	14	15	15	15	15	15	16	15	15	18	16	15	16	17	15	16	16	15	15	15	15	15
LOC_333	14	15	15	15	15	15	14	14	16	15	14	14	16	14	15	15	16	16	14	14	15	15	14
LOC_334	19	19	18	18	19	18	16	17	19	19	18	18	20	20	20	19	19	19	21	20	19	19	19
LOC_335	23	22	20	21	20	22	23	24	22	22	26	26	22	22	23	23	23	22	23	23	22	22	23
LOC_336	23	23	20	19	21	22	23	23	20	20	23	23	24	24	21	23	23	23	25	25	22	24	24
LOC_337	21	20	19	19	19	17	16	16	19	19	16	16	15	15	17	17	21	20	17	17	22	18	20
LOC_338	21	20	22	27	22	22	19	20	21	20	19	19	20	20	22	22	20	21	20	22	18	21	19
LOC_339	18	18	18	18	18	18	18	19	18	18	19	19	17	17	18	18	18	18	17	17	18	19	17
LOC_340	13	13	13	13	11	13	14	14	11	11	14	14	15	14	13	13	13	13	12	12	13	13	13
LOC_341	20	18	19	18	20	18	20	20	19	20	21	20	21	20	18	17	20	20	22	22	22	22	20
LOC_342	15	14	14	15	16	14	14	14	16	17	15	14	14	13	14	14	14	14	14	14	14	14	14
LOC_343	18	20	20	21	19	21	18	18	21	21	20	18	18	18	20	20	18	18	18	18	21	20	20
LOC_344	17	17	17	18	17	17	17	17	19	17	17	17	17	17	16	16	17	17	18	18	18	18	17
LOC_345	15	15	15	15	15	15	19	15	15	16	15	15	15	15	15	15	15	15	15	16	15	15	15
LOC_346	24	22	25	25	23	22	20	20	24	26	20	20	21	22	27	28	20	22	22	22	26	24	23
LOC_347	20	20	20	20	20	22	19	20	19	20	19	17	19	20	20	21	20	21	18	22	20	20	20
LOC_348	19	23	23	22	25	22	20	20	25	26	20	20	20	20	21	18	25	23	20	19	20	20	20
LOC_349	15	15	15	17	15	15	15	15	19	15	15	15	15	15	15	14	14	14	16	15	15	15	15
LOC_350	18	16	16	16	17	16	18	18	18	18	17	20	18	17	16	16	16	16	19	21	17	17	17
LOC_351	27	29	32	32	29	33	24	25	31	31	27	27	24	24	32	30	29	28	25	27	26	27	26
LOC_352	17	19	21	21	19	21	20	20	19	20	20	20	20	20	21	21	20	19	20	20	20	20	20
LOC_353	17	18	16	18	18	18	17	17	18	18	16	16	17	17	17	18	18	18	17	17	18	18	18
LOC_354	15	15	15	15	15	14	15	15	15	15	17	15	15	15	14	14	13	15	15	15	15	15	15
LOC_355	13	14	14	14	14	14	17	17	14	14	17	17	14	14	14	14	14	14	14	14	14	14	14
LOC_356	17	19	19	19	19	18	17	18	17	19	18	18	17	17	19	19	17	19	17	17	19	19	17
LOC_357	16	14	15	16	13	16	17	17	13	13	17	16	16	16	16	16	14	14	14	15	16	17	16
LOC_358	9	8	7	7	7	7	9	9	7	7	10	10	9	9	7	7	8	8	10	11	7	7	7
LOC_359	18	19	19	19	21	22	16	16	21	21	16	16	16	17	20	19	20	20	17	17	19	19	19
LOC_360	25	23	21	22	25	22	26	23	25	24	25	25	23	24	20	21	23	24	23	22	24	24	24
LOC_361	22	24	22	22	23	22	21	21	24	22	22	21	22	22	23	25	23	22	23	21	21	21	21
LOC_362	22	21	20	18	23	20	21	21	24	25	22	19	20	22	20	20	20	21	22	21	21	22	22
LOC_363	8	8	9	9	9	9	10	10	12	9	10	11	10	10	9	9	10	8	10	10	9	8	8
LOC_364	14	15	16	16	16	16	14	14	16	16	17	17	13	14	16	16	15	15	15	15	14	14	14
LOC_365	26	25	25	26	24	26	25	21	24	24	25	24	26	27	27	27	21	21	25	25	23	24	25
LOC_366	17	18	18	18	17	17	19	20	18	18	17	19	17	16	17	17	19	18	17	17	17	17	17
LOC_367	16	16	16	16	16	16	16	16	16	16	16	16	17	16	16	17	16	16	16	16	14	16	16
LOC_368	24	25	25	25	25	25	24	24	25	25	23	23	26	24	24	26	26	25	24	23	28	27	24
LOC_369	26	30	28	27	27	26	27	23	28	29	26	26	25	25	24	24	30	33	27	27	28	29	28
LOC_370	18	18	18	21	18	25	18	20	18	18	19	19	18	18	27	25	19	18	18	18	16	18	18
LOC_371	23	24	22	23	21	22	22	22	20	24	22	24	22	22	22	22	28	28	21	22	25	25	23
LOC_372	20	19	22	20	23	18	21	22	18	22	21	21	22	22	20	20	23	22	22	22	20	21	21
LOC_373	14	14	14	14	14	14	15	13	14	14	13	13	12	14	14	14	14	14	14	14	14	13	14
LOC_374	15	15	15	15	18	15	14	14	16	16	14	14	14	14	15	16	16	16	14	14	17	17	15
LOC_375	18	17	18	17	18	17	18	18	18	19	18	18	19	19	18	18	17	17	18	18	19	19	18
LOC_376	26	20	22	22	21	22	25	25	19	22	26	24	26	25	18	19	20	20	27	25	21	20	20
LOC_377	23	22	25	23	22	26	22	24	22	22	23	23	26	28	27	26	23	23	25	25	28	25	23
LOC_378	24	23	23	22	23	23	21	21	23	22	20	22	21	21	24	24	24	24	20	21	23	22	23
LOC_379	18	18	17	19	19	19	18	18	17	18	18	18	15	14	20	19	18	18	20	19	19	19	18
LOC_380	18	18	19	19	19	19	18	18	19	19	20	19	18	18	19	18	18	18	18	18	19	19	18
LOC_381	15	14	14	14	14	14	15	17	14	14	17	17	15	15	14	14	15	15	16	15	14	14	14
LOC_382	18	22	20	20	21	20	18	18	20	21	18	18	19	18	20	19	20	20	18	18	20	20	18
LOC_383	17	17	17	18	19	17	17	17	20	20	17	17	17	17	17	17	17	17	17	17	17	16	17
LOC_384	14	14	14	14	15	14	14	14	14	14	14	15	14	15	14	14	11	11	14	14	14	14	14
LOC_385	18	16	17	16	15	16	17	18	16	16	17	18	19	19	16	16	15	15	19	19	16	16	18
LOC_386	19	17	19	19	20	19	19	17	19	19	17	17	18	18	19	19	18	18	17	18	18	18	19
LOC_387	18	17	17	17	17	17	19	18	18	18	18	18	18	18	17	18	17	17	18	21	17	17	17
LOC_388	26	28	27	27	25	24	25	26	24	25	24	24	28	27	24	24	25	30	25	25	26	25	28
LOC_389	17	18	17	19	18	19	17	17	18	18	17	16	16	17	18	19	18	17	17	17	18	18	18
LOC_390	7	7	7	7	7	8	7	7	7	7	7	7	7	8	7	7	7	7	6	6	7	7	7
LOC_391	22	24	23	23	26	24	21	21	22	24	21	20	21	21	24	24	24	25	21	21	25	23	22
LOC_392	21	23	25	25	26	27	22	23	23	25	22	22	21	20	25	24	23	24	21	21	21	21	22
LOC_393	16	15	16	16	14	13	18	15	15	14	15	15	16	16	16	16	15	15	15	15	16	13	15
LOC_394	14	16	16	16	16	16	13	12	16	16	11	12	12	12	16	20	13	12	12	12	16	17	16
LOC_395	20	22	21	23	21	25	20	19	19	21	19	19	20	21	24	25	21	21	20	19	18	18	20
LOC_396	18	17	17	18	17	17	20	19	18	17	23	19	18	18	18	18	17	17	18	18	17	18	17
LOC_397	19	21	22	17	20	17	23	18	20	21	18	18	20	20	17	17	21	21	21	21	19	19	19
LOC_398	17	17	17	17	17	18	17	17	17	17	17	17	17	17	18	18	17	17	17	17	17	17	17
LOC_399	30	30	29	29	33	28	30	31	32	34	33	33	27	30	27	30	29	29	29	28	31	32	29
LOC_400	15	15	17	18	16	17	15	15	16	16	15	15	15	15	18	18	16	16	14	15	15	15	15
LOC_401	13	13	13	13	13	14	14	16	13	13	14	14	13	13	13	13	13	13	13	13	12	13	13
LOC_402	14	14	14	15	15	15	14	14	15	15	14	14	12	12	14	15	14	14	12	12	14	14	14
LOC_403	14	13	13	14	13	13	14	15	13	13	14	14	15	14	13	13	13	13	14	13	14	14	14
LOC_404	11	13	12	12	12	13	11	11	12	12	11	11	12	12	11	12	14	13	8	8	11	11	10
LOC_405	16	17	17	19	15	18	16	15	15	15	15	15	14	14	18	18	17	17	16	16	14	14	16
LOC_406	19	19	19	19	19	19	21	21	19	20	21	21	19	19	18	19	19	19	21	20	19	19	19
LOC_407	17	17	17	17	16	17	18	18	17	17	18	18	17	17	18	17	17	17	17	17	17	19	17
LOC_408	14	14	15	15	15	15	14	14	15	15	14	14	14	14	15	15	14	14	14	14	14	14	14
LOC_409	16	16	15	15	15	17	16	17	15	16	18	18	16	17	20	19	15	15	16	16	15	15	15
LOC_410	16	16	16	18	16	18	16	16	19	16	16	16	17	17	18	18	14	16	17	17	16	16	16
LOC_411	15	15	15	15	15	15	14	14	15	14	14	14	14	14	14	14	18	16	15	14	14	14	14
LOC_412	20	18	18	18	17	17	20	19	18	18	20	20	20	18	18	18	18	18	20	20	19	20	19
LOC_413	20	21	21	21	18	21	20	21	19	19	21	21	22	22	19	19	25	21	20	20	21	21	20
LOC_414	15	15	15	15	15	16	15	16	15	15	15	16	13	13	15	15	15	15	13	13	16	16	15
LOC_415	15	14	14	14	14	14	14	14	14	14	15	15	14	14	14	14	14	14	14	14	14	14	14
LOC_416	18	17	18	18	17	19	18	18	17	17	18	18	18	18	19	19	17	17	18	18	17	17	17
LOC_417	13	13	14	14	15	14	14	14	16	16	14	14	14	13	14	13	14	14	13	13	14	14	14
LOC_418	14	16	13	12	14	13	14	14	14	14	14	14	14	15	13	13	16	17	14	14	15	13	14
LOC_419	15	13	13	13	13	13	15	15	13	12	15	16	15	15	13	13	13	13	15	15	13	13	15
LOC_420	13	16	18	18	18	17	13	13	17	17	13	13	13	13	18	19	16	14	13	13	13	13	13
LOC_421	17	20	17	17	18	16	17	17	17	17	17	17	19	17	16	16	18	18	18	18	17	17	17
LOC_422	23	24	22	22	23	22	26	26	24	22	26	27	23	23	23	23	24	22	24	25	23	24	23
LOC_423	9	9	9	9	10	9	9	9	9	9	9	9	9	9	9	9	9	9	9	9	9	9	9
LOC_424	21	21	18	21	20	22	19	21	17	20	18	19	20	20	22	23	21	21	20	20	20	20	20
LOC_425	18	16	16	15	16	15	15	16	16	16	17	17	16	16	16	17	16	16	16	16	16	16	16
LOC_426	17	15	16	16	16	15	17	17	16	16	17	17	14	14	19	17	16	16	17	17	16	15	17
LOC_427	19	17	19	18	19	18	20	20	19	19	20	20	20	20	18	18	18	19	20	20	20	20	20
LOC_428	16	16	16	16	16	16	17	18	16	16	17	17	16	16	19	18	15	16	16	16	15	15	16
LOC_429	19	19	19	19	19	17	20	20	19	20	19	19	20	20	17	17	19	20	20	23	21	20	19
LOC_430	19	19	19	21	19	20	19	19	19	19	18	18	19	19	20	20	21	21	21	19	19	19	19
LOC_431	19	19	19	19	19	20	20	22	22	20	21	20	19	19	20	20	19	19	20	21	20	19	19
LOC_432	14	13	13	13	13	13	14	14	13	13	14	12	15	15	13	13	13	13	15	15	14	16	14
LOC_433	23	21	22	20	22	20	26	23	20	21	25	25	22	22	20	20	22	22	23	23	22	23	23
LOC_434	19	19	19	19	19	20	19	19	19	20	21	21	19	19	19	19	19	19	19	18	20	21	19
LOC_435	25	26	28	29	30	28	25	28	27	28	26	25	25	25	28	29	27	29	24	24	26	25	25
LOC_436	24	24	24	25	26	28	24	24	24	24	25	25	25	23	26	26	25	23	23	22	24	24	24
LOC_437	23	21	20	21	22	18	21	24	23	23	22	23	23	25	22	22	22	20	23	23	22	25	22
LOC_438	21	24	22	22	22	22	22	22	20	22	22	22	21	22	22	23	27	23	22	22	23	23	23
LOC_439	16	15	16	16	16	16	18	18	16	16	18	17	17	18	16	15	16	16	19	17	18	19	16
LOC_440	24	17	19	18	17	18	23	21	17	17	21	20	22	21	18	18	17	17	22	21	18	21	20
LOC_441	16	16	16	16	16	16	16	16	16	16	16	16	17	17	16	16	16	16	18	18	16	16	16
LOC_442	22	21	18	19	21	18	23	23	21	22	22	22	22	23	18	18	22	21	23	23	22	22	22
LOC_443	18	20	18	18	19	19	17	17	21	21	18	18	18	18	18	19	18	18	20	20	19	20	18
LOC_444	21	21	21	21	22	21	20	23	22	22	22	22	18	18	22	22	21	20	19	20	21	21	20
LOC_445	20	19	20	21	22	21	20	20	21	21	20	20	19	20	21	17	19	19	19	19	21	21	22
LOC_446	18	20	20	21	20	20	19	19	20	20	18	18	17	17	24	25	20	19	17	17	18	18	18
LOC_447	18	17	18	18	18	18	19	18	18	19	20	20	18	18	17	17	18	18	19	18	17	18	18
LOC_448	27	28	28	25	30	25	27	24	27	28	24	23	30	27	23	25	25	25	25	28	29	30	28
LOC_449	16	16	17	17	17	17	17	17	17	17	17	17	17	17	18	18	17	17	17	17	17	17	17
LOC_450	19	21	20	17	20	19	25	24	21	21	23	24	23	23	19	16	19	19	21	24	20	20	20
LOC_451	12	14	14	14	14	14	13	14	15	15	14	13	13	13	13	13	16	16	14	14	13	13	14
LOC_452	23	16	16	16	16	15	21	23	19	16	23	23	20	21	14	14	16	16	23	22	16	16	19
LOC_453	18	17	19	20	17	18	17	18	17	17	17	18	16	18	18	19	18	17	18	18	17	18	18
LOC_454	21	21	21	23	20	23	20	21	22	20	22	20	23	23	22	22	20	21	21	22	24	22	21
LOC_455	17	16	15	16	15	16	17	16	15	15	16	16	17	17	16	17	17	18	17	19	16	16	16
LOC_456	15	15	16	16	16	16	15	15	16	16	15	15	15	15	19	17	15	14	15	15	16	15	15
LOC_457	20	22	24	24	22	25	21	21	21	21	21	21	21	21	25	25	24	24	25	22	22	22	22
LOC_458	15	16	16	16	16	16	13	13	16	16	13	13	13	13	16	16	16	16	13	13	16	16	16
LOC_459	7	7	7	7	7	7	7	7	8	8	7	7	7	7	7	7	7	7	7	7	7	7	7
LOC_460	18	18	16	18	18	18	18	18	18	18	18	18	18	18	16	18	18	19	18	18	18	18	18
LOC_461	14	14	14	14	14	14	16	12	14	14	13	13	14	14	14	14	14	14	14	14	14	14	14
LOC_462	20	21	21	21	22	23	22	24	23	24	23	23	21	21	21	21	22	21	21	22	21	20	21
LOC_463	25	24	24	25	23	22	25	25	26	27	26	28	24	24	24	25	22	22	28	27	22	25	25
LOC_464	19	18	18	19	20	18	20	20	21	21	19	19	18	18	18	18	19	19	17	18	15	15	18
LOC_465	23	24	24	24	24	25	23	24	22	23	23	23	21	22	23	24	24	24	20	22	26	25	25
LOC_466	24	25	26	26	27	31	22	23	27	25	23	23	22	23	26	29	26	27	22	21	24	24	24
LOC_467	20	19	19	18	18	23	20	20	20	18	21	20	19	19	22	22	19	19	19	19	20	19	19
LOC_468	14	14	14	16	14	15	15	15	14	14	14	14	16	15	15	15	14	14	14	14	14	14	14
LOC_469	25	24	25	23	24	23	25	26	25	25	26	24	28	26	23	23	25	24	26	26	23	22	23
LOC_470	23	22	24	24	24	24	21	23	24	25	24	24	23	23	23	23	24	24	27	27	23	24	23
LOC_471	19	19	19	24	22	24	22	20	19	19	21	21	18	18	22	22	19	20	20	20	19	19	19
LOC_472	16	17	17	17	15	16	16	16	15	15	15	16	21	21	21	20	16	17	20	19	16	16	16
LOC_473	22	22	23	20	22	22	22	21	20	20	21	21	20	19	24	24	23	23	21	21	26	23	21
LOC_474	17	15	14	15	15	15	18	18	15	15	18	18	17	17	15	16	15	16	17	17	15	15	15
LOC_475	16	16	17	17	17	17	16	16	17	17	16	16	17	17	17	17	15	14	16	16	16	16	16
LOC_476	16	16	16	16	16	16	16	16	16	16	17	16	16	16	16	16	16	16	15	16	15	15	16
LOC_477	19	19	19	19	19	19	19	20	19	19	19	18	18	18	19	19	19	21	19	19	19	18	19
LOC_478	16	16	16	16	16	16	17	17	16	16	17	17	16	17	17	17	16	16	15	15	16	16	16
LOC_479	17	17	16	16	17	16	17	17	17	17	19	20	17	15	16	17	17	17	17	17	18	17	17
LOC_480	17	17	17	15	19	17	17	17	17	17	17	17	17	17	17	17	17	17	18	18	17	17	17
LOC_481	13	15	16	17	18	17	13	15	18	18	15	14	14	14	16	16	16	16	13	13	16	15	16
LOC_482	18	17	17	17	17	18	17	18	17	17	18	17	18	18	17	17	17	17	18	17	17	17	17
LOC_483	24	24	25	27	22	23	22	21	23	20	24	25	20	20	23	23	22	23	22	22	23	25	24
LOC_484	25	23	24	23	24	24	25	25	23	23	24	24	25	24	22	24	25	23	24	26	22	23	25
LOC_485	17	15	16	16	15	16	15	17	16	16	15	15	18	18	17	16	17	17	17	17	15	15	17
LOC_486	23	26	23	22	29	22	23	20	23	22	21	22	21	22	23	23	26	25	22	22	27	28	23
LOC_487	17	17	19	18	19	18	16	16	18	18	14	16	17	17	18	18	17	17	18	18	16	18	17
LOC_488	25	24	24	23	22	24	25	26	22	22	23	22	23	24	23	23	24	24	25	24	27	24	23
LOC_489	18	18	20	19	18	18	18	18	15	16	17	19	18	17	19	19	19	18	19	20	18	18	18
LOC_490	14	14	14	14	14	14	14	14	14	14	14	14	14	14	13	14	14	14	16	14	14	15	14
LOC_491	22	21	20	18	21	20	21	22	21	21	23	22	21	20	20	20	21	21	20	20	22	23	21
LOC_492	20	21	20	21	20	20	22	21	19	21	20	20	21	21	21	20	21	21	21	21	20	20	20
LOC_493	27	28	27	26	26	24	25	25	25	27	25	26	26	23	24	24	25	26	25	25	30	28	27
LOC_494	17	19	19	17	20	18	17	17	19	18	14	17	16	18	17	17	19	18	17	17	18	18	17
LOC_495	23	27	26	24	27	25	22	22	28	27	22	22	22	21	27	26	23	22	21	22	24	24	23
LOC_496	22	24	22	23	21	24	22	24	22	21	24	20	22	22	23	23	23	23	22	22	22	22	22
LOC_497	21	18	22	23	20	23	19	20	20	21	20	20	21	22	22	23	18	18	21	21	21	21	20
LOC_498	8	8	8	8	8	8	9	8	8	8	8	8	8	8	8	8	8	8	9	8	8	8	8
LOC_499	23	21	21	21	21	22	22	21	21	21	22	21	23	23	21	21	21	21	21	21	21	21	21
LOC_500	21	21	19	19	19	22	18	19	19	19	21	23	18	17	20	22	18	19	19	19	19	19	19
LOC_501	17	19	19	19	20	19	17	18	21	20	19	17	17	17	20	20	19	19	17	17	18	18	17
LOC_502	26	29	28	28	25	24	28	27	26	26	27	27	27	27	25	24	30	29	24	26	29	29	27
LOC_503	7	8	8	9	8	8	7	7	8	11	7	7	7	7	8	8	8	8	7	7	7	7	7
LOC_504	21	15	15	15	15	15	17	17	15	16	17	16	17	17	15	15	15	16	17	17	15	15	15
LOC_505	21	21	20	21	20	21	21	23	21	21	23	23	18	20	19	19	23	22	21	21	22	21	21
LOC_506	14	14	15	15	14	15	14	14	14	15	14	14	14	11	15	15	13	14	14	14	14	14	14
LOC_507	14	15	14	14	14	14	16	16	14	14	17	16	15	15	14	14	15	17	15	15	14	14	14
LOC_508	18	18	20	20	20	20	18	18	18	18	18	18	18	18	18	18	17	18	18	18	18	18	18
LOC_509	19	20	19	19	20	21	17	17	21	21	19	19	18	17	20	20	19	17	18	16	20	23	19
LOC_510	20	22	23	22	24	22	20	20	25	24	21	22	16	17	22	22	23	22	19	19	20	21	20
LOC_511	20	19	20	20	20	20	22	22	21	20	24	22	20	20	20	20	19	19	20	20	20	21	20
LOC_512	21	24	25	26	23	25	20	20	23	23	20	20	20	20	26	25	23	23	20	22	20	22	23
