names	Run1_C_3	Run1_C_6	Run1_C_10	Run1_C_12	Run1_C_19	Run1_C_20	Run1_C_21	Run1_C_22	Run1_C_23	Run1_C_24	Run1_C_26	Run1_C_27	Run1_C_28	Run1_C_29	Run1_C_30	Run1_C_31	root
LOC_1	18	19	20	20	22	20	20	20	20	22	19	19	23	22	22	22	19
LOC_2	20	20	20	20	20	18	18	18	18	18	20	20	20	20	19	19	20
LOC_3	7	7	7	7	7	7	7	7	7	7	7	8	7	7	7	7	7
LOC_4	7	7	8	8	8	8	8	10	9	8	7	7	8	8	8	8	7
LOC_5	7	8	8	8	8	10	8	8	8	10	7	7	9	8	9	9	7
LOC_6	16	16	16	16	16	17	18	16	16	16	16	16	17	16	16	16	16
LOC_7	13	13	13	13	16	13	13	14	14	14	13	13	13	13	15	14	13
LOC_8	23	26	27	28	26	29	27	28	28	26	22	24	24	23	26	25	22
LOC_9	15	15	16	16	17	16	16	16	16	18	15	15	16	16	17	17	15
LOC_10	17	17	18	17	17	16	16	16	16	17	15	17	17	17	17	17	17
LOC_11	23	24	23	22	22	22	22	25	25	22	21	22	20	20	21	20	23
LOC_12	17	20	21	19	19	21	20	20	22	18	15	16	22	20	17	17	17
LOC_13	17	18	17	17	18	17	18	18	18	17	17	17	19	17	16	16	17
LOC_14	18	18	18	18	18	17	17	18	18	18	21	21	20	18	20	20	18
LOC_15	27	28	26	28	30	26	27	25	25	30	29	26	29	29	28	27	27
LOC_16	14	14	14	14	14	14	14	14	14	17	14	14	14	14	16	16	14
LOC_17	16	15	15	15	14	15	14	15	15	14	14	14	15	15	14	14	15
LOC_18	25	24	24	23	23	23	22	24	22	23	25	24	23	22	22	23	23
LOC_19	24	22	27	21	25	22	23	21	21	24	22	22	24	23	20	23	22
LOC_20	16	17	17	17	17	17	17	17	16	17	18	17	17	17	15	17	15
LOC_21	12	13	13	13	13	13	13	13	13	13	13	12	13	13	13	13	13
LOC_22	21	21	20	18	21	18	18	18	18	21	21	21	21	23	23	23	21
LOC_23	16	16	16	16	16	16	18	16	16	16	16	16	16	16	16	16	16
LOC_24	23	22	21	21	22	22	22	22	22	23	24	23	22	22	23	23	23
LOC_25	22	22	21	21	22	21	21	20	20	23	23	20	22	22	20	20	22
LOC_26	15	15	15	15	15	15	15	15	15	15	15	15	15	15	18	17	15
LOC_27	17	17	17	17	17	17	18	17	17	17	17	17	17	17	16	17	17
LOC_28	21	23	22	21	22	22	21	21	22	23	22	22	23	23	24	24	21
LOC_29	24	26	28	28	25	28	28	28	27	24	25	25	26	26	23	22	25
LOC_30	20	19	20	19	20	19	19	19	19	20	19	19	24	22	20	21	19
LOC_31	26	24	24	26	25	25	24	25	24	24	27	24	24	21	29	28	26
LOC_32	20	20	20	20	20	20	21	21	21	20	20	20	20	21	20	20	20
LOC_33	15	15	15	15	13	17	17	15	15	14	18	18	15	15	13	13	15
LOC_34	12	17	15	15	15	15	15	15	15	15	14	14	15	16	13	14	14
LOC_35	19	19	19	19	21	19	19	19	19	21	19	19	19	19	21	19	19
LOC_36	20	20	21	23	19	20	22	22	23	20	22	22	20	20	21	21	20
LOC_37	21	21	21	21	21	22	22	24	23	21	24	24	21	21	21	21	21
LOC_38	16	16	16	16	16	15	15	14	16	16	16	16	16	16	16	16	16
LOC_39	20	20	20	20	21	20	20	20	20	19	19	19	20	20	18	18	20
LOC_40	14	13	14	14	14	14	13	15	14	14	14	14	14	14	14	14	14
LOC_41	21	23	23	23	22	24	25	26	24	22	22	22	23	23	20	22	21
LOC_42	20	18	19	19	19	16	20	20	19	19	20	20	20	20	18	17	21
LOC_43	19	18	20	20	19	19	19	22	20	19	18	18	22	21	19	21	18
LOC_44	18	18	19	21	19	21	19	19	19	20	18	18	19	19	24	21	18
LOC_45	18	20	18	18	18	18	18	18	18	17	18	18	18	18	18	18	18
LOC_46	20	20	20	23	19	20	20	22	22	20	20	20	19	20	20	20	20
LOC_47	15	16	16	15	15	15	15	17	17	15	15	15	15	15	15	15	15
LOC_48	17	17	17	17	15	21	21	17	17	15	17	17	15	15	15	15	17
LOC_49	15	15	15	16	16	16	16	15	15	16	15	15	14	14	15	15	15
LOC_50	16	16	16	16	16	16	16	16	16	17	19	19	17	17	17	18	16
LOC_51	20	18	18	18	18	22	22	21	24	15	20	19	17	17	16	16	20
LOC_52	19	19	19	20	19	20	20	19	19	21	21	21	19	19	21	23	19
LOC_53	23	23	22	23	22	22	22	21	20	20	25	23	22	22	22	22	23
LOC_54	20	20	20	19	21	19	19	19	18	20	22	18	20	20	20	20	20
LOC_55	22	18	19	19	20	18	18	18	18	19	20	20	19	19	19	19	20
LOC_56	19	21	22	21	21	23	23	20	20	21	21	19	21	22	21	21	19
LOC_57	23	23	24	22	25	23	23	24	25	24	23	23	24	27	23	23	23
LOC_58	21	20	21	20	20	20	20	21	20	21	19	20	20	20	20	20	21
LOC_59	9	9	9	9	9	9	9	9	9	9	9	9	9	9	11	9	9
LOC_60	20	20	20	21	20	20	20	20	20	20	20	20	21	21	20	21	20
LOC_61	24	25	25	25	26	25	26	25	25	26	21	24	23	23	25	26	24
LOC_62	18	18	18	18	16	19	20	19	19	16	18	18	16	16	16	16	18
LOC_63	18	17	17	16	16	16	16	17	16	17	17	17	16	16	16	16	17
LOC_64	17	18	17	17	17	17	17	17	17	17	16	17	16	20	17	18	17
LOC_65	17	17	18	18	16	18	16	17	18	16	17	16	19	20	16	16	17
LOC_66	21	21	21	21	22	22	21	22	22	21	21	21	24	24	21	21	21
LOC_67	22	20	20	20	22	20	20	20	22	22	22	23	20	20	23	23	22
LOC_68	16	16	17	18	16	16	15	16	16	16	17	16	16	16	16	16	16
LOC_69	21	21	20	20	21	26	22	21	21	21	19	19	21	21	21	21	21
LOC_70	23	22	27	24	26	25	24	25	25	26	28	26	23	23	27	25	23
LOC_71	16	16	16	16	18	16	16	16	17	18	16	16	19	19	18	18	16
LOC_72	20	20	22	22	18	22	21	22	21	21	20	20	20	20	20	22	20
LOC_73	19	18	19	18	18	18	17	20	20	18	17	17	19	19	17	18	19
LOC_74	22	25	23	24	24	24	26	26	25	21	25	27	25	23	24	25	22
LOC_75	23	24	25	24	24	24	25	23	23	26	26	26	24	24	25	25	23
LOC_76	21	22	22	22	22	22	22	25	23	22	21	21	23	21	22	23	21
LOC_77	14	14	15	14	14	15	15	15	15	14	14	13	14	13	14	14	14
LOC_78	22	18	20	18	18	19	17	16	19	18	21	21	18	18	16	17	22
LOC_79	15	15	15	15	15	14	15	16	15	15	15	15	15	15	15	15	15
LOC_80	24	24	24	25	24	22	22	23	23	24	25	24	23	24	24	23	24
LOC_81	16	16	16	18	16	16	16	16	17	16	15	15	16	16	16	16	16
LOC_82	18	20	20	21	20	22	22	21	21	22	19	19	20	20	24	22	20
LOC_83	18	18	16	17	19	19	16	18	18	19	18	19	20	19	19	20	18
LOC_84	16	16	16	16	17	15	15	13	13	17	16	16	14	14	17	17	16
LOC_85	21	25	20	20	20	18	18	17	17	20	20	21	21	21	20	21	21
LOC_86	15	16	16	16	17	17	17	17	17	18	14	13	17	17	19	18	16
LOC_87	22	21	21	21	22	21	21	21	21	23	20	19	20	20	23	21	20
LOC_88	23	21	21	20	20	23	23	21	21	21	22	22	20	20	21	21	22
LOC_89	26	26	26	25	28	25	26	27	26	25	27	27	24	23	25	25	26
LOC_90	20	20	21	24	24	24	24	26	24	26	20	20	22	23	25	24	20
LOC_91	17	17	17	17	16	17	17	17	17	17	16	16	16	16	17	17	17
LOC_92	19	19	19	18	20	19	19	19	19	19	19	19	19	19	18	19	19
LOC_93	12	12	13	13	13	14	13	13	12	13	10	10	13	13	13	13	12
LOC_94	15	14	15	15	16	16	15	15	14	16	16	15	19	16	17	17	15
LOC_95	13	13	13	13	13	14	14	14	14	13	13	13	13	13	13	13	13
LOC_96	21	21	22	23	21	24	23	24	25	20	23	21	21	21	18	21	20
LOC_97	20	20	19	19	20	15	17	20	20	20	20	20	20	20	21	20	20
LOC_98	15	15	15	14	15	15	15	15	15	17	16	15	15	15	17	17	15
LOC_99	16	17	15	14	14	14	14	14	15	14	17	18	14	13	16	14	16
LOC_100	14	14	14	14	14	14	14	14	14	18	14	14	17	14	14	14	14
LOC_101	21	21	21	23	20	23	22	22	22	20	21	21	20	20	19	19	21
LOC_102	19	19	19	19	26	19	19	19	19	26	19	19	22	22	26	26	19
LOC_103	13	14	14	15	14	16	15	14	14	15	14	14	14	14	15	15	14
LOC_104	22	21	20	21	21	21	21	21	20	21	21	21	21	21	21	21	21
LOC_105	16	17	16	16	16	16	15	16	16	16	16	16	16	16	16	16	16
LOC_106	28	31	30	29	33	30	32	31	34	33	30	28	27	29	29	30	28
LOC_107	15	15	14	12	14	15	14	15	15	12	15	15	13	13	13	13	15
LOC_108	23	23	23	23	24	24	28	24	24	23	24	25	23	23	26	19	23
LOC_109	14	13	13	13	13	13	14	13	13	12	13	13	13	13	13	13	14
LOC_110	16	16	16	16	17	17	17	16	16	17	16	16	17	17	18	17	16
LOC_111	15	15	15	16	15	20	16	16	16	15	15	15	15	15	15	15	15
LOC_112	21	22	21	21	21	21	25	22	22	23	21	21	22	21	22	24	21
LOC_113	13	15	14	15	14	15	15	13	13	14	15	15	13	13	14	14	14
LOC_114	17	16	16	16	16	15	18	16	16	16	17	17	16	16	18	16	17
LOC_115	14	14	14	14	20	14	14	14	14	21	14	14	17	17	22	22	14
LOC_116	13	15	14	14	15	16	16	15	15	15	14	14	15	15	16	16	14
LOC_117	19	18	19	19	20	19	19	22	20	18	18	20	20	20	19	19	19
LOC_118	16	16	16	16	18	16	16	16	16	17	16	16	16	17	18	17	16
LOC_119	23	24	24	25	27	24	24	28	27	26	22	20	30	28	26	26	23
LOC_120	17	18	17	16	12	17	17	17	17	12	18	18	14	14	12	12	18
LOC_121	18	21	19	20	20	17	21	20	20	19	21	20	18	20	19	19	18
LOC_122	19	20	22	18	20	18	18	17	17	20	20	20	20	20	22	20	19
LOC_123	25	24	24	25	23	23	24	23	23	25	24	24	23	23	24	24	24
LOC_124	22	21	20	19	20	19	19	19	19	20	22	22	22	22	20	20	22
LOC_125	28	26	28	25	28	28	26	25	25	29	27	28	32	28	31	31	27
LOC_126	14	14	13	14	14	14	16	14	14	15	14	14	14	14	14	14	14
LOC_127	22	21	21	21	22	21	21	22	22	23	21	20	20	21	22	22	22
LOC_128	23	20	21	19	23	22	22	21	21	24	20	20	22	22	23	23	20
LOC_129	19	18	17	18	17	17	17	17	17	19	18	18	17	16	20	19	19
LOC_130	24	24	27	28	24	26	26	22	22	25	25	25	24	23	26	26	24
LOC_131	15	15	15	14	15	14	14	14	14	16	15	16	15	15	14	14	15
LOC_132	21	22	23	21	23	21	23	22	23	22	21	22	20	16	21	21	21
LOC_133	22	21	21	22	23	20	21	19	21	23	21	22	21	21	22	21	22
LOC_134	23	23	22	22	23	24	23	21	21	25	23	23	22	22	20	20	23
LOC_135	14	14	14	14	14	14	14	14	14	14	14	14	14	14	16	14	14
LOC_136	15	14	13	13	13	13	14	13	13	13	15	15	14	14	13	13	15
LOC_137	24	25	26	26	25	28	29	32	30	27	25	27	27	27	26	26	24
LOC_138	21	21	21	21	20	21	20	22	22	23	21	21	22	22	24	23	21
LOC_139	17	17	17	17	19	17	17	17	17	18	17	18	15	15	21	21	17
LOC_140	17	16	15	16	16	18	18	18	18	18	16	16	17	16	17	16	17
LOC_141	15	15	15	15	15	16	16	15	15	15	15	13	16	16	15	15	15
LOC_142	26	27	28	26	31	29	31	26	27	30	25	25	31	30	30	28	27
LOC_143	21	21	20	20	21	20	20	20	18	22	21	21	21	21	21	21	21
LOC_144	16	16	16	16	16	18	17	17	16	16	16	16	16	16	16	16	16
LOC_145	20	19	19	19	21	20	20	19	17	19	18	21	19	18	19	19	20
LOC_146	20	20	23	22	20	22	22	20	22	25	18	17	20	20	23	26	20
LOC_147	22	21	22	21	23	20	20	21	21	23	25	24	22	22	23	23	21
LOC_148	14	14	14	14	14	13	15	14	14	14	14	15	14	14	14	14	14
LOC_149	18	22	18	21	19	21	20	21	20	19	18	18	19	20	19	19	18
LOC_150	15	15	15	15	15	17	17	15	15	15	15	15	15	15	16	16	15
LOC_151	16	16	18	18	21	17	17	17	17	19	16	16	19	19	21	18	16
LOC_152	20	20	20	20	21	19	24	22	21	21	18	20	20	20	21	22	20
LOC_153	17	19	18	22	19	22	22	22	22	19	20	20	19	18	19	19	20
LOC_154	18	19	19	19	17	19	17	19	19	18	18	18	18	18	18	18	18
LOC_155	21	22	22	22	22	23	21	22	22	22	19	19	21	20	22	22	21
LOC_156	17	17	17	19	16	19	18	18	17	18	17	17	17	19	19	18	17
LOC_157	19	17	16	15	19	17	17	17	17	19	17	17	17	17	21	21	17
LOC_158	22	25	20	22	22	24	26	24	25	23	22	20	24	25	23	23	22
LOC_159	15	14	17	17	17	17	17	17	17	16	15	15	18	17	17	16	15
LOC_160	21	19	19	19	18	19	19	19	19	18	19	19	22	19	18	18	19
LOC_161	21	21	22	22	22	23	24	22	23	21	21	21	22	22	22	22	21
LOC_162	20	21	22	25	20	25	25	27	22	20	19	19	22	20	19	19	20
LOC_163	18	18	18	18	19	18	17	19	19	19	17	17	18	17	19	21	18
LOC_164	20	20	21	19	20	19	19	19	19	20	20	20	20	20	19	19	20
LOC_165	15	15	15	15	15	15	15	15	15	15	15	15	17	17	15	15	15
LOC_166	17	17	17	17	17	17	17	16	17	17	18	18	19	17	18	17	17
LOC_167	16	16	16	20	16	17	17	19	17	17	16	16	18	18	16	15	16
LOC_168	26	27	28	27	27	26	27	29	26	27	27	27	28	26	30	29	28
LOC_169	25	22	22	22	22	22	22	22	23	22	21	23	22	22	23	22	23
LOC_170	19	19	18	19	19	18	19	18	18	19	19	18	18	19	19	19	19
LOC_171	22	25	21	22	22	22	22	23	22	21	23	23	20	21	20	20	23
LOC_172	21	22	21	24	22	24	23	24	24	22	22	22	21	21	23	21	22
LOC_173	16	14	14	14	14	14	14	15	15	13	17	17	14	14	14	14	16
LOC_174	23	19	23	21	21	19	21	21	20	21	21	20	21	21	22	23	22
LOC_175	27	28	31	30	29	33	31	30	30	34	29	26	30	30	32	34	27
LOC_176	14	14	15	14	14	14	14	14	12	14	14	14	14	14	14	14	14
LOC_177	24	24	19	22	23	23	23	21	22	23	24	25	24	25	24	24	24
LOC_178	24	23	23	22	21	24	23	23	23	21	23	23	23	23	23	23	23
LOC_179	23	23	23	18	26	21	23	22	22	24	25	24	23	24	22	24	23
LOC_180	23	23	22	23	27	26	27	23	24	24	22	23	23	23	23	23	22
LOC_181	18	18	19	20	19	20	19	22	20	19	20	17	19	19	19	19	18
LOC_182	24	28	23	23	23	23	25	23	23	21	24	24	22	22	21	21	23
LOC_183	24	26	26	26	27	27	27	26	26	26	25	26	29	25	27	28	25
LOC_184	16	16	17	16	16	16	18	16	16	14	13	16	16	16	14	14	16
LOC_185	20	20	20	20	18	19	19	19	19	18	21	21	18	18	18	18	20
LOC_186	16	17	17	18	18	16	16	16	15	17	15	16	17	17	17	17	16
LOC_187	21	22	22	21	21	20	20	20	21	22	21	21	21	21	19	21	21
LOC_188	25	26	25	27	28	26	24	24	24	28	29	26	27	28	25	25	25
LOC_189	16	14	14	14	13	14	13	14	14	13	14	14	13	13	13	12	14
LOC_190	22	20	20	19	22	19	19	17	19	22	23	23	23	22	24	20	22
LOC_191	17	16	17	15	17	16	15	16	16	15	15	17	17	17	16	17	17
LOC_192	21	21	19	22	23	21	21	21	21	21	20	20	21	21	20	21	21
LOC_193	15	15	15	13	15	10	13	13	13	15	15	15	15	15	16	15	15
LOC_194	18	18	19	19	19	19	19	19	20	19	18	18	21	19	20	19	18
LOC_195	18	20	22	23	23	21	22	23	25	25	20	21	22	22	26	27	18
LOC_196	21	22	22	22	23	21	21	21	20	22	25	21	22	23	23	23	22
LOC_197	21	21	21	21	21	20	20	21	22	21	19	19	21	22	22	24	21
LOC_198	27	30	27	26	27	24	26	25	25	27	29	30	29	28	29	28	27
LOC_199	14	14	14	14	14	14	14	15	15	19	14	14	14	14	15	13	14
LOC_200	23	23	23	25	21	28	25	24	23	21	23	23	22	22	23	21	23
LOC_201	24	23	25	25	27	24	24	22	23	26	24	24	26	24	26	28	24
LOC_202	20	16	15	15	16	15	15	15	15	16	17	17	16	16	16	16	17
LOC_203	19	19	18	18	18	18	18	18	18	18	18	18	19	19	19	18	18
LOC_204	18	18	17	17	19	17	17	18	18	20	17	19	19	19	18	19	18
LOC_205	14	14	13	12	13	13	13	13	14	15	14	14	13	13	15	15	14
LOC_206	20	23	19	19	19	21	19	19	17	19	20	20	23	22	21	18	20
LOC_207	14	14	14	14	15	14	14	14	12	15	14	14	14	14	15	15	14
LOC_208	14	15	15	14	14	14	14	14	14	15	14	14	15	14	15	15	14
LOC_209	17	17	17	17	17	19	19	22	22	17	19	18	17	17	17	17	17
LOC_210	22	22	21	24	23	26	25	24	26	24	22	22	22	22	24	24	22
LOC_211	24	21	22	25	24	22	21	23	22	23	24	24	23	23	23	24	24
LOC_212	22	24	22	23	22	23	23	23	22	23	23	23	23	23	22	19	24
LOC_213	20	21	22	23	20	22	22	22	23	21	19	19	19	19	20	20	19
LOC_214	17	18	18	17	18	17	17	17	17	18	19	19	18	18	19	19	17
LOC_215	16	16	16	18	16	17	17	16	16	16	16	16	14	14	16	16	16
LOC_216	20	20	19	17	17	18	18	19	19	18	19	20	17	17	18	18	20
LOC_217	25	24	25	24	24	23	24	24	25	24	23	24	23	24	25	23	25
LOC_218	17	17	17	17	20	17	17	18	17	19	17	17	17	15	20	20	17
LOC_219	15	15	13	13	14	13	12	13	13	14	15	15	14	14	15	14	15
LOC_220	18	18	18	18	18	17	17	17	17	18	18	18	18	18	19	18	18
LOC_221	22	24	25	26	24	24	24	26	26	25	26	25	24	24	23	23	24
LOC_222	29	27	31	31	27	28	26	29	29	28	29	31	28	25	25	26	28
LOC_223	14	16	16	16	15	16	14	16	17	16	13	14	17	17	17	17	14
LOC_224	15	16	17	20	17	16	17	17	17	17	16	17	17	17	17	17	16
LOC_225	22	21	21	22	19	22	22	22	21	20	22	22	21	21	19	19	21
LOC_226	16	16	16	16	16	18	15	17	16	15	17	16	15	15	16	16	16
LOC_227	7	7	7	7	7	7	7	7	7	7	7	7	7	7	7	7	7
LOC_228	16	16	16	17	17	17	16	17	17	17	17	16	16	16	18	18	16
LOC_229	17	17	18	18	17	18	19	18	19	17	16	17	15	17	19	18	17
LOC_230	19	19	19	20	19	17	19	17	17	18	18	19	19	19	18	16	19
LOC_231	19	20	20	20	21	21	21	21	21	21	18	18	20	20	19	21	19
LOC_232	18	19	19	21	20	21	21	21	20	20	19	19	19	20	20	20	18
LOC_233	14	15	16	16	14	17	18	17	17	14	13	15	15	12	14	14	15
LOC_234	15	13	13	12	13	14	10	13	12	13	14	14	13	13	13	13	15
LOC_235	22	23	20	21	19	20	19	21	21	19	22	22	19	20	19	19	22
LOC_236	17	19	17	17	17	16	16	16	16	17	16	17	17	17	17	17	17
LOC_237	20	21	21	23	21	23	22	22	22	22	23	22	18	19	21	21	20
LOC_238	21	21	21	21	24	21	21	21	22	25	18	18	22	23	23	23	21
LOC_239	22	20	19	23	21	22	21	21	21	19	24	21	22	20	20	20	22
LOC_240	14	14	14	15	14	15	15	15	15	14	15	15	13	15	14	16	14
LOC_241	18	17	18	21	19	19	19	20	20	19	18	18	18	18	21	19	18
LOC_242	17	17	17	18	17	18	17	17	17	18	18	18	20	18	18	21	17
LOC_243	19	18	18	19	18	19	20	20	19	18	18	18	18	18	19	19	19
LOC_244	14	14	14	16	15	16	16	16	16	15	14	14	15	15	15	15	14
LOC_245	21	24	25	23	24	20	21	22	22	21	25	25	25	26	23	24	24
LOC_246	24	23	22	24	20	21	22	21	21	21	23	23	23	23	20	20	24
LOC_247	16	16	17	17	16	13	13	13	13	16	17	16	16	16	16	16	16
LOC_248	17	18	18	16	18	18	19	18	18	18	18	18	18	17	18	18	18
LOC_249	24	26	26	26	27	26	25	26	26	26	25	27	27	26	26	26	24
LOC_250	26	31	32	33	34	29	30	33	33	30	31	29	33	32	29	29	27
LOC_251	18	17	17	18	17	19	19	19	19	17	19	19	18	17	16	17	17
LOC_252	22	23	24	22	24	25	25	24	24	24	24	23	26	27	23	23	22
LOC_253	14	14	14	14	14	14	14	14	14	14	14	14	15	15	14	14	14
LOC_254	16	17	17	17	17	17	17	17	17	18	15	15	18	20	18	18	16
LOC_255	22	22	23	22	23	21	20	21	21	24	23	23	22	24	24	25	23
LOC_256	19	17	19	19	20	20	20	19	19	20	19	19	20	20	20	21	19
