names	Run1_C_3	Run1_C_5	Run1_C_7	Run1_C_8	Run1_C_9	root
LOC_1	19	20	19	19	19	19
LOC_2	21	22	22	23	22	20
LOC_3	7	7	7	7	7	7
LOC_4	7	7	7	7	7	7
LOC_5	7	6	6	6	6	7
LOC_6	16	16	16	18	17	16
LOC_7	13	13	13	13	13	13
LOC_8	20	23	21	21	21	22
LOC_9	15	16	16	16	15	15
LOC_10	17	17	18	18	18	17
LOC_11	23	26	23	23	23	23
LOC_12	17	17	17	17	17	17
LOC_13	17	18	18	19	18	17
LOC_14	18	18	18	19	19	18
LOC_15	26	25	26	23	23	27
LOC_16	14	14	14	14	14	14
LOC_17	15	16	18	15	15	15
LOC_18	23	23	24	25	25	23
LOC_19	21	23	22	20	20	22
LOC_20	15	15	15	15	14	15
LOC_21	13	14	13	13	14	13
LOC_22	19	21	20	20	21	21
LOC_23	17	16	22	22	22	16
LOC_24	23	23	22	24	23	23
LOC_25	22	22	22	22	23	22
LOC_26	14	15	15	15	15	15
LOC_27	17	16	17	17	17	17
LOC_28	21	20	22	22	23	21
LOC_29	25	25	25	24	26	25
LOC_30	19	21	19	19	20	19
LOC_31	25	26	26	26	25	26
LOC_32	20	21	20	20	20	20
LOC_33	14	16	16	16	16	15
LOC_34	14	14	14	14	14	14
LOC_35	19	20	19	20	20	19
LOC_36	20	22	20	20	20	20
LOC_37	20	22	21	22	21	21
LOC_38	15	16	17	16	16	16
LOC_39	20	20	19	19	19	20
LOC_40	14	14	14	15	16	14
LOC_41	21	22	26	23	22	21
LOC_42	21	23	26	26	24	21
LOC_43	18	18	18	18	18	18
LOC_44	18	18	18	17	17	18
LOC_45	19	18	18	20	18	18
LOC_46	21	20	21	19	19	20
LOC_47	15	14	15	16	15	15
LOC_48	18	16	16	16	17	17
LOC_49	15	18	18	18	18	15
LOC_50	16	16	16	16	16	16
LOC_51	20	21	20	18	23	20
LOC_52	19	18	18	18	18	19
LOC_53	23	23	23	23	25	23
LOC_54	20	19	20	20	19	20
LOC_55	20	19	19	19	19	20
LOC_56	19	19	19	19	19	19
LOC_57	23	21	20	20	20	23
LOC_58	21	21	21	16	16	21
LOC_59	9	9	9	9	9	9
LOC_60	20	20	20	20	20	20
LOC_61	24	27	28	27	27	24
LOC_62	16	20	20	21	22	18
LOC_63	17	18	19	18	17	17
LOC_64	17	17	17	17	17	17
