names	Run1_C_8	Run1_C_12	Run1_C_13	Run1_C_18	Run1_C_19	Run1_C_21	Run1_C_22	Run1_C_23	Run1_C_24	Run1_C_25	Run1_C_27	Run1_C_28	Run1_C_29	Run1_C_30	Run1_C_31	Run1_C_33	Run1_C_34	Run1_C_35	root
LOC_1	20	21	19	19	18	19	18	19	19	19	19	19	19	19	19	19	19	19	19
LOC_2	21	20	20	19	18	20	21	21	19	20	23	22	23	25	25	20	21	23	20
LOC_3	8	8	8	7	7	7	7	7	7	7	7	7	7	7	7	7	7	7	7
LOC_4	7	7	7	7	7	7	7	7	7	7	7	7	7	7	7	7	7	7	7
LOC_5	7	7	7	7	6	7	7	8	7	7	7	7	7	7	7	7	7	7	7
LOC_6	15	15	15	16	17	17	16	16	17	17	16	16	16	16	16	16	19	16	16
LOC_7	13	13	13	13	13	13	13	13	14	14	15	13	13	15	15	14	14	14	13
LOC_8	21	22	22	22	22	22	25	27	22	22	23	23	24	23	24	23	23	22	22
LOC_9	15	15	15	19	17	14	15	15	14	14	15	15	15	15	13	15	15	15	15
LOC_10	16	17	17	18	18	17	17	17	17	17	19	18	18	18	18	17	16	16	17
LOC_11	24	23	23	23	23	23	27	26	22	22	26	27	27	26	24	24	24	24	23
LOC_12	17	17	19	16	16	15	18	17	16	16	15	17	17	17	17	17	17	16	17
LOC_13	18	18	18	15	16	16	16	17	16	16	17	18	18	18	17	18	17	17	17
LOC_14	17	18	18	18	19	18	18	18	18	18	18	18	18	18	18	18	18	18	18
LOC_15	25	26	26	28	27	26	26	26	27	26	26	31	27	29	27	26	24	26	27
LOC_16	13	14	14	14	14	14	15	15	14	14	14	15	15	14	14	15	15	15	14
LOC_17	15	15	15	15	15	15	16	16	15	16	16	16	16	16	16	16	14	15	15
LOC_18	24	24	24	23	19	23	26	26	21	23	23	24	24	23	24	24	24	24	23
LOC_19	23	24	23	22	22	20	24	22	19	19	22	20	22	21	20	23	22	22	22
LOC_20	16	15	15	14	14	15	16	16	15	15	16	16	14	16	16	16	16	16	15
LOC_21	13	14	14	13	12	13	13	13	13	14	14	13	13	13	13	13	13	13	13
LOC_22	22	21	21	21	21	23	25	23	21	21	24	24	24	24	24	22	22	23	21
LOC_23	15	15	15	19	16	16	15	15	16	16	15	15	15	15	15	16	19	16	16
LOC_24	25	21	21	24	23	21	21	23	21	21	22	22	22	21	21	24	23	23	23
LOC_25	22	22	22	22	24	23	22	23	22	22	23	22	22	24	23	23	22	23	22
LOC_26	16	16	16	16	16	16	13	13	16	16	13	12	13	13	13	13	14	13	15
LOC_27	17	18	18	17	17	17	18	20	17	18	17	15	16	15	17	16	16	16	17
LOC_28	21	21	21	24	23	21	21	22	22	22	23	21	21	21	22	21	22	21	21
LOC_29	28	25	25	25	25	23	26	26	22	22	22	23	22	24	24	24	24	24	25
LOC_30	19	19	20	18	19	19	17	19	19	19	19	18	17	19	19	19	19	19	19
LOC_31	26	25	25	26	28	26	27	24	24	24	25	25	24	25	25	27	25	27	26
LOC_32	21	22	23	19	19	21	20	20	21	21	21	21	20	21	21	19	20	20	20
LOC_33	16	17	16	19	18	15	15	15	15	15	15	15	15	15	15	16	15	15	15
LOC_34	14	15	14	14	14	14	15	17	14	14	16	15	15	17	17	14	14	14	14
LOC_35	20	18	21	19	19	19	19	18	19	21	18	16	18	19	19	16	22	22	19
LOC_36	21	20	20	21	20	23	19	19	21	20	20	20	20	20	21	20	20	20	20
LOC_37	23	23	21	21	21	23	21	23	22	21	23	22	22	23	23	24	24	23	21
LOC_38	12	11	12	14	14	16	12	12	17	17	12	14	12	12	11	12	12	14	16
LOC_39	20	21	21	20	20	19	21	20	21	20	20	20	19	20	20	20	20	20	20
LOC_40	14	14	14	14	14	14	14	14	14	14	12	14	14	14	14	14	14	14	14
LOC_41	21	22	22	24	23	23	26	25	23	23	24	27	27	25	27	22	18	18	21
LOC_42	21	21	19	20	20	20	21	21	20	19	20	21	22	21	21	22	22	20	21
LOC_43	18	18	18	19	19	19	19	19	20	20	18	18	18	18	18	18	19	21	18
LOC_44	18	18	18	18	18	18	21	21	18	19	19	15	17	18	17	18	18	17	18
LOC_45	18	18	18	18	18	18	20	20	17	17	20	20	20	22	22	20	21	20	18
LOC_46	20	21	20	20	21	20	20	20	20	20	21	19	21	20	21	18	18	18	20
LOC_47	12	13	14	15	15	15	13	12	15	15	13	13	13	14	13	13	13	13	15
LOC_48	19	19	19	17	17	16	18	18	17	17	19	19	19	18	18	19	19	19	17
LOC_49	16	16	16	16	16	16	18	18	16	16	18	18	18	16	16	17	16	16	15
LOC_50	16	16	16	16	16	16	16	16	16	16	16	16	16	16	16	17	17	16	16
LOC_51	22	20	20	20	20	20	22	21	21	20	20	19	21	21	21	20	21	22	20
LOC_52	19	19	19	19	20	20	19	19	20	20	19	19	19	19	19	19	19	19	19
LOC_53	22	22	23	21	23	21	24	24	21	20	22	23	22	22	22	21	20	20	23
LOC_54	21	19	19	20	19	22	20	20	22	23	20	21	23	21	21	20	20	20	20
LOC_55	20	22	22	20	20	22	21	21	21	21	20	21	21	20	22	20	21	21	20
LOC_56	19	16	19	19	19	19	19	19	19	19	19	18	18	18	19	19	19	20	19
LOC_57	22	21	22	23	23	23	24	24	22	23	22	24	23	25	25	24	20	22	23
LOC_58	22	21	21	21	21	22	24	25	21	20	25	23	23	25	26	24	24	23	21
LOC_59	9	9	9	11	11	9	10	10	9	9	9	9	9	9	9	9	9	9	9
LOC_60	21	21	20	20	20	19	19	19	20	19	20	21	21	21	21	19	20	20	20
LOC_61	22	22	22	24	25	25	23	22	26	26	24	24	25	23	23	24	25	25	24
LOC_62	18	18	18	19	19	18	18	18	18	18	18	18	18	18	18	18	19	18	18
LOC_63	18	15	17	17	17	17	18	20	17	17	18	18	18	18	18	16	15	16	17
LOC_64	18	18	18	16	17	17	18	18	17	17	18	17	17	18	18	18	17	17	17
LOC_65	19	17	17	16	16	16	18	18	18	17	17	17	17	17	18	17	17	16	17
LOC_66	19	18	18	21	21	21	21	21	21	21	21	21	21	21	21	20	19	20	21
LOC_67	22	22	22	22	23	22	25	22	22	23	23	21	21	22	23	22	22	22	22
LOC_68	16	15	15	16	18	16	15	15	15	16	15	16	16	14	14	16	19	19	16
LOC_69	19	21	21	21	21	20	18	18	22	22	21	21	21	21	21	22	25	25	21
LOC_70	23	23	25	24	22	23	23	23	24	24	23	23	25	23	24	24	24	23	23
LOC_71	17	17	17	16	16	16	16	16	16	16	16	16	16	16	16	16	19	17	16
LOC_72	21	26	27	18	20	20	24	24	21	21	21	20	20	21	21	17	20	20	20
LOC_73	20	17	18	22	21	21	18	16	21	21	19	18	18	18	18	18	16	18	19
LOC_74	20	22	21	23	23	22	28	27	22	22	26	25	23	28	28	24	23	23	22
LOC_75	25	24	26	23	23	22	24	25	23	19	27	28	25	27	27	26	25	26	23
LOC_76	21	21	21	19	19	21	23	23	21	21	22	22	21	22	20	22	22	22	21
LOC_77	15	17	14	14	14	14	14	14	15	14	14	13	14	13	13	14	14	12	14
LOC_78	21	21	22	23	22	22	20	20	22	22	19	20	21	19	19	22	24	22	22
LOC_79	15	16	16	15	15	16	19	17	15	15	16	15	15	17	17	15	15	15	15
LOC_80	24	24	22	20	20	25	24	24	25	25	23	26	24	24	26	27	26	28	24
LOC_81	15	17	19	16	16	16	18	18	17	16	17	17	17	17	19	18	21	19	16
LOC_82	20	20	20	19	19	21	21	21	19	20	19	20	20	20	20	22	21	20	20
LOC_83	18	18	18	19	18	18	22	22	15	16	20	19	19	20	20	18	18	18	18
LOC_84	16	16	16	16	18	16	16	16	19	19	18	13	13	19	18	16	14	16	16
LOC_85	21	20	20	22	21	22	23	23	21	21	23	22	22	23	23	23	20	20	21
LOC_86	16	16	16	18	17	17	16	16	17	18	18	16	16	16	14	16	16	16	16
LOC_87	21	20	20	20	20	20	20	19	20	20	19	19	19	18	18	20	20	20	20
LOC_88	22	22	22	21	23	23	21	21	24	23	20	19	19	20	20	18	20	20	22
LOC_89	26	26	24	23	24	23	27	27	23	23	28	27	28	28	26	28	26	28	26
LOC_90	19	20	19	20	20	20	21	20	21	20	19	21	21	20	20	20	18	20	20
LOC_91	16	16	17	17	17	17	17	17	16	17	22	17	17	19	19	17	17	17	17
LOC_92	20	19	19	23	21	20	17	17	20	20	20	19	19	20	20	19	18	19	19
LOC_93	13	13	13	13	13	12	13	13	12	12	13	12	13	14	14	13	13	13	12
LOC_94	15	18	17	13	14	17	14	15	15	15	15	15	15	14	15	15	14	14	15
LOC_95	13	13	13	13	13	13	13	13	13	13	13	13	13	14	13	14	15	16	13
LOC_96	20	18	18	20	19	20	21	21	21	19	21	21	21	21	21	21	21	22	20
LOC_97	21	21	20	19	20	25	21	22	22	22	22	20	20	22	22	20	20	20	20
LOC_98	17	17	17	15	15	15	18	18	15	16	17	17	17	17	17	18	16	16	15
LOC_99	16	16	17	17	17	16	17	17	15	15	17	17	17	17	18	16	16	16	16
LOC_100	14	14	14	14	14	14	14	14	14	14	14	14	14	14	14	14	14	14	14
LOC_101	21	21	21	21	21	20	19	19	21	21	22	22	22	20	19	22	24	24	21
LOC_102	17	19	19	19	20	18	17	17	19	19	18	18	19	17	18	18	18	18	19
LOC_103	14	14	14	14	14	14	14	14	14	14	17	14	14	13	13	14	15	15	14
LOC_104	22	20	21	22	22	18	26	20	18	18	22	22	23	20	20	21	21	20	21
LOC_105	13	13	13	17	17	17	14	14	18	18	14	13	13	14	14	13	13	13	16
LOC_106	28	28	29	28	29	31	26	25	27	28	26	24	24	32	32	27	26	26	28
LOC_107	15	15	15	15	15	15	16	16	15	15	16	16	16	16	16	15	15	17	15
LOC_108	24	23	22	21	23	23	25	25	23	23	25	23	23	25	25	23	22	24	23
LOC_109	14	15	14	15	15	14	14	14	14	14	14	14	15	15	14	14	14	14	14
LOC_110	16	16	16	16	16	14	16	16	14	14	16	16	16	16	16	17	17	17	16
LOC_111	17	18	17	15	16	14	15	15	14	14	15	15	15	15	15	15	16	15	15
LOC_112	21	21	21	21	21	21	20	20	21	21	20	19	19	19	19	21	22	22	21
LOC_113	16	17	17	15	15	14	14	14	14	14	14	14	14	13	13	14	14	14	14
LOC_114	17	17	17	18	19	16	19	19	18	18	19	18	18	19	20	18	17	17	17
LOC_115	14	14	15	14	14	16	13	13	15	15	13	14	15	13	13	14	14	14	14
LOC_116	19	19	19	14	14	14	17	18	14	14	17	17	17	16	16	16	16	15	14
LOC_117	18	16	18	23	23	22	20	19	22	21	16	22	19	16	16	19	19	19	19
LOC_118	16	16	16	16	16	16	13	13	18	16	13	13	13	12	12	16	17	16	16
LOC_119	23	24	24	24	23	21	20	19	19	20	20	20	20	19	20	22	25	25	23
LOC_120	18	18	17	19	19	20	19	19	19	17	19	19	19	19	19	18	19	18	18
LOC_121	21	23	22	18	18	19	21	21	18	18	21	21	21	20	21	21	21	22	18
LOC_122	19	19	18	17	19	17	19	16	17	17	19	18	18	19	19	19	21	22	19
LOC_123	24	24	23	25	24	25	24	24	23	23	25	25	26	23	24	24	25	24	24
LOC_124	22	25	26	17	20	22	22	22	22	20	24	23	24	24	24	24	23	23	22
LOC_125	29	27	27	26	26	30	25	25	29	27	29	27	28	29	29	29	30	31	27
LOC_126	15	14	14	14	14	14	14	14	15	14	14	14	14	14	16	14	14	12	14
LOC_127	23	21	24	22	22	23	20	20	22	23	20	19	19	20	20	21	24	21	22
LOC_128	18	20	20	22	20	20	21	21	20	17	21	22	21	21	18	20	21	21	20
LOC_129	22	22	22	18	18	19	17	17	18	18	16	18	18	17	18	17	17	17	19
LOC_130	24	24	23	22	22	23	27	26	25	24	26	24	24	25	28	22	25	24	24
LOC_131	17	17	17	18	16	16	15	15	16	16	15	16	15	17	15	15	15	15	15
LOC_132	21	23	21	23	23	21	21	21	21	21	21	18	20	21	22	20	24	23	21
LOC_133	23	21	24	25	23	24	22	23	24	24	25	25	22	24	24	23	23	23	22
LOC_134	22	23	22	23	23	23	21	23	23	25	22	23	22	22	23	21	22	22	23
LOC_135	13	13	13	14	14	15	15	15	16	15	14	14	14	14	14	14	14	15	14
LOC_136	15	15	14	15	15	14	16	16	15	15	18	15	15	15	16	15	15	15	15
LOC_137	27	26	25	22	20	21	28	26	22	23	27	26	27	23	24	24	24	24	24
LOC_138	22	19	20	21	19	21	21	23	21	21	20	21	22	22	21	21	21	21	21
LOC_139	17	17	17	16	17	17	16	16	17	17	16	17	17	17	16	17	17	17	17
LOC_140	16	17	17	18	16	16	16	16	16	16	17	16	16	17	17	16	17	16	17
LOC_141	15	15	15	17	17	17	15	16	17	16	15	17	16	15	15	17	15	15	15
LOC_142	33	30	30	28	28	30	31	30	27	26	30	28	29	32	32	28	26	26	27
LOC_143	21	23	23	20	21	21	22	22	21	22	22	22	22	22	22	21	21	20	21
LOC_144	19	16	17	16	16	16	19	17	15	16	17	17	17	17	17	16	18	16	16
LOC_145	20	20	20	23	20	19	20	19	17	19	18	20	20	19	19	20	20	20	20
LOC_146	20	20	19	20	20	21	20	20	20	23	23	20	19	23	22	21	22	22	20
LOC_147	20	21	19	22	22	22	20	20	20	20	20	20	21	20	20	20	23	20	21
LOC_148	14	15	14	14	14	13	15	14	14	14	14	14	14	15	14	14	16	14	14
LOC_149	20	20	20	19	19	20	18	18	18	18	19	19	19	21	19	18	20	18	18
LOC_150	15	15	15	15	15	15	17	18	15	15	15	15	15	16	14	17	15	15	15
LOC_151	16	13	13	16	15	16	16	16	16	16	16	16	16	16	16	17	17	17	16
LOC_152	20	20	21	20	21	21	19	19	18	18	19	20	19	19	18	19	20	20	20
LOC_153	21	19	19	17	18	17	22	19	18	18	20	18	20	18	19	20	20	20	20
LOC_154	18	18	17	19	19	20	18	18	19	19	19	18	18	18	18	18	19	19	18
LOC_155	21	23	23	21	20	23	21	21	25	24	21	22	22	20	21	22	22	22	21
LOC_156	17	18	20	17	17	17	14	14	17	17	14	15	15	14	14	13	13	13	17
LOC_157	18	18	18	17	16	17	17	17	17	17	18	18	18	18	18	18	18	18	17
LOC_158	24	23	23	22	22	22	21	22	21	22	21	21	21	21	21	22	22	22	22
LOC_159	15	15	12	15	15	15	14	15	15	15	14	15	15	15	15	15	15	15	15
LOC_160	21	21	21	19	19	19	21	21	20	19	21	22	21	23	21	21	21	21	19
LOC_161	22	21	21	20	21	21	20	20	21	21	21	22	22	20	21	20	21	21	21
LOC_162	20	20	20	23	22	21	19	19	20	20	19	19	19	20	17	20	20	20	20
LOC_163	20	21	21	18	18	18	18	18	18	18	19	18	18	21	19	18	18	18	18
LOC_164	17	19	20	19	19	19	20	20	19	19	19	22	22	20	21	20	20	18	20
LOC_165	15	15	15	15	15	16	15	15	14	16	15	15	17	15	15	14	15	15	15
LOC_166	17	17	17	17	17	17	16	16	17	17	14	16	14	17	17	17	17	17	17
LOC_167	16	17	16	16	16	16	16	16	16	18	16	16	16	16	16	18	16	16	16
LOC_168	30	30	29	26	26	28	29	31	29	30	30	28	28	28	28	27	28	29	28
LOC_169	21	22	23	28	27	22	25	27	23	22	27	26	26	23	27	25	23	24	23
LOC_170	18	19	19	19	19	19	19	19	18	19	19	17	18	16	18	19	19	19	19
LOC_171	23	24	22	22	21	21	23	22	21	22	22	19	21	20	20	25	24	24	23
LOC_172	23	22	21	22	21	23	23	22	23	24	24	22	25	24	24	23	22	23	22
LOC_173	15	15	16	17	15	18	14	15	18	22	15	15	16	16	15	15	15	15	16
LOC_174	21	26	23	24	24	24	23	23	24	24	25	24	24	25	25	26	23	25	22
LOC_175	25	25	24	31	30	27	24	25	24	33	24	23	22	27	26	25	25	25	27
LOC_176	14	14	14	17	15	15	14	14	15	15	14	14	14	15	15	15	14	14	14
LOC_177	21	22	22	22	23	24	24	25	23	24	24	23	26	23	24	25	25	25	24
LOC_178	22	22	22	22	23	21	22	23	24	25	21	24	23	22	19	22	21	23	23
LOC_179	27	27	31	24	24	24	26	24	23	23	25	25	25	24	25	24	24	24	23
LOC_180	22	21	22	23	21	20	22	22	20	20	22	22	21	22	23	23	23	23	22
LOC_181	18	18	17	17	17	17	18	19	18	17	18	18	19	16	16	20	23	20	18
LOC_182	25	25	25	23	22	21	24	26	25	25	24	24	24	25	21	24	21	23	23
LOC_183	24	27	28	28	28	27	22	22	29	29	22	21	22	22	22	23	23	23	25
LOC_184	16	16	16	16	16	14	16	16	16	17	16	16	16	16	16	16	16	17	16
LOC_185	20	20	21	20	20	20	20	20	20	20	18	18	19	23	23	20	19	19	20
LOC_186	16	16	17	17	17	16	16	16	15	15	16	16	17	16	16	16	16	16	16
LOC_187	22	21	21	23	20	21	19	19	22	22	20	22	21	19	18	24	24	22	21
LOC_188	25	25	25	25	23	28	21	22	25	26	23	23	21	24	24	23	23	23	25
LOC_189	14	14	14	14	14	14	14	14	14	14	14	14	14	14	14	14	15	14	14
LOC_190	19	19	18	23	22	23	20	20	20	20	20	21	21	21	21	19	22	18	22
LOC_191	19	18	18	17	18	16	16	16	17	17	16	17	17	16	16	16	16	16	17
LOC_192	22	19	22	20	20	22	22	22	25	21	22	22	21	22	22	21	21	22	21
LOC_193	15	15	15	16	16	15	16	16	14	15	15	15	15	15	15	15	16	16	15
LOC_194	18	18	18	19	19	18	19	19	18	18	20	18	19	16	18	18	18	18	18
LOC_195	19	20	20	18	18	18	19	18	18	18	19	19	19	20	18	19	19	19	18
LOC_196	24	24	24	22	24	22	26	25	20	21	26	25	25	25	26	25	26	24	22
LOC_197	21	21	21	21	21	19	21	21	23	21	21	22	21	21	21	22	20	20	21
LOC_198	30	32	34	26	27	23	29	29	24	26	28	28	29	28	26	27	28	27	27
LOC_199	14	14	14	14	14	14	14	14	13	13	14	14	14	14	14	14	14	14	14
LOC_200	23	26	26	22	23	22	20	20	22	21	20	20	20	20	20	19	18	18	23
LOC_201	23	23	25	24	25	24	18	18	24	24	18	20	20	18	17	18	18	18	24
LOC_202	17	16	16	16	16	18	20	20	17	17	20	19	19	20	20	18	18	18	17
LOC_203	18	17	19	19	18	18	19	19	19	18	20	19	21	19	19	18	19	19	18
LOC_204	19	19	19	18	18	22	18	18	18	18	17	20	18	16	16	17	18	18	18
LOC_205	14	17	15	14	14	14	15	15	15	15	15	15	15	17	15	16	16	16	14
LOC_206	20	20	18	20	20	20	20	21	20	19	22	19	19	22	22	19	20	22	20
LOC_207	15	18	18	14	14	14	17	16	16	16	17	15	15	16	16	15	16	15	14
LOC_208	13	13	13	14	14	14	14	14	15	15	14	15	15	14	14	14	14	14	14
LOC_209	18	19	19	17	17	17	17	16	17	17	17	17	17	16	17	17	17	17	17
LOC_210	22	22	24	26	26	26	20	20	25	25	20	20	20	20	22	21	20	20	22
LOC_211	25	23	26	24	24	27	24	25	28	27	21	24	24	22	22	27	26	26	24
LOC_212	24	24	23	24	25	26	22	23	25	23	23	23	22	23	23	23	23	22	24
LOC_213	21	21	21	19	19	19	20	20	19	19	20	20	20	20	20	19	19	20	19
LOC_214	17	18	18	17	17	17	16	16	17	17	16	18	18	16	16	17	17	17	17
LOC_215	15	15	15	18	18	15	15	15	13	16	15	16	15	15	15	15	14	15	16
LOC_216	21	20	20	21	20	20	21	24	21	22	21	21	21	21	21	22	21	21	20
LOC_217	27	28	28	22	21	24	27	28	28	27	29	27	25	29	30	29	26	26	25
LOC_218	17	17	17	17	17	17	19	18	21	21	18	16	16	18	18	16	16	16	17
LOC_219	15	15	15	15	15	15	16	16	15	15	16	16	16	16	16	16	16	16	15
LOC_220	14	14	14	17	17	16	19	19	16	16	19	18	18	17	17	18	16	18	18
LOC_221	23	22	22	21	23	26	22	24	26	27	22	23	23	23	23	20	22	23	24
LOC_222	25	26	28	24	23	26	28	27	25	27	27	27	26	25	29	31	28	26	28
LOC_223	14	14	14	14	14	14	14	14	14	14	14	14	14	14	14	13	14	13	14
LOC_224	15	16	16	20	22	16	16	17	17	17	17	16	16	17	17	16	16	16	16
LOC_225	22	22	22	21	21	21	20	20	20	20	21	22	20	21	20	21	21	20	21
LOC_226	17	16	16	16	17	16	16	16	16	16	16	16	16	15	16	16	18	18	16
LOC_227	8	8	8	7	8	7	8	8	7	7	8	8	8	8	8	8	8	8	7
LOC_228	16	16	16	18	15	16	19	21	16	18	19	16	15	19	18	15	16	17	16
LOC_229	17	19	18	17	17	17	17	17	17	17	17	16	16	18	17	17	17	17	17
LOC_230	20	19	19	20	21	19	18	20	19	19	18	18	18	18	18	19	19	19	19
LOC_231	18	18	18	19	19	18	20	20	19	19	20	19	17	22	22	19	19	19	19
LOC_232	20	22	24	14	14	14	20	18	14	14	18	20	19	18	17	18	18	18	18
LOC_233	15	15	16	15	15	15	14	15	16	16	15	15	15	14	14	14	15	15	15
LOC_234	15	15	16	16	16	17	15	15	17	17	15	15	15	16	16	17	15	15	15
LOC_235	23	22	22	21	21	22	23	22	25	25	22	21	21	21	21	22	22	22	22
LOC_236	17	17	19	17	16	17	17	17	18	18	17	17	17	17	17	18	18	18	17
LOC_237	20	20	20	20	20	20	17	17	19	20	17	16	17	17	17	20	19	19	20
LOC_238	23	22	22	21	19	21	20	20	21	21	23	23	23	24	24	22	22	22	21
LOC_239	22	22	22	25	22	22	23	21	23	22	20	21	22	24	22	22	21	22	22
LOC_240	14	14	14	14	14	14	15	14	14	14	15	15	15	16	16	15	15	16	14
LOC_241	18	18	18	21	21	21	18	18	21	21	18	18	17	17	18	18	18	18	18
LOC_242	18	19	19	15	16	16	16	16	16	16	16	18	18	16	16	16	16	17	17
LOC_243	19	19	19	18	18	19	19	19	19	19	19	19	20	19	19	19	19	21	19
LOC_244	14	14	15	14	14	16	14	13	15	15	14	14	14	14	14	14	15	14	14
LOC_245	25	24	25	24	25	27	21	23	27	27	26	25	26	23	24	27	29	27	24
LOC_246	23	23	22	24	24	25	23	23	25	24	23	23	22	22	22	25	23	23	24
LOC_247	16	17	16	16	16	16	19	20	16	16	20	16	16	20	21	16	16	16	16
LOC_248	18	18	18	18	18	20	21	21	20	20	18	18	17	18	18	20	19	19	18
LOC_249	23	23	23	24	24	24	22	22	24	24	22	22	22	22	22	21	21	22	24
LOC_250	24	26	27	25	25	24	25	26	26	28	26	25	25	25	26	28	26	27	27
LOC_251	17	17	17	17	16	17	17	17	19	18	16	17	17	17	17	17	18	18	17
LOC_252	28	24	27	22	22	23	26	27	23	22	27	27	27	25	29	26	24	26	22
LOC_253	14	14	14	14	14	12	13	13	14	14	13	14	13	13	12	13	13	13	14
LOC_254	16	16	15	17	18	17	16	16	16	17	16	16	17	16	16	16	16	16	16
LOC_255	23	25	23	22	23	22	22	22	23	23	20	22	22	21	20	22	22	21	23
LOC_256	21	21	22	19	19	19	20	20	18	19	20	20	20	24	23	21	22	20	19
LOC_257	19	21	20	17	17	19	21	21	17	19	20	19	20	20	20	19	19	19	20
LOC_258	14	14	14	13	13	13	16	16	14	15	16	15	15	16	16	14	14	14	13
LOC_259	20	20	20	20	20	20	20	20	20	19	20	20	20	17	19	20	20	20	20
LOC_260	22	23	23	23	22	21	19	18	21	21	21	22	21	22	22	21	20	21	22
LOC_261	16	15	15	17	17	15	15	15	17	16	15	15	13	15	15	14	14	14	15
LOC_262	12	12	12	13	13	13	13	13	13	13	13	13	13	13	13	13	13	13	13
LOC_263	15	15	15	15	18	17	16	15	15	15	15	17	17	15	15	17	16	16	16
LOC_264	21	21	21	23	23	22	22	23	22	22	21	23	22	20	23	21	22	21	22
LOC_265	26	21	22	21	22	25	22	22	27	24	23	23	23	23	23	26	24	21	24
LOC_266	18	18	19	19	19	22	18	18	21	21	18	16	16	16	16	18	18	18	19
LOC_267	18	18	18	18	18	16	23	23	18	18	22	22	24	22	20	20	20	19	18
LOC_268	17	16	18	17	18	18	17	16	19	18	17	17	17	19	19	21	20	20	17
LOC_269	16	16	16	16	16	14	16	16	13	13	16	15	17	17	17	16	16	17	16
LOC_270	19	18	18	19	19	19	17	17	20	20	16	17	17	16	16	20	19	18	19
LOC_271	21	25	24	25	23	24	25	24	29	30	24	23	22	24	23	25	23	24	24
LOC_272	24	21	21	23	24	23	22	21	23	23	21	21	21	22	22	18	18	18	23
LOC_273	27	27	25	23	24	25	24	23	26	26	26	24	23	24	25	25	27	27	24
LOC_274	20	19	20	23	23	22	24	25	22	21	23	21	21	25	21	22	21	22	22
LOC_275	15	15	15	15	14	15	15	15	15	15	15	15	15	15	15	15	15	16	15
LOC_276	20	20	21	20	20	20	21	22	20	20	20	20	22	20	21	20	20	20	20
LOC_277	14	14	14	14	14	14	14	14	14	14	16	14	14	15	14	14	14	14	14
LOC_278	14	14	15	14	14	14	14	14	14	14	15	14	14	15	15	14	13	13	14
LOC_279	16	15	15	15	15	17	15	15	16	16	15	15	14	15	15	15	15	15	15
LOC_280	20	21	20	21	22	18	21	20	24	26	20	21	21	17	17	21	21	21	20
LOC_281	20	19	20	23	22	20	19	19	21	22	19	19	19	19	19	20	22	20	20
LOC_282	17	17	18	13	13	15	18	16	15	15	15	14	15	15	16	15	15	15	15
LOC_283	14	14	14	14	14	14	14	14	14	14	14	14	14	14	14	14	14	14	14
LOC_284	14	14	14	15	14	14	14	14	14	17	14	14	14	14	14	14	14	14	14
LOC_285	27	28	29	27	28	28	29	29	28	27	29	29	30	31	31	30	32	30	29
LOC_286	18	18	18	18	19	18	20	20	17	17	20	21	20	19	20	21	21	21	18
LOC_287	25	27	27	28	28	27	25	26	29	29	27	26	26	25	27	23	22	23	28
LOC_288	17	17	17	17	17	17	19	19	17	17	18	13	13	17	17	18	20	19	17
LOC_289	15	16	16	15	15	14	15	15	14	13	15	15	15	15	15	15	15	15	15
LOC_290	17	17	17	22	21	19	22	21	20	18	20	20	20	20	19	20	20	20	19
LOC_291	18	18	18	19	19	19	23	24	19	19	19	19	19	19	19	16	16	16	18
LOC_292	20	19	19	19	20	18	19	20	20	19	19	19	19	19	19	19	19	19	19
LOC_293	14	16	16	16	16	16	15	15	15	15	15	15	15	15	16	15	15	15	15
LOC_294	28	31	30	25	25	26	25	26	25	25	26	24	24	24	24	29	30	28	25
LOC_295	18	19	18	20	19	20	19	19	19	18	19	18	18	19	19	18	18	18	18
LOC_296	14	14	14	14	14	14	14	14	14	14	14	14	14	14	14	15	14	14	14
LOC_297	16	16	16	15	15	15	16	16	14	14	16	16	15	16	16	16	16	16	15
LOC_298	17	17	17	18	18	18	17	17	18	18	17	17	17	17	17	17	17	17	17
LOC_299	16	16	16	16	16	16	17	15	16	16	17	13	16	17	17	16	15	12	16
LOC_300	17	17	17	16	16	17	17	17	17	16	17	17	17	17	17	18	16	17	17
LOC_301	20	18	18	20	21	23	22	23	22	22	19	21	20	20	21	19	18	19	20
LOC_302	24	26	24	27	25	22	22	20	23	23	25	24	25	23	23	24	23	25	24
LOC_303	18	18	21	18	18	19	18	18	21	21	18	19	19	18	18	18	18	18	18
LOC_304	13	14	14	15	14	14	15	15	14	14	14	14	14	15	15	14	14	14	14
LOC_305	19	14	14	17	17	17	17	17	18	18	19	17	17	17	17	17	17	19	17
LOC_306	23	26	27	24	24	25	26	25	26	27	25	26	25	26	26	26	23	24	26
LOC_307	24	24	24	22	22	23	20	20	23	23	19	21	21	19	19	23	24	25	22
LOC_308	24	22	24	22	22	21	24	24	22	22	25	24	23	24	24	24	21	23	22
LOC_309	21	21	22	25	23	22	21	20	23	23	20	22	22	20	20	21	21	21	22
LOC_310	15	15	15	15	15	16	14	14	16	16	14	15	15	14	13	15	17	16	15
LOC_311	17	18	18	18	18	18	17	16	18	18	17	17	17	17	17	16	17	17	18
LOC_312	18	18	17	19	18	18	21	20	18	18	20	22	19	20	20	18	18	18	18
LOC_313	16	16	16	16	16	15	20	20	16	14	19	18	18	19	22	17	16	17	16
LOC_314	15	15	15	15	14	15	14	14	15	16	14	16	16	15	17	15	15	15	15
LOC_315	14	13	13	15	15	15	15	15	15	15	17	16	17	17	17	16	16	17	15
LOC_316	26	26	27	24	24	28	27	27	29	27	28	28	27	27	27	26	31	24	26
LOC_317	21	21	21	21	19	21	22	22	21	21	23	22	22	22	22	22	22	22	21
LOC_318	26	22	22	22	21	21	23	25	21	21	22	22	22	23	24	21	22	22	22
LOC_319	22	22	21	23	22	23	18	19	23	23	19	21	20	19	19	20	20	20	22
LOC_320	21	22	21	21	21	22	22	20	20	20	21	23	22	21	20	22	22	21	21
LOC_321	16	16	15	17	22	16	16	16	15	15	16	16	16	16	16	15	16	16	16
LOC_322	13	13	13	13	12	12	13	13	13	12	13	12	13	13	13	12	12	12	12
LOC_323	14	16	16	14	14	15	14	14	15	15	13	13	14	13	13	13	13	13	14
LOC_324	21	21	20	21	21	21	22	22	21	22	21	21	21	21	21	21	21	21	21
LOC_325	16	19	19	17	17	17	17	16	17	19	17	16	15	16	16	16	17	16	16
LOC_326	16	16	16	17	17	16	16	17	15	15	18	16	16	17	17	17	18	18	16
LOC_327	15	14	13	14	15	16	15	15	16	18	15	15	15	15	15	14	16	16	15
LOC_328	21	19	20	20	19	17	21	21	18	18	18	21	21	18	18	20	20	19	20
LOC_329	26	23	24	25	23	23	23	22	26	24	22	20	22	23	21	25	24	24	23
LOC_330	24	23	23	22	22	22	25	23	21	23	27	23	20	27	26	22	22	23	22
LOC_331	23	23	23	21	22	23	22	21	22	21	22	23	23	23	22	23	23	23	23
LOC_332	15	15	15	15	15	15	17	15	14	14	16	15	15	16	16	16	16	16	15
LOC_333	13	14	14	15	15	15	13	15	15	15	15	15	15	15	15	15	15	13	14
LOC_334	19	18	18	18	18	18	17	19	18	18	19	19	19	19	19	20	18	18	19
LOC_335	20	21	21	22	22	22	23	23	21	22	24	20	21	23	23	23	23	23	23
LOC_336	24	27	26	23	24	23	27	26	24	23	26	25	25	26	25	26	26	26	24
LOC_337	21	22	22	20	20	20	20	20	20	20	19	21	19	17	18	18	20	20	20
LOC_338	20	20	19	20	19	19	18	17	19	19	18	21	20	18	19	20	20	19	19
LOC_339	17	19	13	16	16	18	17	17	18	18	17	18	17	17	18	17	17	17	17
LOC_340	13	13	13	14	13	13	11	11	13	13	12	10	10	11	11	13	13	13	13
LOC_341	20	20	21	19	19	21	22	21	22	23	22	20	20	20	20	22	21	21	20
LOC_342	14	14	14	14	14	14	12	12	14	14	12	14	14	12	12	14	13	14	14
LOC_343	13	13	13	19	19	23	18	18	25	23	18	19	18	18	19	18	19	18	20
LOC_344	17	17	17	18	18	17	16	16	17	17	16	17	17	17	16	17	18	19	17
LOC_345	15	15	15	13	13	14	15	15	15	16	15	15	15	15	16	15	17	17	15
LOC_346	20	22	22	22	23	23	23	23	24	24	24	26	27	24	24	23	23	23	23
LOC_347	20	20	20	19	20	22	19	20	20	20	19	20	20	21	21	19	18	18	20
LOC_348	20	19	19	20	21	21	20	20	20	20	21	20	20	20	20	19	20	20	20
LOC_349	15	17	17	15	15	15	14	14	13	15	14	14	14	14	14	14	14	15	15
LOC_350	19	26	23	17	17	17	18	18	17	17	16	16	16	16	17	18	18	20	17
LOC_351	27	28	28	28	29	29	26	26	32	30	24	25	25	22	21	28	25	26	26
LOC_352	21	20	18	20	19	20	20	20	22	22	24	19	20	19	21	20	20	20	20
LOC_353	19	18	18	19	17	16	20	19	17	14	18	18	18	20	19	18	18	17	18
LOC_354	15	17	17	17	17	16	16	16	17	17	16	16	16	17	17	16	16	16	15
LOC_355	14	14	14	14	14	14	14	14	15	15	14	14	14	14	15	14	14	14	14
LOC_356	17	17	16	17	19	19	17	16	19	19	17	17	17	16	17	15	16	16	17
LOC_357	16	16	16	18	16	16	16	16	16	16	16	16	16	16	16	16	16	16	16
LOC_358	9	9	9	7	7	7	9	9	7	7	9	9	9	9	9	9	9	9	7
LOC_359	17	15	17	19	22	19	18	18	20	20	19	18	18	18	18	18	19	18	19
LOC_360	26	24	25	23	23	24	21	21	24	26	20	20	20	20	20	21	21	21	24
LOC_361	21	25	24	19	20	20	22	22	20	20	22	22	22	22	22	23	23	22	21
LOC_362	22	21	21	25	25	23	23	21	23	24	21	25	25	21	21	23	23	23	22
LOC_363	8	8	11	8	8	8	8	8	10	8	8	8	8	9	9	8	8	8	8
LOC_364	14	14	14	16	15	16	15	15	15	15	15	15	17	15	15	15	15	19	14
LOC_365	24	23	24	30	27	28	24	25	27	26	30	25	26	28	28	23	22	23	25
LOC_366	18	17	17	17	17	19	15	16	19	20	15	16	16	16	16	16	16	16	17
LOC_367	16	16	16	17	17	19	16	16	19	18	16	16	15	18	17	16	17	17	16
LOC_368	23	23	23	24	24	23	21	23	24	22	21	22	22	21	21	22	19	19	24
LOC_369	30	28	28	27	26	28	29	29	27	28	26	26	28	23	23	26	26	29	28
LOC_370	18	18	18	18	18	18	18	19	17	18	22	18	19	22	24	18	18	16	18
LOC_371	22	23	24	23	22	23	23	23	23	23	26	25	24	24	22	24	23	24	23
LOC_372	21	21	20	21	21	21	21	21	21	21	21	22	21	21	21	21	21	21	21
LOC_373	14	14	14	14	14	14	14	14	13	13	14	14	14	14	14	15	15	15	14
LOC_374	15	15	15	15	14	15	16	18	16	15	16	16	14	16	16	15	15	16	15
LOC_375	18	17	17	19	18	19	18	18	21	22	18	18	18	18	16	18	18	18	18
LOC_376	23	24	24	20	20	20	27	25	18	20	21	22	22	23	22	24	24	25	20
LOC_377	22	22	21	23	23	22	24	24	27	23	21	23	23	21	20	22	22	22	23
LOC_378	22	24	24	21	21	27	25	24	27	26	24	25	24	21	22	23	24	24	23
LOC_379	22	18	18	18	18	20	18	19	18	18	18	18	18	16	17	18	18	18	18
LOC_380	17	17	17	18	17	18	17	17	18	18	17	18	17	17	17	16	18	16	18
LOC_381	15	15	15	14	14	14	13	13	12	12	13	13	13	13	13	14	15	14	14
LOC_382	18	18	18	18	18	18	21	21	18	19	18	18	19	18	18	18	18	18	18
LOC_383	17	18	18	16	17	17	15	15	15	16	16	15	15	16	15	16	19	18	17
LOC_384	13	13	13	14	14	14	16	16	14	14	19	14	14	22	21	14	14	14	14
LOC_385	18	18	18	19	20	19	17	19	19	19	18	18	18	18	18	18	16	17	18
LOC_386	19	19	19	17	20	20	18	18	19	20	18	19	19	19	19	18	17	17	19
LOC_387	18	17	17	17	16	16	18	18	18	17	18	18	18	17	17	18	18	16	17
LOC_388	26	26	26	27	28	30	27	26	28	33	25	28	28	26	24	26	28	26	28
LOC_389	17	17	17	18	18	18	17	17	18	18	17	18	19	17	16	18	17	17	18
LOC_390	7	7	7	7	7	7	7	7	9	9	7	7	7	7	8	7	8	8	7
LOC_391	22	21	22	22	21	23	23	24	22	21	24	24	24	24	23	25	23	23	22
LOC_392	21	23	21	24	22	24	21	21	24	24	20	20	20	20	21	21	21	21	22
LOC_393	15	15	15	15	15	15	16	15	17	16	10	15	15	12	12	15	16	15	15
LOC_394	14	14	14	17	17	17	14	14	15	17	14	14	14	14	14	14	14	15	16
LOC_395	20	21	21	21	21	21	19	19	21	22	19	19	19	19	19	19	22	20	20
LOC_396	18	18	18	17	17	17	18	18	17	17	18	18	18	18	18	20	18	18	17
LOC_397	19	19	19	17	20	19	18	20	20	20	18	20	21	18	18	22	19	19	19
LOC_398	18	17	17	18	18	18	20	18	18	18	18	16	16	20	20	17	18	17	17
LOC_399	30	30	29	31	30	30	31	29	31	33	29	30	32	28	26	31	30	31	29
LOC_400	15	14	14	18	18	17	15	16	16	19	15	15	15	14	15	15	16	16	15
LOC_401	13	13	13	13	13	13	13	13	14	14	13	13	13	13	13	13	13	13	13
LOC_402	14	14	14	15	15	13	14	14	13	13	13	14	14	14	14	15	14	15	14
LOC_403	14	12	12	14	12	14	14	14	14	14	14	14	13	14	14	14	14	14	14
LOC_404	12	11	11	10	10	10	11	11	10	10	11	11	12	11	11	11	12	12	10
LOC_405	16	16	16	16	16	16	17	16	16	16	16	17	16	19	16	16	16	16	16
LOC_406	17	19	19	18	18	18	20	18	17	17	19	19	19	19	19	19	19	20	19
LOC_407	17	17	17	18	18	18	21	18	18	18	18	16	18	19	19	22	17	16	17
LOC_408	14	14	14	15	15	14	14	14	15	15	14	14	14	14	13	14	14	14	14
LOC_409	17	16	16	15	15	16	16	16	15	15	16	17	17	15	16	16	13	13	15
LOC_410	16	16	16	16	16	16	16	16	16	16	17	15	16	16	16	16	16	17	16
LOC_411	14	14	17	12	12	14	14	14	14	14	13	15	14	15	15	14	13	14	14
LOC_412	19	20	22	19	19	19	20	20	18	19	18	20	21	17	18	20	20	19	19
LOC_413	19	18	18	19	20	18	20	20	19	19	19	21	20	19	19	20	20	20	20
LOC_414	15	15	15	15	16	16	15	15	16	17	16	13	13	16	16	15	15	15	15
LOC_415	14	15	19	13	13	13	14	14	15	13	14	14	14	12	14	15	14	14	14
LOC_416	18	19	19	17	17	16	18	19	17	17	17	17	19	17	17	18	18	18	17
LOC_417	14	15	15	15	14	14	15	15	15	15	15	14	14	14	13	14	16	14	14
LOC_418	14	14	14	14	14	13	14	14	13	13	14	14	14	14	14	14	14	14	14
LOC_419	16	15	15	15	15	15	15	15	14	14	15	15	15	15	15	15	15	15	15
LOC_420	13	13	13	13	13	16	13	13	18	17	13	13	13	13	14	13	13	13	13
LOC_421	17	17	17	17	17	17	21	19	17	17	19	19	19	19	19	19	21	22	17
LOC_422	24	25	25	24	24	24	24	24	24	27	24	24	25	24	24	24	25	23	23
LOC_423	9	9	9	11	11	11	10	9	11	11	9	9	9	9	9	9	10	9	9
LOC_424	20	22	20	19	20	20	21	21	21	17	21	21	21	21	21	20	20	19	20
LOC_425	17	16	16	12	12	16	16	14	16	16	14	16	16	16	16	17	17	17	16
LOC_426	18	16	18	17	17	17	16	19	16	17	17	14	14	16	16	17	17	17	17
LOC_427	20	20	20	21	20	20	23	23	20	20	21	21	21	21	21	21	21	21	20
LOC_428	16	15	16	16	16	16	15	15	16	15	15	16	16	15	15	15	16	16	16
LOC_429	19	17	19	18	16	18	19	19	17	18	18	18	18	19	18	19	19	19	19
LOC_430	19	17	17	18	18	17	21	22	19	19	22	21	23	21	21	19	19	18	19
LOC_431	19	19	19	20	18	19	18	20	20	20	22	19	17	22	22	18	17	17	19
LOC_432	14	15	14	14	14	14	15	15	14	13	15	14	14	15	15	14	14	15	14
LOC_433	24	23	23	22	21	22	23	24	22	23	24	24	23	23	23	22	25	25	23
LOC_434	19	19	19	20	20	19	19	19	19	19	19	19	19	19	19	19	19	19	19
LOC_435	26	24	24	25	25	23	23	23	24	23	25	25	23	24	22	23	26	26	25
LOC_436	22	23	23	24	25	26	21	20	22	23	21	21	22	22	21	24	23	23	24
LOC_437	23	23	23	23	23	23	24	23	20	20	23	22	23	23	23	23	23	25	22
LOC_438	22	22	22	24	25	22	24	24	24	24	23	23	22	24	24	20	21	21	23
LOC_439	17	16	16	16	16	16	16	16	16	16	16	16	16	16	16	16	16	16	16
LOC_440	21	22	21	20	19	19	21	22	23	24	21	21	21	21	21	21	22	21	20
LOC_441	16	16	16	17	16	17	17	17	16	17	17	19	18	17	17	17	17	17	16
LOC_442	21	24	23	24	23	22	21	21	23	21	23	23	22	22	21	25	22	22	22
LOC_443	18	20	17	16	16	16	19	19	16	13	17	18	19	17	17	18	18	18	18
LOC_444	23	21	21	21	20	20	20	20	21	19	20	22	24	19	21	20	20	20	20
LOC_445	22	21	22	23	21	22	19	19	21	22	17	19	19	16	16	19	20	19	22
LOC_446	18	18	18	18	18	18	20	20	18	18	22	19	17	17	17	18	18	18	18
LOC_447	18	18	19	18	20	18	18	18	18	18	18	20	19	18	19	18	18	18	18
LOC_448	26	26	26	27	28	26	21	20	26	26	21	22	22	21	21	20	20	22	28
LOC_449	17	16	17	19	20	19	17	17	19	19	17	19	17	17	17	17	17	17	17
LOC_450	20	20	20	20	20	20	19	19	20	20	19	20	19	20	21	18	16	16	20
LOC_451	13	13	14	14	14	14	13	14	14	14	13	13	13	13	13	13	13	13	14
LOC_452	20	23	23	20	20	20	27	29	21	21	26	25	24	28	27	22	18	20	19
LOC_453	18	18	18	18	21	18	18	18	19	18	18	21	20	19	19	19	17	17	18
LOC_454	21	22	21	20	21	19	21	21	18	18	19	21	21	20	19	21	20	20	21
LOC_455	18	17	16	16	17	17	17	17	16	16	17	15	17	16	16	17	16	17	16
LOC_456	19	19	19	15	15	15	15	15	15	15	15	14	14	15	15	16	15	14	15
LOC_457	20	21	22	22	22	23	21	21	23	23	22	17	19	21	22	22	21	21	22
LOC_458	15	15	16	16	16	16	15	15	16	16	16	15	15	15	15	15	15	15	16
LOC_459	6	7	7	7	7	7	7	7	7	7	7	7	7	7	7	7	7	7	7
LOC_460	18	19	19	18	18	20	18	18	18	18	20	18	18	18	19	18	18	18	18
LOC_461	14	16	14	14	14	14	16	15	13	13	13	15	14	17	14	14	14	14	14
LOC_462	24	20	21	22	21	21	22	22	19	20	23	20	20	22	22	18	21	20	21
LOC_463	28	24	24	26	25	24	24	25	25	25	24	25	25	25	24	26	26	27	25
LOC_464	17	18	17	21	20	18	19	18	20	20	19	20	22	19	19	19	19	19	18
LOC_465	23	25	26	26	26	24	24	23	26	28	23	22	22	23	24	23	23	23	25
LOC_466	23	21	24	23	24	23	24	25	22	23	25	23	23	23	25	23	24	22	24
LOC_467	20	20	20	19	18	19	20	21	19	19	20	21	19	20	20	21	21	20	19
LOC_468	14	14	14	14	14	14	14	15	14	14	14	14	14	14	14	14	14	15	14
LOC_469	24	25	25	24	23	26	21	21	24	24	22	25	25	23	22	21	23	23	23
LOC_470	23	23	23	21	21	22	21	23	21	21	24	23	23	23	23	23	23	23	23
LOC_471	19	19	18	18	18	21	19	17	21	20	17	19	19	18	18	19	18	17	19
LOC_472	15	15	15	20	17	16	16	16	15	16	16	15	16	16	17	16	17	18	16
LOC_473	20	20	20	21	21	21	21	23	18	21	26	22	22	22	22	23	23	23	21
LOC_474	17	17	17	15	15	15	18	18	15	17	19	17	17	18	18	17	17	17	15
LOC_475	21	18	18	17	16	18	16	16	18	18	17	16	16	18	18	17	16	16	16
LOC_476	16	17	17	16	16	16	16	16	17	16	16	17	16	16	17	16	16	16	16
LOC_477	20	19	19	17	21	19	18	19	18	18	19	18	18	19	19	19	18	19	19
LOC_478	15	15	15	19	18	17	17	17	17	17	17	16	16	17	17	16	16	16	16
LOC_479	17	17	19	17	17	17	16	18	17	17	17	16	15	16	16	17	17	17	17
LOC_480	20	18	19	17	17	16	17	17	18	18	18	17	15	18	18	17	15	15	17
LOC_481	13	13	13	16	16	16	13	13	16	16	13	13	13	13	13	13	13	13	16
LOC_482	18	20	18	17	17	18	18	18	16	16	18	18	18	18	18	18	18	18	17
LOC_483	24	25	25	23	26	23	22	19	25	25	22	24	23	22	22	23	25	24	24
LOC_484	26	26	26	27	26	24	25	23	26	25	22	24	27	22	26	21	22	21	25
LOC_485	16	16	16	17	17	17	18	19	17	17	17	17	16	19	20	17	18	18	17
LOC_486	22	22	23	24	23	22	22	22	23	23	20	24	22	20	20	22	21	22	23
LOC_487	17	20	17	17	15	19	15	15	17	17	16	16	16	16	16	18	16	16	17
LOC_488	24	27	23	23	24	22	23	21	23	23	26	24	24	31	29	25	24	27	23
LOC_489	17	17	18	19	19	19	18	18	20	20	18	18	19	17	15	16	18	18	18
LOC_490	14	14	14	14	14	14	15	14	14	14	14	15	15	15	15	15	16	16	14
LOC_491	21	21	22	24	24	21	20	21	21	21	23	21	21	21	21	22	22	20	21
LOC_492	21	17	17	22	20	20	20	20	20	20	20	20	20	21	20	19	19	19	20
LOC_493	24	29	27	32	26	30	21	25	28	29	26	27	26	21	25	25	27	28	27
LOC_494	17	17	17	17	17	16	18	19	18	17	18	18	18	19	19	18	19	18	17
LOC_495	21	22	23	23	23	21	27	24	23	23	25	24	24	24	24	24	26	25	23
LOC_496	22	22	21	22	22	20	22	22	17	20	22	21	22	25	22	22	23	22	22
LOC_497	19	20	19	20	20	20	24	24	20	20	21	22	20	20	19	24	20	18	20
LOC_498	8	8	8	8	8	8	8	9	8	8	8	8	8	8	8	8	8	8	8
LOC_499	22	22	22	19	20	21	22	22	20	20	23	22	22	22	22	22	22	22	21
LOC_500	18	19	18	19	19	20	18	18	20	21	18	17	17	18	18	17	16	16	19
LOC_501	17	17	17	18	18	17	20	20	17	17	17	17	16	18	18	17	17	17	17
LOC_502	25	25	25	25	25	27	23	26	25	26	25	25	25	26	24	24	24	24	27
LOC_503	6	7	6	7	7	7	7	6	7	7	7	7	7	7	7	8	8	8	7
LOC_504	18	19	19	16	16	16	16	16	15	16	15	19	19	16	15	19	19	19	15
LOC_505	23	21	22	21	21	21	25	24	21	21	23	24	20	24	23	24	25	24	21
LOC_506	14	14	14	15	15	14	14	14	15	15	14	14	14	14	14	14	14	14	14
LOC_507	13	14	14	14	14	14	15	14	14	14	14	14	14	14	14	14	14	14	14
LOC_508	20	20	20	19	19	17	18	18	18	19	19	18	18	18	18	18	18	19	18
LOC_509	19	19	19	20	20	19	22	21	19	19	21	21	21	23	22	19	19	19	19
LOC_510	19	19	20	21	21	20	20	20	20	20	19	21	21	21	21	21	21	20	20
LOC_511	21	21	21	20	20	17	21	21	18	18	21	21	21	23	24	21	22	23	20
LOC_512	21	21	21	22	23	22	21	21	22	22	21	21	22	21	20	22	23	20	23
LOC_513	17	17	17	18	18	17	14	16	17	17	14	16	16	14	14	17	16	16	16
LOC_514	15	14	14	14	14	14	14	14	13	14	13	14	14	13	13	15	13	13	14
LOC_515	17	18	18	19	18	19	20	19	19	19	18	17	17	18	18	18	20	18	18
LOC_516	17	18	20	18	18	18	20	21	19	18	22	19	19	22	21	19	19	21	18
LOC_517	20	20	21	19	18	19	20	20	19	19	20	20	20	20	20	20	20	20	19
LOC_518	21	21	20	19	21	17	26	23	17	20	21	21	23	21	21	21	21	22	21
LOC_519	18	18	18	17	17	17	16	16	17	17	16	18	16	16	16	17	16	16	17
LOC_520	20	18	20	18	18	22	21	22	18	18	20	20	19	21	21	20	20	19	20
LOC_521	16	16	16	16	16	16	16	19	16	18	16	16	17	16	16	18	15	16	16
LOC_522	20	20	19	19	20	19	20	20	19	19	19	20	18	19	19	19	21	18	19
LOC_523	20	17	18	18	18	19	17	17	18	18	17	17	17	17	17	17	19	16	18
LOC_524	24	27	25	22	21	22	23	23	22	22	23	21	21	24	23	25	24	24	22
LOC_525	18	18	18	18	19	19	18	18	20	20	18	18	18	18	19	14	18	18	18
LOC_526	13	14	14	15	15	15	15	15	15	15	15	17	15	15	15	14	14	14	14
LOC_527	18	21	19	18	18	17	20	20	15	15	18	17	17	19	18	20	21	19	18
LOC_528	17	17	17	20	20	21	20	20	20	20	19	18	17	20	19	17	17	16	18
LOC_529	16	16	16	15	17	16	14	14	15	16	14	16	16	14	14	16	17	17	16
LOC_530	14	17	17	14	14	14	14	15	14	14	14	14	14	14	14	14	14	14	14
LOC_531	21	20	21	22	22	23	24	22	23	23	23	20	20	24	24	22	22	22	22
LOC_532	18	19	17	16	16	15	16	16	16	16	18	17	17	19	20	18	17	17	16
LOC_533	20	18	20	19	19	19	19	19	18	14	19	19	19	19	19	19	19	19	19
LOC_534	18	18	18	17	19	17	18	18	17	17	19	18	18	18	18	19	19	19	18
LOC_535	17	17	17	16	16	20	19	19	16	19	19	18	19	19	20	19	20	20	20
LOC_536	16	16	16	16	16	16	18	18	16	16	18	18	18	18	18	16	16	16	16
LOC_537	21	21	21	20	20	19	19	20	20	19	21	22	23	23	21	22	22	21	21
LOC_538	21	20	21	18	18	18	23	23	19	18	22	22	22	25	23	22	21	22	21
LOC_539	30	31	28	26	26	27	31	32	27	29	32	32	32	29	29	31	31	31	30
LOC_540	27	28	28	26	26	23	28	25	23	24	25	27	28	22	22	26	27	27	27
LOC_541	18	18	18	14	14	14	16	16	15	14	16	16	16	19	19	16	15	16	14
LOC_542	17	17	17	17	17	17	15	16	17	17	18	19	19	18	15	21	18	18	17
LOC_543	20	22	21	20	20	20	20	20	20	20	19	21	21	18	19	21	21	21	20
LOC_544	12	12	12	13	13	13	16	16	13	14	12	12	12	12	12	12	13	13	12
LOC_545	20	17	17	16	16	17	16	17	18	19	16	16	15	16	16	17	17	16	17
LOC_546	19	19	19	17	17	18	20	20	19	18	20	20	20	23	22	20	19	19	18
LOC_547	22	22	21	21	21	22	23	23	21	21	27	22	22	24	23	21	23	23	22
LOC_548	26	26	25	25	25	27	28	27	27	27	26	26	26	25	25	28	28	27	28
LOC_549	16	16	16	15	15	17	16	16	17	17	14	17	16	16	16	16	16	15	16
LOC_550	24	25	28	23	23	23	27	25	23	23	26	29	28	27	27	29	26	26	24
LOC_551	15	15	14	15	15	15	15	12	13	14	15	15	15	15	15	15	15	15	15
LOC_552	16	16	16	15	15	16	15	16	16	15	16	16	16	16	16	16	16	18	16
LOC_553	19	20	19	19	20	18	19	19	18	18	16	19	18	19	18	18	16	18	18
LOC_554	14	14	14	17	15	16	17	15	15	16	17	18	17	17	17	14	14	14	14
LOC_555	19	19	19	25	24	23	21	23	23	23	21	21	23	21	20	21	21	21	22
LOC_556	20	17	17	17	17	20	16	16	19	19	18	17	17	18	18	17	17	17	17
LOC_557	21	23	20	24	21	22	21	21	22	22	21	21	21	21	21	23	21	20	21
LOC_558	15	15	15	18	18	17	19	19	18	18	18	19	19	18	18	18	18	18	18
LOC_559	16	17	16	16	16	15	16	16	15	15	16	16	16	16	16	14	18	18	16
LOC_560	20	20	19	21	21	18	22	22	19	18	22	23	22	22	23	20	23	22	21
LOC_561	25	27	27	24	25	27	23	23	23	22	23	22	23	24	23	24	21	21	24
LOC_562	23	23	24	23	22	23	26	26	21	25	26	26	22	28	27	24	25	26	22
LOC_563	26	26	28	26	26	26	29	27	26	26	28	27	27	28	29	28	28	29	27
LOC_564	23	21	21	18	18	18	19	18	18	18	17	18	18	18	17	19	20	18	18
LOC_565	20	21	20	18	17	17	20	20	16	16	21	20	20	20	21	21	20	20	19
LOC_566	15	14	14	15	15	14	15	15	17	15	17	15	16	16	16	15	15	15	15
LOC_567	23	22	24	24	25	25	23	23	25	26	23	23	22	22	22	20	20	21	23
LOC_568	18	20	20	18	18	18	16	16	18	19	16	16	16	16	16	19	18	18	18
LOC_569	17	17	17	17	17	17	16	16	17	17	16	16	16	16	16	16	16	17	17
LOC_570	19	19	19	20	20	20	19	20	20	20	19	19	19	19	19	20	18	18	19
LOC_571	17	17	19	17	19	17	17	18	20	18	18	17	19	18	18	17	15	18	17
LOC_572	17	17	17	15	15	17	17	17	17	17	17	17	17	17	17	17	17	17	17
LOC_573	18	19	18	19	18	19	19	19	18	19	20	20	19	19	19	19	17	19	19
LOC_574	19	20	19	19	19	22	22	22	24	23	24	21	21	22	24	24	20	20	21
LOC_575	18	20	20	18	17	17	19	19	18	18	20	17	19	21	20	18	18	19	17
LOC_576	19	18	20	18	18	19	18	18	19	19	17	18	18	18	18	19	18	18	18
LOC_577	12	13	12	10	11	12	12	12	11	12	13	12	12	12	12	12	12	12	12
LOC_578	14	16	14	14	14	14	16	16	14	14	18	17	16	16	16	14	14	13	14
LOC_579	20	21	22	20	20	20	21	20	20	20	19	19	19	19	19	19	20	19	20
LOC_580	14	14	14	14	14	17	14	14	14	14	14	14	14	14	15	15	14	14	14
LOC_581	19	19	20	19	19	16	16	16	17	17	19	18	18	20	19	18	18	17	18
LOC_582	18	18	18	18	18	18	18	18	18	18	18	18	18	17	18	21	21	20	18
LOC_583	14	13	14	14	15	14	16	16	11	15	17	17	16	17	17	17	17	17	14
LOC_584	20	20	20	20	20	20	21	21	21	21	21	20	21	21	20	20	21	20	20
LOC_585	14	14	14	14	14	15	15	15	15	15	15	15	15	15	15	14	14	14	14
LOC_586	19	22	20	19	19	18	20	20	19	19	20	19	21	20	20	20	19	19	20
LOC_587	12	12	12	12	12	12	12	12	11	11	12	13	13	13	12	13	11	11	12
LOC_588	28	30	26	25	24	24	30	31	24	22	27	25	27	27	27	29	25	26	28
LOC_589	8	8	8	8	8	8	8	8	8	8	8	7	8	8	8	8	8	8	8
LOC_590	17	14	15	14	14	15	14	14	15	15	16	14	15	16	16	13	14	14	14
LOC_591	17	17	17	17	17	17	17	17	17	17	17	17	17	17	17	17	18	16	17
LOC_592	13	12	12	11	11	11	12	12	11	11	12	11	7	12	12	12	12	13	11
LOC_593	14	14	14	14	14	14	15	15	14	14	16	15	15	15	15	14	14	14	14
LOC_594	26	25	26	29	26	26	26	25	28	29	25	26	25	28	24	25	27	26	26
LOC_595	19	18	18	18	16	19	18	19	20	24	18	18	17	17	17	18	21	20	18
LOC_596	26	25	25	25	25	26	26	26	26	26	24	26	25	22	21	24	25	25	26
LOC_597	21	19	18	18	18	19	20	21	19	18	19	19	19	21	20	20	20	20	20
LOC_598	21	25	20	22	21	22	22	23	25	23	23	21	24	24	23	19	21	20	21
LOC_599	24	24	26	29	27	26	28	26	26	26	25	25	25	24	24	25	25	31	29
LOC_600	25	23	22	28	27	29	25	25	26	27	23	28	24	22	23	23	23	23	26
LOC_601	14	15	14	19	14	14	13	13	14	14	13	13	13	13	13	13	13	13	14
LOC_602	14	16	14	14	14	14	14	15	15	15	14	14	14	14	14	14	14	12	14
LOC_603	17	19	19	17	17	17	19	19	17	17	20	18	18	19	19	19	19	16	17
LOC_604	26	26	25	27	25	27	22	22	28	28	23	22	24	27	21	24	23	24	26
LOC_605	24	23	21	23	25	23	21	21	21	21	23	23	24	23	23	23	23	24	23
LOC_606	13	15	15	14	14	14	15	14	14	14	14	13	13	14	14	14	14	14	14
LOC_607	18	18	18	18	23	20	20	20	20	21	20	22	21	21	19	19	18	18	19
LOC_608	23	22	21	24	23	24	21	21	24	23	22	18	18	24	23	22	23	21	24
LOC_609	30	31	29	28	28	29	31	34	31	33	28	29	28	30	28	32	33	30	30
LOC_610	16	16	16	16	15	16	18	16	16	16	17	16	16	18	17	16	17	17	16
LOC_611	21	22	22	22	23	22	21	20	22	23	22	19	20	23	23	22	22	22	22
LOC_612	15	15	16	16	16	16	12	12	15	15	12	11	12	12	12	14	14	14	15
LOC_613	27	27	26	26	26	26	27	24	30	27	23	26	25	23	23	24	28	23	27
LOC_614	28	27	28	27	31	28	27	26	30	29	25	27	27	24	25	28	27	28	29
LOC_615	20	19	19	17	18	18	20	20	18	18	21	20	20	22	21	20	20	20	18
LOC_616	23	23	23	23	22	22	22	23	23	22	24	23	23	26	26	23	25	23	22
LOC_617	29	33	31	31	32	30	28	29	31	30	28	29	30	26	29	27	27	26	29
LOC_618	19	18	17	21	21	19	17	18	19	19	17	18	18	17	19	16	17	17	19
LOC_619	21	21	21	21	21	21	24	24	20	22	24	25	25	24	24	22	22	21	21
LOC_620	24	24	24	24	23	23	23	24	25	26	25	24	24	21	22	24	24	25	24
LOC_621	24	24	24	27	26	24	26	26	27	27	24	25	23	24	24	26	26	25	25
LOC_622	23	23	23	22	19	24	21	22	22	22	21	20	21	21	19	21	23	21	23
LOC_623	23	23	24	23	23	25	23	23	22	23	20	24	24	21	22	23	23	23	23
LOC_624	20	20	20	21	21	19	21	20	20	19	19	21	20	20	20	20	20	21	20
LOC_625	14	14	14	14	14	14	14	14	15	15	16	14	14	16	16	14	14	14	14
LOC_626	16	16	16	15	15	15	17	17	18	18	17	16	16	17	16	16	15	16	16
LOC_627	14	14	14	14	14	14	16	16	15	14	16	15	16	16	16	16	16	16	14
LOC_628	17	16	16	17	17	17	17	17	17	17	17	17	17	15	17	17	18	18	17
LOC_629	22	22	22	24	23	22	23	23	22	23	23	23	23	23	24	23	22	23	20
LOC_630	17	17	17	13	13	16	17	16	16	16	17	17	17	17	17	18	19	16	16
LOC_631	18	19	19	18	19	19	21	25	18	19	22	20	18	20	20	18	18	18	19
LOC_632	16	16	16	15	15	15	16	16	16	15	16	16	16	15	16	16	16	16	16
LOC_633	20	20	20	20	20	20	20	20	19	20	20	20	20	20	20	21	20	18	20
LOC_634	23	22	18	20	23	19	22	20	21	20	22	21	21	18	17	21	21	21	22
LOC_635	18	18	18	18	18	19	18	15	18	18	20	18	19	17	19	18	18	18	18
LOC_636	17	17	18	16	17	19	16	18	19	19	17	17	17	17	17	17	17	17	17
LOC_637	15	15	15	15	15	15	16	16	14	16	15	15	15	15	15	15	17	16	15
LOC_638	18	18	18	18	18	19	18	18	18	18	18	18	18	18	18	19	19	19	18
LOC_639	24	26	26	24	23	26	26	26	26	27	25	28	27	24	23	27	28	25	24
LOC_640	20	19	19	20	20	20	22	24	19	19	22	20	18	23	23	20	20	21	20
LOC_641	20	20	20	21	20	20	20	20	22	19	20	20	20	20	20	19	19	19	20
LOC_642	26	25	26	26	28	27	27	27	26	28	28	29	29	25	28	23	26	27	28
LOC_643	21	21	21	22	22	21	24	20	23	23	21	20	20	21	21	21	22	22	22
LOC_644	22	22	24	21	20	23	20	19	22	22	19	21	21	21	21	21	21	18	22
LOC_645	18	18	18	21	18	18	18	18	13	16	18	16	17	18	18	17	18	19	18
LOC_646	16	16	17	16	16	16	17	17	14	16	15	15	15	15	15	16	17	18	16
LOC_647	14	14	14	14	13	14	14	14	14	14	14	14	14	14	14	13	13	11	14
LOC_648	15	15	12	14	14	15	16	15	15	15	15	15	15	17	16	15	16	15	15
LOC_649	16	16	16	17	17	17	15	15	16	17	15	16	16	15	15	16	16	16	17
LOC_650	24	23	22	25	25	25	22	22	23	25	25	23	23	25	23	22	21	22	24
LOC_651	15	15	15	15	15	14	15	15	15	15	18	15	15	16	17	15	16	16	15
LOC_652	16	16	16	18	17	19	16	16	19	19	16	16	16	16	16	16	16	19	16
LOC_653	24	24	25	25	24	23	25	24	23	24	24	25	23	24	25	26	26	26	24
LOC_654	21	22	24	20	21	22	22	21	22	20	23	21	21	23	24	21	21	24	21
LOC_655	25	27	25	23	24	22	23	25	22	22	25	24	24	24	25	23	25	28	24
LOC_656	15	15	15	16	15	15	14	14	16	15	14	17	14	14	14	14	14	14	15
LOC_657	14	14	14	16	16	16	14	14	16	17	14	14	14	14	14	14	14	14	16
LOC_658	24	29	29	25	26	23	27	23	25	23	23	24	23	26	26	22	22	24	25
LOC_659	18	17	17	18	18	21	18	18	20	19	20	18	18	18	18	18	17	18	18
LOC_660	16	16	16	16	17	16	16	15	16	16	18	17	16	18	18	17	17	17	16
LOC_661	9	9	9	9	9	9	11	11	9	9	11	11	11	11	11	11	9	11	9
LOC_662	16	16	16	17	17	17	16	16	17	17	16	16	16	18	16	16	14	14	16
LOC_663	18	17	17	20	23	18	20	20	18	18	20	18	18	19	21	17	17	17	18
LOC_664	23	25	25	24	24	25	21	22	23	24	21	23	23	22	22	24	24	24	26
LOC_665	12	12	12	12	12	12	11	11	12	12	11	13	12	11	11	12	12	12	12
LOC_666	25	23	22	26	25	24	26	25	23	24	24	25	26	24	25	27	27	27	23
LOC_667	17	17	17	17	17	17	17	17	17	17	17	17	17	16	16	17	17	17	17
LOC_668	20	20	19	20	20	20	21	21	20	19	20	20	20	20	21	20	20	21	20
LOC_669	22	23	23	22	21	25	23	23	23	23	23	22	22	23	23	21	24	22	23
LOC_670	14	14	14	13	13	13	15	15	13	13	15	17	15	15	15	15	15	15	14
LOC_671	16	16	16	16	16	16	16	16	16	15	16	16	16	16	16	16	17	16	16
LOC_672	21	21	22	20	24	21	22	22	23	23	22	23	23	20	21	22	22	22	21
LOC_673	21	21	22	21	21	24	20	20	17	20	20	20	20	20	21	21	21	21	21
LOC_674	21	21	22	21	21	21	21	21	21	21	21	22	22	23	23	22	21	22	21
LOC_675	18	18	18	17	18	19	17	17	18	18	22	18	17	18	19	18	18	18	18
LOC_676	19	23	20	21	22	20	19	18	20	21	19	20	21	17	18	23	19	20	20
LOC_677	16	17	17	16	16	16	16	16	16	16	16	14	14	16	16	18	19	18	16
LOC_678	19	20	19	20	20	20	18	18	20	19	20	20	19	19	21	19	19	21	20
LOC_679	16	17	16	16	16	16	16	16	15	15	16	16	16	17	17	16	16	16	15
LOC_680	18	18	19	19	17	20	17	18	16	18	19	18	18	19	18	18	17	14	18
LOC_681	16	16	16	16	16	16	17	17	16	16	16	16	16	16	16	16	18	18	16
LOC_682	15	15	13	15	14	15	14	14	15	15	17	14	15	18	17	15	15	15	14
LOC_683	21	21	21	23	21	23	21	21	22	23	22	21	20	20	21	22	21	21	22
LOC_684	29	29	30	26	29	29	34	31	27	28	29	31	31	29	29	27	25	28	28
LOC_685	23	22	22	23	22	23	24	24	20	20	27	23	25	29	25	24	24	24	23
LOC_686	17	18	18	17	17	17	16	16	17	17	16	15	15	16	16	16	16	18	17
LOC_687	21	20	22	21	21	20	22	22	20	20	24	22	22	22	21	22	22	22	21
LOC_688	24	23	24	22	22	24	22	23	24	23	23	23	23	22	23	23	25	26	24
LOC_689	23	24	23	26	23	20	23	24	21	21	23	24	24	23	23	21	21	21	23
LOC_690	22	21	21	21	20	21	26	26	19	20	23	23	23	26	25	22	23	22	21
LOC_691	20	20	20	21	21	20	22	23	20	20	21	22	21	19	20	19	19	19	20
LOC_692	19	20	20	19	20	21	20	20	21	21	22	20	20	22	22	21	21	22	19
LOC_693	19	19	19	19	19	19	17	17	17	19	17	19	19	17	16	19	20	19	19
LOC_694	16	16	16	16	16	17	15	15	17	17	14	16	16	14	14	16	15	16	16
LOC_695	17	17	17	17	16	17	17	15	17	17	17	16	16	17	16	17	17	17	17
LOC_696	23	23	23	23	21	23	22	23	24	22	23	24	24	24	24	24	24	24	23
LOC_697	25	25	24	21	22	21	25	27	21	21	22	21	21	24	24	23	23	24	22
LOC_698	31	26	31	28	28	20	25	28	25	27	27	29	29	27	27	27	24	26	28
LOC_699	15	15	15	15	15	16	14	14	18	20	14	14	14	16	16	15	15	15	15
LOC_700	17	17	18	17	17	17	22	17	17	17	19	17	17	18	18	17	17	17	17
LOC_701	17	18	18	16	16	16	17	17	16	16	18	17	16	17	19	16	16	16	16
LOC_702	23	23	22	21	21	21	19	20	22	21	18	20	20	18	18	22	22	22	21
LOC_703	30	31	33	29	29	27	27	24	31	31	27	27	28	27	27	29	31	29	29
LOC_704	30	29	27	26	26	31	28	33	30	29	32	30	28	28	29	30	30	28	28
LOC_705	18	18	19	18	18	19	20	20	20	19	19	19	20	20	19	21	22	21	19
LOC_706	21	22	22	21	21	22	22	22	22	22	20	21	20	22	22	22	20	19	21
LOC_707	21	19	19	17	17	21	15	17	18	18	17	18	17	17	17	18	18	18	18
LOC_708	26	28	27	27	29	30	27	31	25	27	27	27	26	28	27	29	24	26	30
LOC_709	30	30	30	26	26	29	28	28	31	31	27	29	27	26	26	32	33	32	29
LOC_710	20	22	20	22	23	21	20	21	21	22	20	19	19	20	19	19	19	20	20
LOC_711	12	12	12	13	12	12	12	12	18	13	12	12	12	12	12	12	11	12	12
LOC_712	24	23	23	23	23	25	21	21	25	25	21	21	21	22	21	23	22	22	23
LOC_713	24	27	26	24	22	25	24	24	27	28	23	23	23	25	22	24	23	24	23
LOC_714	16	15	15	15	15	15	15	16	17	17	16	15	15	15	15	17	15	15	15
LOC_715	17	14	15	16	15	16	17	17	17	17	17	17	17	17	16	17	17	17	16
LOC_716	29	30	25	29	26	28	28	30	28	28	29	27	29	29	31	27	27	26	28
LOC_717	29	33	31	28	30	30	28	29	31	33	29	31	30	30	29	31	32	34	30
LOC_718	20	19	20	17	17	17	17	17	17	17	17	18	18	17	17	17	18	18	17
LOC_719	27	26	24	26	26	26	26	25	26	29	26	28	29	26	25	27	26	27	29
LOC_720	30	29	27	33	33	31	31	33	29	29	32	32	32	29	33	30	28	30	30
LOC_721	28	26	27	30	27	29	27	26	26	26	28	25	25	25	28	28	31	26	28
LOC_722	16	17	17	17	16	16	16	16	15	16	14	16	16	16	16	14	14	14	16
LOC_723	21	21	19	21	20	23	23	21	19	19	22	25	23	22	22	21	22	21	21
LOC_724	28	31	29	29	28	27	26	26	29	25	30	26	28	29	31	28	28	27	28
LOC_725	17	17	17	22	18	22	17	17	22	21	16	18	18	16	17	20	18	18	19
LOC_726	24	23	21	22	22	23	19	21	24	24	22	23	24	22	21	26	26	25	23
LOC_727	22	23	23	21	23	21	17	17	21	21	16	17	17	16	16	19	21	21	21
LOC_728	17	18	17	18	18	18	19	19	19	19	18	18	18	18	18	19	18	18	18
LOC_729	29	30	27	27	28	26	26	26	28	32	30	28	26	28	27	28	28	30	27
LOC_730	32	29	32	29	30	27	25	25	27	28	22	29	27	23	22	33	28	28	30
LOC_731	24	23	23	27	28	28	21	23	28	29	26	25	25	27	29	25	24	23	27
LOC_732	16	15	16	19	19	18	16	18	17	19	16	16	16	16	16	17	17	17	17
LOC_733	22	22	23	22	22	20	22	22	20	19	22	22	22	22	22	21	23	22	22
LOC_734	27	30	28	30	31	30	26	24	28	29	28	23	25	27	26	26	29	28	27
LOC_735	29	30	30	28	29	27	30	28	30	29	30	30	28	29	28	28	28	28	28
LOC_736	19	20	21	18	20	20	21	21	20	20	20	22	22	21	21	20	19	21	20
LOC_737	22	24	23	17	17	17	18	19	17	17	19	22	22	20	20	20	19	19	17
LOC_738	30	25	25	28	28	28	24	24	32	27	22	23	24	24	24	30	32	32	27
LOC_739	16	16	16	16	16	16	17	17	17	16	17	21	17	17	17	16	16	16	16
LOC_740	21	18	21	21	21	18	17	17	20	20	18	19	18	18	18	20	21	21	21
LOC_741	23	24	25	27	27	26	20	23	25	23	22	25	25	23	23	23	23	22	25
LOC_742	22	22	22	23	22	22	23	22	22	23	22	22	22	21	22	22	22	22	22
LOC_743	20	20	21	20	20	20	19	21	20	19	20	20	20	20	20	20	20	19	20
LOC_744	14	14	14	14	14	14	15	15	14	14	15	15	15	13	13	14	15	15	14
LOC_745	15	16	18	16	16	16	18	18	16	16	16	19	19	18	19	15	16	16	16
LOC_746	28	27	27	25	26	26	24	25	30	26	24	24	25	25	25	24	26	27	28
LOC_747	16	17	17	16	16	16	16	16	16	16	16	17	18	16	16	16	17	17	16
LOC_748	14	14	14	15	15	15	14	15	17	17	16	17	16	17	16	15	14	15	15
LOC_749	25	21	23	22	22	23	20	19	21	21	19	18	18	20	19	21	21	21	21
LOC_750	21	22	21	20	22	21	20	21	23	22	20	20	19	21	21	21	21	21	22
LOC_751	18	19	19	19	19	18	21	22	20	19	20	22	21	21	21	20	18	19	18
LOC_752	23	21	23	25	25	23	22	23	25	23	23	25	25	23	24	25	26	26	23
LOC_753	22	22	22	23	21	20	21	22	20	20	21	22	22	22	22	22	23	21	22
LOC_754	26	28	24	26	25	27	22	25	27	26	26	28	26	24	23	28	28	25	27
LOC_755	16	16	15	16	16	15	17	17	15	15	17	17	17	16	17	16	16	16	16
LOC_756	16	16	16	16	16	16	17	17	16	16	22	16	16	21	20	18	19	18	16
LOC_757	16	18	16	16	17	16	13	13	16	16	13	13	13	13	13	12	12	12	16
LOC_758	13	13	13	13	13	13	13	13	12	13	13	13	13	13	13	13	13	13	13
LOC_759	19	21	21	19	19	19	16	16	19	19	17	18	18	17	17	20	18	19	19
LOC_760	16	16	16	16	16	16	17	18	19	19	16	16	17	17	17	18	16	16	16
LOC_761	20	20	20	20	20	20	20	20	20	20	21	21	21	20	20	20	21	21	20
LOC_762	16	16	17	16	16	18	15	15	18	18	15	16	16	15	15	16	16	16	16
LOC_763	22	23	23	25	24	25	31	31	26	22	30	29	26	30	26	29	26	26	26
LOC_764	21	22	22	22	22	22	30	29	22	23	27	26	26	27	27	24	24	24	22
LOC_765	30	29	28	27	28	25	29	29	25	26	28	29	30	29	30	30	31	29	27
LOC_766	15	13	13	15	16	16	14	14	17	18	14	13	13	14	14	14	14	14	15
LOC_767	16	18	16	18	19	19	18	19	19	19	19	17	18	20	20	18	18	18	18
LOC_768	25	25	25	29	28	27	24	25	27	27	23	24	23	24	24	25	26	29	26
LOC_769	22	21	20	23	24	24	23	23	26	25	21	23	24	23	21	23	21	22	25
LOC_770	27	26	28	24	24	24	28	26	25	26	27	25	24	30	30	27	30	32	26
LOC_771	23	22	23	25	25	25	23	23	27	26	22	23	24	24	24	20	24	24	23
LOC_772	21	21	21	21	21	21	23	26	24	22	22	21	21	21	21	21	21	21	21
LOC_773	16	16	16	16	16	16	15	15	16	16	15	16	16	15	11	17	16	16	16
LOC_774	26	26	26	24	25	24	24	23	23	23	23	25	24	24	23	27	25	26	25
LOC_775	21	20	22	20	20	21	19	19	21	20	19	19	19	19	20	19	20	18	20
LOC_776	22	21	22	20	19	20	18	18	21	19	18	18	18	20	19	21	19	21	21
LOC_777	25	23	25	27	26	25	23	24	25	26	25	25	25	27	27	24	25	26	26
LOC_778	16	16	15	16	16	16	15	16	16	17	15	15	15	15	15	16	16	16	16
LOC_779	20	18	20	23	23	21	20	20	21	21	20	23	23	21	22	20	20	20	20
LOC_780	26	24	26	29	27	28	26	27	26	27	25	26	24	27	27	26	29	27	26
LOC_781	25	24	25	24	23	24	26	27	28	30	26	24	25	28	29	25	22	25	26
LOC_782	14	14	14	14	14	15	14	14	14	14	14	14	14	14	14	15	14	16	14
LOC_783	26	27	27	29	29	27	23	24	28	28	24	26	24	24	26	25	25	25	26
LOC_784	25	25	25	23	24	26	26	25	26	27	24	25	24	23	22	25	27	24	26
LOC_785	25	23	25	24	25	25	22	21	27	26	24	23	23	24	24	22	22	21	24
LOC_786	24	27	26	26	27	25	29	28	26	25	28	28	27	30	28	26	25	26	26
LOC_787	19	20	20	21	21	21	20	20	21	20	20	21	20	20	19	19	19	19	21
LOC_788	28	25	24	25	25	27	27	26	25	25	26	25	24	25	26	25	23	27	26
LOC_789	18	15	18	19	19	19	19	19	18	18	19	17	18	20	19	19	19	19	18
LOC_790	26	26	25	26	29	27	24	24	27	27	24	23	24	24	24	24	21	24	26
LOC_791	26	24	27	23	24	27	28	27	26	26	28	29	29	28	29	25	27	27	26
LOC_792	16	16	15	16	16	16	15	17	16	16	16	16	16	16	16	16	16	15	16
LOC_793	19	20	20	20	19	19	19	19	19	19	20	19	19	20	19	19	19	19	19
LOC_794	20	20	20	19	18	21	20	20	20	20	19	21	19	19	19	19	16	17	20
LOC_795	23	21	21	23	22	23	22	23	24	23	23	25	24	22	23	24	23	20	21
LOC_796	18	18	18	16	17	16	22	21	17	16	22	20	20	21	21	18	19	20	18
LOC_797	26	23	24	25	29	26	31	29	26	28	29	29	30	29	31	28	28	30	27
LOC_798	28	29	29	30	29	25	33	31	24	26	33	29	28	34	32	26	25	25	26
LOC_799	27	28	28	24	24	24	25	26	24	24	27	28	30	28	27	24	26	28	26
LOC_800	9	9	9	9	9	9	11	12	9	9	10	9	9	10	10	9	10	9	9
LOC_801	26	27	29	26	26	25	25	24	25	28	26	22	22	25	24	25	25	24	26
LOC_802	27	27	27	27	28	26	23	24	25	24	22	23	25	25	22	24	24	25	26
LOC_803	20	20	20	19	19	20	22	19	20	20	20	20	20	18	20	20	20	22	20
LOC_804	17	17	16	15	16	15	19	19	16	15	16	16	16	16	16	16	16	16	16
LOC_805	16	16	16	16	16	16	16	16	16	16	16	16	16	17	17	16	17	16	16
LOC_806	17	17	17	17	17	17	17	16	17	17	16	17	18	17	16	18	18	18	17
LOC_807	16	15	18	16	16	17	17	17	17	17	17	17	17	19	17	16	16	16	16
LOC_808	18	17	18	19	19	21	19	19	18	18	18	22	23	20	20	19	20	19	20
LOC_809	26	25	27	26	26	26	28	27	24	24	30	26	28	28	28	27	27	25	26
LOC_810	17	16	16	17	18	17	17	17	16	17	18	17	18	15	17	17	17	17	17
LOC_811	19	19	19	17	17	18	19	19	18	18	17	19	19	17	17	19	19	20	19
LOC_812	19	19	19	19	19	19	19	19	19	18	19	19	21	19	20	19	19	19	19
LOC_813	28	27	26	24	24	25	28	27	26	28	26	27	26	26	24	25	25	25	26
LOC_814	28	27	26	24	24	23	24	26	24	24	26	23	27	26	27	28	24	23	26
LOC_815	26	24	25	26	27	29	25	24	27	28	26	25	25	26	26	24	24	23	26
LOC_816	14	14	14	17	17	16	14	14	15	16	14	14	14	14	14	13	14	14	16
LOC_817	22	22	22	23	22	26	23	24	21	22	22	22	22	23	22	23	22	23	22
LOC_818	23	21	22	25	25	26	21	21	25	26	21	22	21	18	19	23	23	26	25
LOC_819	7	7	7	7	7	7	7	7	7	7	7	7	7	8	8	7	7	7	7
LOC_820	16	16	16	16	16	17	16	16	18	18	16	16	16	16	16	16	16	16	16
LOC_821	25	26	30	28	29	33	25	27	30	31	29	26	26	27	28	26	26	29	28
LOC_822	24	25	26	25	24	25	27	24	27	26	22	23	24	22	21	25	25	26	25
LOC_823	15	15	15	16	14	15	18	18	15	15	16	16	16	18	16	15	15	15	15
LOC_824	21	21	21	23	21	21	24	23	21	18	23	22	23	21	22	21	21	22	21
LOC_825	24	24	26	23	23	26	25	23	24	23	23	24	24	26	25	24	24	23	25
LOC_826	18	17	17	18	18	18	20	20	18	18	20	20	19	19	19	17	17	17	18
LOC_827	21	21	21	21	21	22	20	20	21	22	20	20	20	20	20	19	19	18	21
LOC_828	20	20	20	18	18	19	21	19	19	19	19	19	19	19	19	19	19	19	19
LOC_829	16	17	16	17	17	17	17	17	16	16	17	17	17	17	18	17	17	17	16
LOC_830	26	24	26	25	27	23	25	27	28	27	26	25	26	24	26	26	24	23	25
LOC_831	26	26	25	25	23	23	28	27	23	23	26	28	30	27	27	25	29	26	25
LOC_832	16	16	16	16	17	16	17	17	17	16	17	17	17	17	17	17	17	17	16
LOC_833	12	13	13	14	14	14	13	13	14	14	13	13	13	14	13	13	13	13	14
LOC_834	21	21	21	21	21	20	21	21	18	18	18	21	22	19	19	21	21	21	21
LOC_835	24	23	24	27	26	23	27	26	23	23	27	23	24	25	25	25	23	26	25
LOC_836	16	16	16	15	15	15	16	16	15	15	16	17	16	17	17	16	16	16	15
LOC_837	12	12	12	12	12	12	12	12	12	12	12	12	12	12	12	12	10	13	12
LOC_838	24	25	25	23	23	22	22	21	23	23	22	24	22	22	22	22	24	24	23
LOC_839	19	18	19	18	18	18	19	20	18	18	20	18	20	20	20	19	19	19	18
LOC_840	21	24	20	21	21	23	20	21	24	23	20	21	20	20	22	20	20	20	20
LOC_841	14	15	15	14	14	14	14	14	15	14	14	14	14	13	14	15	15	15	14
LOC_842	25	24	25	26	26	25	25	26	25	26	23	24	22	23	21	24	25	25	25
LOC_843	18	19	18	17	17	17	18	18	18	18	19	18	17	20	21	18	18	18	17
LOC_844	26	25	26	26	24	25	26	28	25	25	24	28	26	29	24	25	28	29	26
LOC_845	26	27	26	25	26	24	30	29	25	25	28	28	26	29	29	29	28	29	25
LOC_846	18	18	19	18	18	18	17	17	18	17	16	19	18	16	16	19	19	21	18
LOC_847	26	26	27	25	26	28	27	26	29	26	27	29	29	26	27	24	22	22	25
LOC_848	20	19	21	19	18	19	18	18	19	19	18	18	18	18	19	19	21	21	19
LOC_849	24	24	23	26	26	24	24	24	27	25	24	25	25	24	24	25	25	25	25
LOC_850	14	17	17	17	17	17	18	20	17	18	20	16	16	20	20	15	16	16	17
LOC_851	25	27	26	23	23	24	21	22	23	23	22	23	22	22	22	25	21	22	23
LOC_852	15	15	15	16	17	16	14	15	16	16	16	15	15	16	17	15	15	15	15
LOC_853	26	25	25	26	25	24	34	34	24	24	29	30	30	33	33	27	29	30	25
LOC_854	24	23	24	24	24	23	26	26	27	25	25	26	25	26	26	25	25	25	25
LOC_855	18	18	18	19	19	19	19	18	19	19	18	18	18	17	17	18	19	19	18
LOC_856	28	27	27	26	26	28	25	24	27	26	24	25	25	24	24	24	25	25	26
LOC_857	30	27	27	28	29	29	28	27	27	28	26	28	28	32	28	27	28	27	29
LOC_858	14	14	14	14	14	14	13	13	14	14	14	14	14	14	14	12	12	12	14
LOC_859	14	14	14	14	15	15	16	14	15	15	17	14	15	15	15	14	14	13	14
LOC_860	23	24	24	22	22	23	26	25	22	24	22	23	22	22	22	26	25	26	22
LOC_861	17	17	17	17	17	18	18	18	18	17	23	18	18	21	22	18	20	18	17
LOC_862	15	16	16	14	14	15	15	15	13	13	14	15	15	14	14	15	14	15	15
LOC_863	20	21	20	21	21	21	21	23	21	20	22	22	21	22	21	20	21	20	20
LOC_864	25	25	26	23	23	24	20	20	23	22	21	22	23	21	21	25	24	24	24
LOC_865	25	24	25	24	24	27	28	27	26	28	28	28	28	27	28	26	27	27	25
LOC_866	23	23	23	26	23	25	26	26	25	26	25	27	23	24	26	27	27	27	25
LOC_867	18	18	18	18	20	18	18	17	18	18	19	21	19	19	19	19	19	19	18
LOC_868	28	28	26	24	24	26	31	31	24	23	31	25	26	29	30	29	28	30	25
LOC_869	21	20	23	21	22	21	21	22	21	21	20	21	20	21	21	22	23	22	21
LOC_870	11	11	11	13	12	15	11	11	13	13	11	10	10	11	11	13	13	13	13
LOC_871	14	14	15	14	14	14	14	14	14	14	14	14	14	14	14	14	14	14	14
LOC_872	24	23	23	25	25	28	23	23	25	26	22	24	23	21	21	21	24	23	25
LOC_873	16	13	16	18	18	17	16	16	17	17	16	17	17	16	16	17	17	17	17
LOC_874	20	24	22	24	24	24	24	25	24	24	24	23	24	25	25	23	23	23	24
LOC_875	18	18	18	18	20	18	19	19	18	18	19	18	17	19	20	15	16	16	18
LOC_876	17	17	17	17	17	17	17	15	17	17	17	17	17	19	17	17	17	17	17
LOC_877	25	24	26	26	25	25	25	25	26	27	24	25	25	26	24	26	27	29	25
LOC_878	26	23	23	23	25	25	25	25	25	25	27	26	26	26	27	27	27	27	25
LOC_879	28	28	27	24	23	23	21	26	24	24	26	27	30	24	24	28	28	27	25
LOC_880	27	26	25	25	22	26	29	27	24	24	27	26	23	27	27	28	27	27	25
LOC_881	16	17	17	17	17	17	18	17	17	17	17	20	18	17	18	16	16	16	17
LOC_882	20	20	20	20	20	20	20	20	19	20	20	20	20	19	20	20	20	20	20
LOC_883	26	25	26	24	23	24	25	24	23	24	24	24	24	25	26	25	26	25	25
LOC_884	15	15	15	15	15	15	15	15	15	15	15	15	15	16	15	15	16	15	15
LOC_885	17	18	17	16	16	16	18	18	16	16	18	17	17	18	18	17	16	15	17
LOC_886	26	30	29	26	26	29	25	26	29	29	25	24	24	24	25	27	28	28	25
LOC_887	24	26	24	24	21	26	29	28	26	26	28	27	26	27	25	26	25	24	25
LOC_888	22	23	24	25	23	24	25	25	27	24	25	22	22	23	22	24	25	25	25
LOC_889	24	25	25	23	23	28	22	23	22	26	23	22	23	23	23	21	22	23	23
LOC_890	20	19	19	23	22	21	22	23	20	22	23	22	25	24	23	24	22	23	22
LOC_891	24	24	23	25	24	23	25	25	23	24	25	25	24	25	24	25	23	25	25
LOC_892	23	23	23	23	23	26	25	25	23	24	25	26	25	29	28	23	19	21	22
LOC_893	19	19	19	19	20	20	18	18	18	18	19	19	19	18	18	19	19	19	19
LOC_894	22	24	26	20	20	20	20	20	20	20	20	20	19	20	20	21	22	22	18
LOC_895	24	24	24	25	25	24	20	20	24	28	25	25	24	24	24	24	23	24	24
LOC_896	27	26	25	26	25	25	24	24	24	20	23	23	23	23	22	25	26	24	25
LOC_897	15	15	15	16	16	17	15	15	17	15	15	16	16	15	15	15	18	14	17
LOC_898	26	24	24	26	25	22	23	24	23	22	24	24	24	24	24	24	26	26	25
LOC_899	24	22	24	25	25	26	26	23	30	25	24	27	26	25	25	26	27	27	25
LOC_900	22	25	23	24	25	27	27	27	23	23	24	22	24	25	25	24	23	23	24
LOC_901	25	25	24	26	24	24	28	28	23	24	29	27	25	29	26	28	31	31	25
LOC_902	23	23	25	21	24	22	27	27	21	24	25	25	26	25	24	24	23	24	23
LOC_903	27	28	24	23	23	22	25	26	22	22	26	27	28	26	26	26	24	25	25
LOC_904	14	15	14	14	14	15	14	14	15	15	17	14	14	17	17	14	16	14	14
LOC_905	25	24	26	23	24	24	21	21	22	27	21	21	20	21	21	28	28	28	25
LOC_906	15	15	15	15	16	15	14	14	15	15	14	14	14	14	14	14	14	14	15
LOC_907	18	18	19	17	18	18	21	21	18	18	20	19	19	20	21	19	18	20	18
LOC_908	22	22	22	24	23	23	22	21	25	27	24	21	23	25	24	21	22	22	22
LOC_909	26	24	24	26	25	25	23	24	25	25	25	22	22	22	23	25	26	27	25
LOC_910	16	17	17	17	17	16	17	17	15	16	18	17	16	17	17	17	18	19	17
LOC_911	20	20	22	19	19	19	21	20	19	19	20	21	21	20	20	18	17	16	19
LOC_912	11	11	11	9	9	11	11	11	11	11	11	11	11	11	11	11	11	11	11
LOC_913	18	18	18	19	20	18	19	20	18	18	20	19	18	20	19	20	18	18	18
LOC_914	25	24	25	27	26	30	24	23	27	26	23	24	24	23	23	26	24	23	25
LOC_915	25	23	22	23	24	25	21	23	23	24	24	23	23	27	26	27	26	25	25
LOC_916	19	19	17	18	18	18	19	20	19	19	19	20	20	20	18	19	22	20	18
LOC_917	14	16	14	15	15	15	17	16	15	15	16	16	16	18	17	18	18	18	15
LOC_918	18	16	16	16	16	16	17	17	16	16	17	16	16	17	17	16	17	17	16
LOC_919	14	16	14	15	15	15	14	14	15	15	15	14	14	15	15	14	14	14	14
LOC_920	18	15	18	16	15	16	17	18	14	17	18	19	19	18	18	18	19	18	18
LOC_921	16	16	16	17	16	16	17	18	16	16	17	17	17	17	17	16	16	16	16
LOC_922	22	23	23	21	21	21	22	21	21	23	22	23	21	22	22	22	22	22	22
LOC_923	23	24	26	25	25	22	29	30	24	23	25	32	29	28	30	24	27	24	25
LOC_924	25	25	24	25	25	25	26	25	25	23	26	26	25	27	26	25	25	25	25
LOC_925	14	14	14	14	14	13	14	14	13	13	14	15	15	14	14	14	14	14	14
LOC_926	24	24	26	27	26	25	23	21	24	26	23	22	23	23	23	25	25	24	25
LOC_927	24	22	23	25	25	23	25	24	26	28	26	24	24	25	25	26	25	24	25
LOC_928	24	25	24	24	26	26	25	24	24	26	25	28	26	25	24	25	25	27	25
LOC_929	16	16	17	17	16	19	15	12	17	16	15	15	15	15	15	15	15	15	15
LOC_930	10	10	10	10	10	10	10	10	10	10	11	11	11	11	11	10	10	10	10
LOC_931	20	23	21	25	23	22	24	22	21	23	19	23	23	21	21	19	20	20	24
LOC_932	23	22	24	24	25	25	25	25	23	25	24	24	25	23	24	22	22	23	24
LOC_933	26	29	29	23	27	23	26	25	22	21	24	24	24	23	23	24	24	24	24
LOC_934	23	23	22	24	25	24	24	23	24	24	23	23	22	23	23	22	24	24	24
LOC_935	16	16	15	17	17	17	16	18	17	17	18	19	18	19	19	19	19	19	17
LOC_936	22	22	22	24	24	24	23	22	26	24	24	25	23	25	23	22	22	22	23
LOC_937	25	23	23	23	23	24	24	24	26	27	25	24	24	24	23	24	25	24	24
LOC_938	17	18	18	15	15	17	18	17	18	18	19	22	17	18	18	17	16	17	17
LOC_939	20	18	21	19	19	19	18	18	22	19	19	19	20	19	22	19	20	19	19
LOC_940	19	20	20	19	19	19	17	17	19	19	17	20	19	17	17	19	19	19	19
LOC_941	15	14	14	13	13	13	14	14	13	13	14	14	14	14	14	14	14	15	14
LOC_942	25	25	25	25	24	25	21	21	24	24	23	23	22	25	23	25	23	24	24
LOC_943	22	22	23	19	19	19	20	20	19	20	21	19	20	21	21	21	20	21	20
LOC_944	17	17	17	19	19	19	16	16	19	19	15	16	16	16	15	17	16	16	18
LOC_945	14	15	15	18	17	16	18	18	14	17	18	18	17	19	18	17	17	17	17
LOC_946	25	23	24	26	25	24	25	24	23	24	25	26	26	24	25	24	25	24	24
LOC_947	24	25	24	27	26	26	25	24	25	26	25	23	25	25	26	23	23	22	24
LOC_948	20	21	21	17	19	21	21	21	22	20	21	20	20	20	20	19	24	21	20
LOC_949	23	23	23	23	23	23	24	22	24	24	22	23	23	23	23	22	22	22	23
LOC_950	25	25	25	24	25	23	30	28	26	25	28	25	25	30	28	26	26	25	24
LOC_951	19	19	19	20	20	20	21	20	20	20	21	18	21	18	21	20	20	20	20
LOC_952	19	19	19	20	19	20	18	18	19	20	18	20	21	18	18	19	23	24	20
LOC_953	23	19	21	23	23	24	24	23	24	24	22	23	22	22	23	23	21	23	24
LOC_954	22	21	22	25	23	25	25	23	24	25	21	22	22	24	25	22	22	22	22
LOC_955	24	25	26	23	23	25	23	23	24	24	22	21	24	24	22	24	24	24	24
LOC_956	25	24	24	24	22	24	25	28	25	25	28	27	29	26	25	23	21	23	24
LOC_957	23	23	23	24	24	24	22	24	26	26	23	25	25	24	24	23	22	23	24
LOC_958	17	19	19	17	17	17	16	16	17	17	16	16	16	16	16	16	16	16	16
LOC_959	18	18	19	15	17	18	18	19	16	16	19	19	19	19	19	18	18	18	18
LOC_960	23	26	25	23	24	23	24	26	24	24	25	26	26	25	24	24	25	24	24
LOC_961	29	27	27	24	25	23	25	24	21	21	25	25	25	25	26	25	27	27	25
LOC_962	24	22	23	24	24	24	24	25	23	23	27	23	24	26	27	23	22	22	24
LOC_963	25	26	25	25	26	23	25	27	24	24	26	23	24	23	25	24	24	24	24
LOC_964	14	13	15	16	17	16	14	14	16	16	14	14	14	13	14	15	14	14	16
LOC_965	22	22	23	23	24	23	23	23	23	23	21	22	22	22	22	23	23	24	23
LOC_966	19	20	20	17	17	17	19	20	17	17	21	20	20	20	20	21	21	21	20
LOC_967	23	23	24	24	24	24	25	25	25	27	26	23	24	25	25	22	23	24	24
LOC_968	22	23	23	25	25	22	24	26	22	23	27	25	25	25	23	24	24	24	24
LOC_969	16	16	17	19	19	18	16	16	18	18	16	18	16	16	15	18	17	17	18
LOC_970	19	21	20	19	19	19	19	19	19	19	19	20	20	19	19	20	22	21	19
LOC_971	23	23	23	24	24	29	21	21	27	25	22	24	23	21	21	24	22	25	24
LOC_972	24	24	24	22	24	23	28	27	22	23	26	29	27	26	27	23	23	24	24
LOC_973	29	27	28	31	29	29	27	28	25	23	28	30	28	26	29	28	28	28	30
LOC_974	16	14	15	15	14	14	17	15	14	14	15	14	14	14	14	14	14	14	14
LOC_975	14	14	14	15	14	14	14	14	14	14	15	14	14	15	15	14	14	14	14
LOC_976	26	24	25	27	28	25	33	28	27	29	32	28	31	29	30	30	28	28	29
LOC_977	17	19	16	17	18	17	17	17	18	16	17	17	16	17	17	14	17	17	17
LOC_978	18	17	16	17	16	17	18	18	17	17	19	16	17	20	20	18	19	19	17
LOC_979	26	29	27	20	21	21	29	26	21	21	25	26	25	25	25	27	25	26	25
LOC_980	16	16	16	16	16	16	16	16	16	16	17	16	16	17	17	16	16	16	16
LOC_981	20	26	27	22	21	21	25	25	21	21	24	24	24	24	24	24	24	25	22
LOC_982	14	14	15	14	14	14	16	14	14	15	15	14	14	13	14	15	15	15	14
LOC_983	26	24	25	23	23	26	24	24	26	26	25	23	25	25	25	25	24	26	24
LOC_984	24	24	26	24	18	23	22	22	23	23	22	22	22	22	22	24	26	26	24
LOC_985	15	15	15	14	14	14	16	16	13	14	16	17	16	16	16	15	15	16	14
LOC_986	17	17	17	17	17	18	17	19	17	17	17	16	17	16	17	16	17	17	17
LOC_987	25	25	25	24	24	24	25	24	25	24	27	28	27	24	24	24	26	27	24
LOC_988	18	17	17	18	18	18	17	16	18	18	17	18	19	17	17	17	17	17	18
LOC_989	24	26	24	25	23	25	21	21	23	24	23	23	23	23	20	24	26	25	24
LOC_990	24	22	23	26	25	26	24	23	24	24	23	25	25	23	23	22	24	24	24
LOC_991	15	16	15	14	14	14	14	14	14	14	17	16	16	15	15	15	16	17	15
LOC_992	23	24	26	21	22	23	23	21	21	21	20	23	23	20	21	22	21	21	23
LOC_993	18	18	18	19	19	20	18	18	19	19	18	18	23	17	18	18	19	18	19
LOC_994	26	29	25	25	25	23	24	24	23	23	23	24	24	22	22	23	23	23	24
LOC_995	22	23	24	23	25	24	27	26	22	22	24	25	27	25	26	25	23	23	24
LOC_996	24	24	25	25	25	25	22	22	23	25	23	22	22	18	21	23	25	24	24
LOC_997	21	21	21	24	25	25	21	21	23	23	21	21	21	22	21	22	19	19	24
LOC_998	14	16	14	14	14	14	17	18	14	13	17	15	15	17	15	14	13	13	14
LOC_999	23	21	23	23	23	23	23	23	25	25	23	23	23	24	19	25	25	24	24
LOC_1000	21	21	21	20	20	20	23	23	20	19	23	21	21	23	23	23	22	22	21
LOC_1001	19	19	19	23	23	22	19	19	22	22	18	19	17	19	19	19	19	19	19
LOC_1002	23	24	24	23	24	23	27	27	24	23	27	29	28	27	26	25	24	23	24
LOC_1003	24	23	24	23	23	23	24	24	23	23	25	24	23	24	25	24	28	24	24
LOC_1004	17	17	17	16	16	18	17	17	17	18	17	17	17	17	17	17	17	17	17
LOC_1005	7	7	7	12	12	7	7	7	8	7	7	8	7	7	7	7	7	7	7
LOC_1006	25	26	25	24	24	25	26	25	27	28	25	22	26	27	26	23	23	24	24
LOC_1007	18	17	17	18	18	18	23	23	18	17	25	20	21	24	22	18	19	19	18
LOC_1008	21	21	20	23	23	21	20	20	22	21	19	20	20	20	22	20	20	20	21
LOC_1009	26	26	25	23	24	24	24	26	24	24	24	25	24	20	21	25	24	24	24
LOC_1010	15	15	15	15	15	15	15	15	15	15	15	15	15	15	15	15	16	16	15
LOC_1011	25	26	28	25	25	24	21	22	23	24	24	21	21	21	22	23	24	24	24
LOC_1012	24	24	24	26	25	26	24	23	26	25	20	23	23	22	23	22	24	25	24
LOC_1013	25	25	24	24	26	23	28	28	24	24	27	24	25	26	31	25	25	25	24
LOC_1014	24	22	23	23	23	22	23	23	21	23	24	22	22	23	23	22	23	23	23
LOC_1015	17	18	18	15	16	17	16	16	17	17	17	16	15	16	17	16	16	16	16
LOC_1016	14	14	13	13	13	14	13	12	15	15	11	13	13	11	11	14	13	13	14
LOC_1017	25	25	25	25	24	23	24	24	23	23	23	24	24	24	23	23	23	23	24
LOC_1018	26	25	25	26	27	23	25	25	23	21	23	23	22	22	22	24	24	22	24
LOC_1019	15	16	16	14	14	15	15	15	15	15	14	15	15	14	16	15	15	15	15
LOC_1020	23	22	23	22	23	23	21	21	23	23	19	21	21	22	22	22	22	20	23
LOC_1021	16	17	17	15	15	15	16	16	16	15	16	16	17	16	16	16	15	15	15
LOC_1022	27	27	27	24	23	23	23	23	25	24	25	23	24	26	25	22	24	24	24
LOC_1023	23	25	24	23	25	24	22	25	25	23	24	24	22	26	25	25	25	25	24
LOC_1024	29	31	33	33	30	26	29	29	28	27	31	27	29	30	28	29	29	30	29
