names	Run1_C_13	Run1_C_15	Run1_C_16	Run1_C_17	Run1_C_19	Run1_C_20	Run1_C_23	Run1_C_25	Run1_C_27	Run1_C_30	Run1_C_31	Run1_C_32	Run1_C_33	Run1_C_35	Run1_C_36	Run1_C_37	Run1_C_38	Run1_C_40	Run1_C_41	Run1_C_42	Run1_C_43	Run1_C_44	Run1_C_45	root
LOC_1	19	20	19	19	19	18	19	20	20	20	20	18	18	20	19	19	19	19	18	19	19	21	22	19
LOC_2	20	18	18	18	20	20	21	22	23	21	21	21	21	23	21	21	20	20	20	20	21	24	27	20
LOC_3	8	8	8	8	7	7	7	7	7	7	7	7	7	7	7	7	7	7	7	9	9	7	7	7
LOC_4	7	7	7	7	7	9	7	7	7	9	10	9	9	7	9	9	7	7	7	7	7	7	7	7
LOC_5	7	7	7	7	8	7	7	7	7	7	10	7	7	7	7	7	8	8	8	9	7	7	7	7
LOC_6	16	16	16	16	16	17	16	16	16	17	17	19	18	16	16	17	16	16	17	16	16	18	18	16
LOC_7	16	16	16	16	13	13	13	13	13	13	13	13	13	13	14	15	13	13	13	14	14	13	13	13
LOC_8	21	21	21	21	21	21	21	21	21	21	23	21	21	23	22	27	21	20	20	22	22	23	23	22
LOC_9	15	15	15	15	15	15	15	16	15	14	16	17	17	16	15	15	15	15	15	15	15	16	16	15
LOC_10	17	17	17	17	15	17	17	17	16	17	18	16	18	16	18	19	14	17	17	17	17	16	16	17
LOC_11	23	23	24	21	21	23	22	23	23	22	22	22	22	23	23	23	22	22	21	20	22	25	25	23
LOC_12	20	17	17	17	20	18	17	17	17	19	18	19	19	17	18	18	20	21	21	20	20	17	17	17
LOC_13	17	16	17	17	17	19	17	17	17	17	17	18	18	17	18	18	17	17	17	16	17	17	17	17
LOC_14	18	18	17	18	21	18	21	18	18	20	21	19	19	18	18	18	22	22	23	18	18	18	15	18
LOC_15	27	26	25	26	25	27	26	25	25	27	26	32	28	24	27	28	25	23	23	29	24	24	24	27
LOC_16	14	14	13	13	13	14	16	14	14	14	14	14	14	14	16	14	14	14	14	16	14	14	14	14
LOC_17	17	17	17	18	17	15	15	15	15	15	15	15	15	15	18	15	16	16	16	18	17	16	15	15
LOC_18	23	23	22	23	23	23	23	22	20	23	23	23	23	22	24	24	22	21	22	25	24	23	23	23
LOC_19	26	25	25	26	24	22	24	24	23	23	23	24	23	23	22	23	24	25	23	24	25	25	24	22
LOC_20	16	16	16	16	16	15	15	15	15	15	15	15	15	19	15	15	18	18	18	16	16	21	19	15
LOC_21	13	13	13	13	13	14	13	13	13	13	14	14	14	14	14	14	13	13	13	13	13	13	13	13
LOC_22	22	21	20	20	22	23	22	21	22	22	23	24	26	21	24	24	19	19	19	23	21	21	21	21
LOC_23	16	16	16	16	17	18	16	16	16	17	17	18	18	17	18	18	16	17	16	16	16	16	16	16
LOC_24	21	20	20	20	24	23	24	21	20	24	25	24	25	19	22	23	21	22	22	22	22	19	19	23
LOC_25	23	22	21	21	23	21	22	22	22	25	23	22	23	19	20	20	22	24	22	22	22	23	23	22
LOC_26	14	16	18	17	15	15	15	16	16	16	15	15	15	16	15	15	14	14	14	14	14	16	16	15
LOC_27	16	16	16	16	16	16	17	18	18	15	15	15	15	18	20	18	17	18	18	16	16	18	18	17
LOC_28	23	24	23	22	21	22	21	21	21	23	22	26	23	23	23	23	21	21	20	22	22	25	23	21
LOC_29	24	23	23	22	24	26	25	25	24	26	25	26	28	25	25	27	24	22	22	26	26	24	24	25
LOC_30	21	22	21	24	20	20	20	20	21	23	21	21	21	19	23	23	20	20	21	21	21	24	22	19
LOC_31	30	29	29	28	26	25	26	26	25	24	25	27	27	29	26	26	26	27	27	27	27	26	28	26
LOC_32	21	22	21	23	21	20	19	18	19	19	20	20	21	19	21	20	24	24	21	22	21	19	18	20
