names	Run1_C_6	Run1_C_13	Run1_C_15	Run1_C_19	Run1_C_26	Run1_C_27	Run1_C_28	Run1_C_29	Run1_C_30	Run1_C_31	Run1_C_32	Run1_C_34	Run1_C_35	Run1_C_36	Run1_C_37	Run1_C_38	Run1_C_39	Run1_C_40	Run1_C_41	Run1_C_42	Run1_C_43	Run1_C_44	Run1_C_45	root
LOC_1	19	19	21	21	20	21	20	20	22	23	20	22	21	18	19	20	20	20	18	19	19	19	20	19
LOC_2	19	20	19	19	19	22	22	22	20	24	19	19	19	18	21	19	19	19	19	19	18	19	19	20
LOC_3	7	7	7	7	7	7	7	7	7	7	7	8	7	7	7	7	7	7	7	8	8	7	7	7
LOC_4	7	7	7	7	7	7	7	7	7	7	7	7	7	7	7	8	8	7	7	7	7	7	7	7
LOC_5	7	7	8	7	7	7	6	6	7	7	7	7	7	7	7	5	5	7	7	7	7	6	5	7
LOC_6	17	15	16	17	17	17	16	15	17	17	16	16	16	15	12	17	17	16	16	16	15	17	17	16
LOC_7	14	14	13	14	14	14	13	14	15	14	14	13	13	14	14	14	14	14	14	13	13	14	14	13
LOC_8	22	20	22	22	22	21	22	23	20	22	22	21	24	22	22	19	22	24	22	22	21	22	24	22
LOC_9	15	15	15	15	15	15	15	15	15	15	15	15	15	15	15	17	17	16	15	15	15	17	17	15
LOC_10	17	19	18	17	18	17	17	17	17	17	19	18	18	19	19	19	20	21	19	19	19	19	19	17
LOC_11	23	25	25	22	21	21	23	26	21	21	24	25	24	25	25	22	22	25	24	25	25	23	23	23
LOC_12	17	18	18	15	17	17	17	17	17	17	18	17	17	19	18	16	16	19	18	18	15	16	16	17
LOC_13	16	18	17	18	16	16	19	18	16	16	17	20	17	16	16	17	17	17	18	17	16	18	20	17
LOC_14	21	18	24	23	21	22	18	18	19	20	26	25	26	18	18	25	20	25	25	18	17	24	25	18
LOC_15	25	28	27	31	24	23	25	25	25	23	29	30	29	30	26	32	32	29	31	30	28	30	31	27
LOC_16	13	14	13	13	13	13	14	15	13	13	13	16	16	14	14	13	13	13	13	16	16	14	14	14
