names	Run1_C_3	Run1_C_6	Run1_C_8	Run1_C_9	Run1_C_10	Run1_C_12	Run1_C_13	root
LOC_1	19	20	18	20	19	21	21	19
LOC_2	20	19	20	20	20	20	20	20
LOC_3	7	7	7	7	7	7	7	7
LOC_4	7	6	6	6	6	6	6	7
LOC_5	7	7	7	7	7	7	7	7
LOC_6	18	15	15	15	17	16	17	16
LOC_7	13	13	14	13	14	14	14	13
LOC_8	22	23	21	21	22	21	21	22
LOC_9	15	14	15	15	14	14	15	15
LOC_10	17	17	17	18	17	17	17	17
LOC_11	22	22	22	22	22	22	22	23
LOC_12	17	17	17	17	18	19	18	17
LOC_13	17	17	16	17	17	17	17	17
LOC_14	18	18	18	18	18	18	18	18
LOC_15	27	28	26	26	28	26	26	27
LOC_16	14	14	14	14	14	14	14	14
LOC_17	15	15	15	15	15	15	15	15
LOC_18	23	23	20	22	23	23	23	23
LOC_19	24	22	23	23	22	22	21	22
LOC_20	15	15	17	17	16	16	16	15
LOC_21	13	13	13	13	13	13	13	13
LOC_22	21	21	21	22	21	21	21	21
LOC_23	15	17	16	16	18	18	18	16
LOC_24	23	23	24	23	20	24	23	23
LOC_25	22	21	23	22	22	22	22	22
LOC_26	15	13	15	15	13	13	13	15
LOC_27	17	17	17	17	17	17	17	17
LOC_28	21	21	21	21	21	21	21	21
LOC_29	24	25	25	24	24	25	25	25
LOC_30	19	19	19	20	17	18	18	19
LOC_31	26	30	26	25	28	30	28	26
LOC_32	20	21	19	21	21	19	20	20
LOC_33	15	17	15	15	17	18	19	15
LOC_34	14	14	15	15	14	13	13	14
LOC_35	19	18	19	19	20	16	15	19
LOC_36	20	19	19	19	19	19	18	20
LOC_37	21	20	20	21	20	20	19	21
LOC_38	16	16	16	16	16	16	15	16
LOC_39	22	20	17	21	21	21	22	20
LOC_40	14	15	14	14	15	15	15	14
LOC_41	25	22	23	23	22	21	21	21
LOC_42	21	19	21	21	19	19	19	21
LOC_43	18	18	18	18	21	19	19	18
LOC_44	18	18	18	18	18	18	18	18
LOC_45	18	21	21	21	21	21	20	18
LOC_46	20	20	20	20	20	20	20	20
LOC_47	15	15	14	14	13	13	13	15
LOC_48	17	17	17	17	17	17	16	17
LOC_49	15	15	15	15	15	15	15	15
LOC_50	16	14	16	16	17	16	17	16
LOC_51	20	20	20	20	21	21	23	20
LOC_52	19	19	19	19	18	18	18	19
LOC_53	23	22	22	23	21	21	19	23
LOC_54	20	19	19	17	19	17	16	20
LOC_55	20	20	18	18	20	20	20	20
LOC_56	18	19	18	19	19	19	19	19
LOC_57	23	21	22	23	22	20	19	23
LOC_58	21	21	24	24	21	20	20	21
LOC_59	9	9	9	9	9	9	9	9
LOC_60	20	21	21	21	22	21	21	20
LOC_61	22	25	27	26	26	25	26	24
LOC_62	17	17	17	23	17	17	17	18
LOC_63	17	16	17	17	17	18	18	17
LOC_64	17	18	21	17	17	17	17	17
LOC_65	17	16	17	17	17	19	19	17
LOC_66	21	21	21	21	19	19	19	21
LOC_67	23	24	22	20	21	22	24	22
LOC_68	16	16	16	16	16	16	16	16
LOC_69	20	20	19	19	21	21	23	21
LOC_70	23	23	22	22	23	24	24	23
LOC_71	16	18	15	16	20	18	18	16
LOC_72	19	20	20	20	21	20	20	20
LOC_73	19	19	19	22	19	21	21	19
LOC_74	22	24	24	23	24	24	24	22
LOC_75	23	21	24	23	21	21	21	23
LOC_76	21	26	23	22	26	26	27	21
LOC_77	14	14	14	14	14	14	14	14
LOC_78	22	23	24	25	24	24	24	22
LOC_79	15	15	15	15	17	15	15	15
LOC_80	24	25	24	24	24	25	25	24
LOC_81	16	16	16	16	16	16	16	16
LOC_82	20	20	22	21	20	19	19	20
LOC_83	18	17	17	17	18	18	18	18
LOC_84	16	16	16	16	16	16	16	16
LOC_85	20	22	21	21	21	21	21	21
LOC_86	16	15	16	15	15	15	15	16
LOC_87	20	22	21	21	21	21	21	20
LOC_88	21	20	20	23	18	22	20	22
LOC_89	25	26	26	25	29	31	29	26
LOC_90	21	21	22	21	20	20	20	20
LOC_91	16	17	16	16	17	19	18	17
LOC_92	19	20	19	20	20	20	20	19
LOC_93	12	12	11	11	12	12	12	12
LOC_94	15	14	15	15	15	12	12	15
LOC_95	13	13	13	15	13	12	12	13
LOC_96	21	21	17	21	21	22	21	20
LOC_97	20	19	22	22	20	19	19	20
LOC_98	14	15	15	17	15	16	16	15
LOC_99	16	16	16	15	16	16	16	16
LOC_100	14	14	14	14	12	14	17	14
LOC_101	21	21	22	22	21	21	19	21
LOC_102	19	20	19	19	21	19	20	19
LOC_103	14	14	14	14	14	13	13	14
LOC_104	21	21	18	20	21	21	21	21
LOC_105	16	16	17	16	16	16	16	16
LOC_106	30	28	30	30	29	28	28	28
LOC_107	15	13	15	15	11	11	11	15
LOC_108	23	21	22	22	25	23	24	23
LOC_109	14	14	14	15	14	13	14	14
LOC_110	16	15	16	16	15	15	15	16
LOC_111	15	14	16	15	13	13	14	15
LOC_112	21	21	18	20	19	21	21	21
LOC_113	14	14	16	17	14	14	14	14
LOC_114	17	17	17	17	17	18	16	17
LOC_115	14	14	14	14	15	16	15	14
LOC_116	14	14	15	15	14	16	15	14
LOC_117	20	19	19	19	19	18	19	19
LOC_118	15	14	16	16	16	16	16	16
LOC_119	24	25	24	25	24	25	25	23
LOC_120	18	20	17	17	19	18	18	18
LOC_121	18	18	18	18	17	18	18	18
LOC_122	19	20	19	19	22	22	22	19
LOC_123	22	24	24	24	25	24	24	24
LOC_124	22	22	22	22	22	24	24	22
LOC_125	28	25	27	26	25	25	24	27
LOC_126	14	14	14	14	14	14	14	14
LOC_127	22	23	22	22	19	18	18	22
LOC_128	20	18	21	21	17	17	17	20
LOC_129	19	19	19	19	19	20	19	19
LOC_130	25	24	25	24	26	25	28	24
LOC_131	15	15	16	15	16	15	13	15
LOC_132	20	22	20	21	23	22	23	21
LOC_133	22	23	24	24	25	24	25	22
LOC_134	23	23	23	23	22	24	26	23
LOC_135	15	14	14	14	14	14	14	14
LOC_136	15	15	15	15	15	15	15	15
LOC_137	25	24	24	24	23	27	26	24
LOC_138	20	21	21	22	21	21	22	21
LOC_139	19	17	17	17	17	18	18	17
LOC_140	17	17	17	18	17	17	16	17
LOC_141	15	13	13	14	13	14	13	15
LOC_142	26	23	28	28	24	22	22	27
LOC_143	22	21	19	21	21	23	23	21
LOC_144	17	16	16	16	16	20	17	16
LOC_145	19	20	20	21	20	20	20	20
LOC_146	20	19	20	20	20	20	20	20
LOC_147	21	19	19	19	19	19	19	21
LOC_148	14	16	16	15	16	16	16	14
LOC_149	18	20	18	18	20	20	20	18
LOC_150	15	15	15	15	15	16	17	15
LOC_151	16	15	16	16	16	16	16	16
LOC_152	20	20	21	22	20	20	19	20
LOC_153	21	20	19	20	20	20	20	20
LOC_154	19	18	19	19	18	18	18	18
LOC_155	21	21	20	20	21	21	23	21
LOC_156	17	17	17	17	17	18	17	17
LOC_157	17	17	17	17	17	17	17	17
LOC_158	23	23	21	21	19	20	20	22
LOC_159	15	14	15	15	14	13	13	15
LOC_160	19	17	19	19	19	19	18	19
LOC_161	21	20	20	20	21	22	20	21
LOC_162	21	21	20	20	18	20	18	20
LOC_163	18	18	18	18	19	19	18	18
LOC_164	20	19	19	19	19	20	19	20
LOC_165	17	16	15	15	15	15	13	15
LOC_166	17	18	17	17	18	18	18	17
LOC_167	16	17	18	18	17	17	17	16
LOC_168	28	28	30	28	27	28	28	28
LOC_169	23	22	22	22	22	22	21	23
LOC_170	19	20	19	19	19	19	21	19
LOC_171	23	22	23	21	25	23	22	23
LOC_172	22	25	26	26	25	23	24	22
LOC_173	16	17	16	16	16	16	16	16
LOC_174	24	25	25	22	28	29	29	22
LOC_175	28	30	26	23	30	27	26	27
LOC_176	12	15	15	15	15	15	15	14
LOC_177	24	24	24	24	22	22	22	24
LOC_178	23	23	24	22	26	23	23	23
LOC_179	23	23	27	26	22	23	23	23
LOC_180	22	21	22	20	22	21	22	22
LOC_181	18	18	18	18	18	18	18	18
LOC_182	23	24	23	23	25	26	24	23
LOC_183	24	27	28	26	26	26	26	25
LOC_184	16	16	16	16	15	16	16	16
LOC_185	20	19	21	20	20	20	19	20
LOC_186	16	19	16	14	16	17	17	16
LOC_187	20	21	21	21	21	20	20	21
LOC_188	24	27	25	27	26	27	26	25
LOC_189	14	16	16	16	16	16	17	14
LOC_190	22	22	22	23	26	25	25	22
LOC_191	17	20	15	17	18	18	18	17
LOC_192	21	21	21	21	19	19	19	21
LOC_193	15	15	13	14	15	16	15	15
LOC_194	19	19	19	19	19	19	19	18
LOC_195	18	19	18	18	19	19	19	18
LOC_196	22	22	23	22	22	22	22	22
LOC_197	19	21	21	22	19	20	21	21
LOC_198	28	27	27	26	28	28	30	27
LOC_199	14	14	14	15	14	14	14	14
LOC_200	23	23	25	25	23	23	26	23
LOC_201	24	25	25	25	28	27	27	24
LOC_202	17	18	17	16	19	19	19	17
LOC_203	18	18	18	17	16	18	18	18
LOC_204	18	18	18	18	19	20	19	18
LOC_205	14	17	17	17	16	16	16	14
LOC_206	20	19	19	18	19	18	18	20
LOC_207	14	13	16	16	13	13	13	14
LOC_208	14	14	16	14	14	15	15	14
LOC_209	17	17	18	16	17	16	17	17
LOC_210	24	22	22	22	22	22	22	22
LOC_211	24	24	24	23	23	25	24	24
LOC_212	25	21	22	24	21	21	21	24
LOC_213	21	18	19	19	18	18	17	19
LOC_214	17	18	17	18	17	16	17	17
LOC_215	16	16	16	16	16	16	16	16
LOC_216	20	18	17	21	20	21	21	20
LOC_217	24	25	26	23	24	24	23	25
LOC_218	17	17	17	17	17	18	17	17
LOC_219	15	15	15	15	15	15	15	15
LOC_220	18	17	18	18	17	18	16	18
LOC_221	24	25	24	24	24	27	26	24
LOC_222	27	26	26	24	26	28	25	28
LOC_223	14	14	14	14	14	16	13	14
LOC_224	16	16	16	16	18	17	17	16
LOC_225	19	22	22	21	22	22	22	21
LOC_226	16	14	16	17	14	14	13	16
LOC_227	7	8	7	7	8	8	8	7
LOC_228	16	16	16	16	17	17	17	16
LOC_229	17	17	17	16	17	20	19	17
LOC_230	19	19	19	19	21	18	18	19
LOC_231	19	17	19	19	19	19	19	19
LOC_232	18	19	19	19	18	17	17	18
LOC_233	15	15	15	16	15	14	14	15
LOC_234	15	15	15	16	16	16	16	15
LOC_235	22	21	21	22	21	21	21	22
LOC_236	17	16	17	17	16	16	16	17
LOC_237	18	18	18	18	18	18	18	20
LOC_238	21	23	21	20	24	19	20	21
LOC_239	22	22	22	22	22	19	19	22
LOC_240	15	15	14	14	15	15	14	14
LOC_241	18	18	18	18	16	16	16	18
LOC_242	14	17	17	17	17	17	17	17
LOC_243	19	19	20	20	19	19	20	19
LOC_244	14	14	14	12	14	14	14	14
LOC_245	24	24	24	23	26	24	25	24
LOC_246	25	23	24	24	22	24	23	24
LOC_247	16	14	14	14	14	14	14	16
LOC_248	18	18	18	18	18	18	18	18
LOC_249	23	23	24	24	22	24	22	24
LOC_250	26	27	22	22	24	24	24	27
LOC_251	17	17	20	20	17	17	17	17
LOC_252	21	21	27	24	27	26	27	22
LOC_253	14	15	15	15	15	15	15	14
LOC_254	16	20	19	19	19	19	19	16
LOC_255	24	22	24	24	24	21	23	23
LOC_256	17	19	19	19	19	19	19	19
LOC_257	20	20	20	20	20	20	22	20
LOC_258	13	13	13	13	13	13	13	13
LOC_259	20	20	20	20	20	20	20	20
LOC_260	21	22	23	22	23	24	23	22
LOC_261	15	15	15	15	15	15	15	15
LOC_262	13	13	13	13	13	13	13	13
LOC_263	16	16	16	16	16	16	17	16
LOC_264	24	22	23	22	22	22	22	22
LOC_265	24	20	21	21	21	21	20	24
LOC_266	19	19	18	18	19	19	19	19
LOC_267	18	17	17	16	18	18	17	18
LOC_268	17	17	17	17	18	20	20	17
LOC_269	16	16	16	16	16	16	16	16
LOC_270	19	19	19	18	19	19	19	19
LOC_271	24	24	24	24	24	22	23	24
LOC_272	23	23	23	23	21	23	23	23
LOC_273	22	23	24	24	23	23	23	24
LOC_274	22	22	22	23	24	23	26	22
LOC_275	15	15	15	15	15	15	15	15
LOC_276	20	20	20	20	20	19	19	20
LOC_277	14	14	14	14	14	14	14	14
LOC_278	14	14	14	14	14	14	15	14
LOC_279	15	17	15	15	19	17	18	15
LOC_280	20	22	20	21	23	23	23	20
LOC_281	20	20	20	20	20	22	21	20
LOC_282	17	15	14	14	15	10	11	15
LOC_283	14	14	14	15	12	13	13	14
LOC_284	14	13	14	14	14	13	13	14
LOC_285	29	28	28	26	29	24	27	29
LOC_286	18	17	21	17	16	17	17	18
LOC_287	27	29	27	28	27	26	29	28
LOC_288	17	13	14	15	14	14	14	17
LOC_289	15	16	16	15	15	16	17	15
LOC_290	19	18	18	17	18	17	18	19
LOC_291	18	19	18	18	18	18	18	18
LOC_292	19	19	19	19	16	19	19	19
LOC_293	15	15	15	15	15	15	15	15
LOC_294	25	26	24	24	25	24	23	25
LOC_295	18	18	17	18	18	19	19	18
LOC_296	14	13	15	14	15	14	14	14
LOC_297	18	16	16	16	16	16	16	15
LOC_298	17	17	17	17	17	17	17	17
LOC_299	16	16	16	16	17	16	16	16
LOC_300	17	19	17	17	17	17	18	17
LOC_301	20	21	21	23	18	19	20	20
LOC_302	24	25	25	26	25	25	24	24
LOC_303	18	17	17	17	16	16	15	18
LOC_304	13	14	14	14	14	14	14	14
LOC_305	17	17	17	17	17	17	17	17
LOC_306	26	25	22	22	25	24	25	26
LOC_307	25	25	27	27	23	23	22	22
LOC_308	21	21	21	20	21	21	21	22
LOC_309	22	21	22	23	21	20	21	22
LOC_310	15	11	12	11	11	11	11	15
LOC_311	18	18	18	18	18	18	18	18
LOC_312	18	16	16	16	16	16	16	18
LOC_313	16	16	17	19	16	16	17	16
LOC_314	17	15	15	15	15	15	15	15
LOC_315	15	17	17	17	16	17	17	15
LOC_316	26	28	26	27	30	28	28	26
LOC_317	21	21	22	22	23	25	21	21
LOC_318	22	20	22	22	19	22	18	22
LOC_319	22	25	24	25	25	25	25	22
LOC_320	19	21	22	20	21	21	21	21
LOC_321	16	15	15	15	16	14	16	16
LOC_322	12	12	13	12	12	12	12	12
LOC_323	14	14	14	14	14	14	14	14
LOC_324	21	21	24	22	21	22	22	21
LOC_325	16	19	16	16	17	17	18	16
LOC_326	16	17	17	17	17	17	17	16
LOC_327	15	15	15	15	15	15	15	15
LOC_328	20	18	20	20	19	19	19	20
LOC_329	23	24	25	23	23	23	22	23
LOC_330	22	22	21	22	22	22	22	22
LOC_331	23	23	23	22	21	21	21	23
LOC_332	15	15	15	15	15	14	16	15
LOC_333	14	16	16	15	16	16	16	14
LOC_334	19	19	19	17	21	21	21	19
LOC_335	23	21	25	23	22	22	22	23
LOC_336	23	23	26	25	24	22	20	24
LOC_337	20	22	21	21	20	20	20	20
LOC_338	20	19	19	19	19	19	19	19
LOC_339	17	18	18	18	18	18	18	17
LOC_340	14	12	12	12	12	12	13	13
LOC_341	20	19	19	19	22	17	17	20
LOC_342	14	17	15	15	17	17	19	14
LOC_343	19	19	21	21	23	20	20	20
LOC_344	18	17	17	17	16	17	17	17
LOC_345	15	17	16	16	16	16	16	15
LOC_346	24	23	23	23	26	24	23	23
LOC_347	19	20	20	20	21	19	21	20
LOC_348	20	20	20	20	19	19	22	20
LOC_349	15	14	15	15	17	17	17	15
LOC_350	17	18	18	17	20	16	17	17
LOC_351	26	26	26	26	24	23	22	26
LOC_352	19	20	20	20	20	20	20	20
LOC_353	18	16	19	19	16	17	17	18
LOC_354	15	15	15	15	15	15	15	15
LOC_355	14	14	14	14	15	14	14	14
LOC_356	18	18	17	17	18	19	19	17
LOC_357	16	16	16	15	16	16	16	16
LOC_358	8	7	7	7	7	7	7	7
LOC_359	19	20	19	20	19	19	20	19
LOC_360	25	24	23	23	25	25	25	24
LOC_361	21	21	21	21	21	22	22	21
LOC_362	22	24	17	22	23	22	22	22
LOC_363	8	8	8	9	8	8	8	8
LOC_364	14	13	14	14	12	11	12	14
LOC_365	25	26	27	25	25	26	26	25
LOC_366	17	18	17	17	17	18	17	17
LOC_367	16	16	16	15	14	16	16	16
LOC_368	24	24	23	22	24	23	23	24
LOC_369	28	30	29	28	28	26	26	28
LOC_370	18	19	18	18	19	19	18	18
LOC_371	23	23	25	23	25	23	23	23
LOC_372	21	20	19	17	20	20	20	21
LOC_373	14	14	15	14	14	14	14	14
LOC_374	15	16	15	15	17	18	16	15
LOC_375	18	18	20	20	18	19	19	18
LOC_376	20	24	21	21	21	21	22	20
LOC_377	23	25	23	24	25	26	26	23
LOC_378	23	24	24	22	24	24	24	23
LOC_379	18	18	18	18	18	18	18	18
LOC_380	19	18	19	19	18	18	18	18
LOC_381	13	14	14	14	14	15	15	14
LOC_382	18	19	18	18	18	18	18	18
LOC_383	20	18	20	20	18	18	18	17
LOC_384	14	14	14	13	14	14	14	14
LOC_385	18	18	18	18	17	18	18	18
LOC_386	19	19	20	19	19	20	19	19
LOC_387	17	17	17	17	17	16	16	17
LOC_388	31	28	27	27	29	28	28	28
LOC_389	18	21	17	18	21	20	20	18
LOC_390	7	7	7	7	7	7	7	7
LOC_391	22	23	25	23	23	23	23	22
LOC_392	23	22	21	21	24	25	25	22
LOC_393	15	14	15	15	15	14	13	15
LOC_394	15	16	16	16	16	16	16	16
LOC_395	20	20	20	20	20	19	19	20
LOC_396	17	17	19	17	17	17	15	17
LOC_397	21	19	19	19	19	19	19	19
LOC_398	18	18	18	17	17	18	19	17
LOC_399	28	29	29	29	30	28	28	29
LOC_400	15	15	15	15	15	15	15	15
LOC_401	13	13	13	13	13	13	13	13
LOC_402	14	14	15	14	14	14	14	14
LOC_403	14	14	14	14	14	11	11	14
LOC_404	10	13	13	14	13	13	13	10
LOC_405	16	16	16	16	16	16	16	16
LOC_406	18	19	19	19	19	21	21	19
LOC_407	17	19	18	18	19	19	19	17
LOC_408	14	14	14	14	14	11	14	14
LOC_409	15	15	15	16	15	15	15	15
LOC_410	16	19	16	16	17	17	17	16
LOC_411	14	14	14	14	14	14	14	14
LOC_412	19	19	20	21	20	20	19	19
LOC_413	20	20	19	19	19	21	22	20
LOC_414	15	15	15	16	15	16	16	15
LOC_415	14	14	14	14	14	14	14	14
LOC_416	17	17	18	18	18	17	17	17
LOC_417	9	14	14	14	14	14	14	14
LOC_418	14	14	14	14	15	14	14	14
LOC_419	15	15	15	15	14	11	11	15
LOC_420	13	13	13	13	13	12	14	13
LOC_421	17	17	19	19	17	18	17	17
LOC_422	23	23	24	25	23	23	22	23
LOC_423	9	9	9	9	9	9	9	9
LOC_424	20	20	20	21	20	20	20	20
LOC_425	16	16	16	16	16	16	16	16
LOC_426	17	17	17	17	17	22	23	17
LOC_427	23	21	21	21	20	20	20	20
LOC_428	16	16	16	16	16	16	16	16
LOC_429	19	19	17	17	18	18	18	19
LOC_430	19	25	19	19	21	19	19	19
LOC_431	19	18	19	18	18	18	18	19
LOC_432	14	13	13	13	13	13	13	14
LOC_433	23	25	27	25	22	22	21	23
LOC_434	19	18	19	20	18	18	18	19
LOC_435	25	25	26	26	26	27	26	25
LOC_436	25	23	22	23	23	24	23	24
LOC_437	21	21	22	22	28	27	26	22
LOC_438	23	22	22	22	22	26	22	23
LOC_439	16	16	18	17	16	16	16	16
LOC_440	20	20	18	19	20	20	20	20
LOC_441	16	12	15	16	13	13	13	16
LOC_442	23	24	23	23	26	28	27	22
LOC_443	18	18	18	18	18	19	18	18
LOC_444	19	22	20	22	22	23	22	20
LOC_445	25	23	21	21	23	24	22	22
LOC_446	18	19	18	18	18	19	20	18
LOC_447	19	18	18	18	19	19	19	18
LOC_448	28	27	28	27	24	24	24	28
LOC_449	18	18	17	17	17	17	17	17
LOC_450	20	21	22	22	21	21	21	20
LOC_451	14	18	15	15	19	18	18	14
LOC_452	19	19	19	19	19	19	19	19
LOC_453	18	18	18	18	18	21	18	18
LOC_454	21	22	20	20	24	23	23	21
LOC_455	17	16	16	16	16	17	16	16
LOC_456	15	15	15	15	15	15	15	15
LOC_457	22	21	20	20	21	21	23	22
LOC_458	17	16	16	16	17	17	17	16
LOC_459	7	7	7	7	7	7	7	7
LOC_460	18	18	18	18	17	22	21	18
LOC_461	13	14	14	13	14	14	16	14
LOC_462	21	20	20	20	21	21	21	21
LOC_463	27	27	28	27	26	28	26	25
LOC_464	18	19	17	17	19	18	19	18
LOC_465	25	26	26	27	27	26	27	25
LOC_466	23	25	27	27	25	24	24	24
LOC_467	19	21	20	19	19	20	19	19
LOC_468	14	15	15	15	15	15	15	14
LOC_469	23	23	23	25	26	25	24	23
LOC_470	23	23	23	26	25	25	25	23
LOC_471	19	19	19	19	19	16	17	19
LOC_472	16	16	16	16	14	14	14	16
LOC_473	21	23	22	21	22	23	23	21
LOC_474	15	15	15	15	15	15	15	15
LOC_475	16	16	16	16	17	16	15	16
LOC_476	17	17	16	16	17	19	17	16
LOC_477	19	20	20	20	17	20	19	19
LOC_478	17	16	16	16	17	15	15	16
LOC_479	17	17	17	17	18	17	17	17
LOC_480	17	17	18	18	17	17	17	17
LOC_481	16	16	16	16	15	14	16	16
LOC_482	17	17	17	17	17	16	17	17
LOC_483	23	25	24	25	26	26	25	24
LOC_484	24	26	24	23	27	26	26	25
LOC_485	16	17	16	17	17	17	17	17
LOC_486	24	23	23	23	22	21	22	23
LOC_487	17	17	16	16	17	16	17	17
LOC_488	23	23	23	24	23	23	23	23
LOC_489	18	18	19	18	17	17	17	18
LOC_490	14	16	15	15	16	15	15	14
LOC_491	21	22	21	21	21	21	21	21
LOC_492	20	20	19	19	21	23	24	20
LOC_493	28	28	28	27	28	23	25	27
LOC_494	16	16	17	18	18	17	17	17
LOC_495	25	22	22	22	22	21	22	23
LOC_496	21	23	25	25	22	23	22	22
LOC_497	21	18	18	18	18	21	23	20
LOC_498	8	10	8	9	10	10	10	8
LOC_499	21	21	22	22	21	23	24	21
LOC_500	19	20	20	22	20	21	19	19
LOC_501	16	17	17	17	18	17	17	17
LOC_502	24	28	27	27	30	30	29	27
LOC_503	7	7	7	7	7	7	7	7
LOC_504	15	15	16	16	15	15	15	15
LOC_505	21	21	21	21	22	22	22	21
LOC_506	14	14	14	14	14	14	14	14
LOC_507	14	14	14	14	16	15	14	14
LOC_508	18	18	18	18	17	17	17	18
LOC_509	19	20	18	18	22	21	21	19
LOC_510	20	20	19	21	20	20	20	20
LOC_511	20	20	20	20	20	20	20	20
LOC_512	23	25	26	24	25	26	26	23
