names	Run1_C_6	Run1_C_10	Run1_C_13	Run1_C_15	Run1_C_16	Run1_C_17	Run1_C_18	Run1_C_19	Run1_C_20	Run1_C_21	Run1_C_23	Run1_C_25	Run1_C_26	Run1_C_27	root
LOC_1	20	19	19	20	19	19	19	19	18	18	19	20	20	20	19
LOC_2	21	20	20	18	18	18	20	20	20	21	21	22	24	23	20
LOC_3	7	9	8	8	8	8	7	7	7	7	7	7	7	7	7
LOC_4	9	7	7	7	7	7	7	7	9	9	7	7	7	7	7
LOC_5	7	7	7	7	7	7	8	8	7	7	7	7	7	7	7
LOC_6	17	16	16	16	16	16	16	16	17	18	16	16	16	16	16
LOC_7	13	14	16	16	16	16	13	13	13	13	13	13	13	13	13
LOC_8	21	22	21	21	21	21	21	21	21	21	21	21	23	21	22
LOC_9	15	15	15	15	15	15	15	15	15	15	15	16	16	15	15
LOC_10	17	17	17	17	17	17	17	15	17	18	17	17	16	16	17
LOC_11	22	21	23	23	24	21	22	21	23	23	22	23	25	23	23
LOC_12	19	20	20	17	17	17	20	20	18	18	17	17	17	17	17
LOC_13	17	16	17	16	17	17	17	17	19	18	17	17	17	17	17
LOC_14	21	18	18	18	17	18	22	21	18	18	21	18	18	18	18
LOC_15	26	26	27	26	25	26	25	25	27	28	26	25	24	25	27
LOC_16	14	14	14	14	13	13	14	13	14	14	16	14	14	14	14
LOC_17	15	17	17	17	17	18	16	17	15	15	15	15	15	15	15
LOC_18	23	25	23	23	22	23	23	23	23	23	23	22	22	20	23
LOC_19	23	25	26	25	25	26	24	24	22	23	24	24	23	23	22
LOC_20	15	16	16	16	16	16	18	16	15	15	15	15	19	15	15
LOC_21	13	13	13	13	13	13	13	13	14	14	13	13	13	13	13
LOC_22	22	22	22	21	20	20	19	22	23	23	22	21	21	22	21
LOC_23	17	16	16	16	16	16	17	17	18	18	16	16	16	16	16
LOC_24	24	22	21	20	20	20	22	24	23	23	24	21	19	20	23
LOC_25	24	22	23	22	21	21	22	23	21	21	22	22	23	22	22
LOC_26	15	14	14	16	18	17	14	15	15	15	15	16	16	16	15
LOC_27	15	16	16	16	16	16	16	16	16	15	17	18	18	18	17
LOC_28	23	22	23	24	23	22	21	21	22	23	21	21	23	21	21
LOC_29	26	26	24	23	23	22	24	24	26	27	25	25	25	24	25
LOC_30	21	21	21	22	21	24	20	20	20	20	20	20	20	21	19
LOC_31	25	28	30	29	29	28	27	26	25	26	26	26	27	25	26
LOC_32	19	22	21	22	21	23	23	21	20	20	19	18	19	19	20
