names	Run1_C_3	Run1_C_5	Run1_C_6	Run1_C_7	root
LOC_1	21	20	20	20	19
LOC_2	20	21	22	22	20
LOC_3	7	7	7	7	7
LOC_4	7	7	7	7	7
LOC_5	7	6	6	6	7
LOC_6	16	16	17	18	16
LOC_7	13	13	14	15	13
LOC_8	22	22	21	22	22
LOC_9	15	15	15	15	15
LOC_10	18	18	17	17	17
LOC_11	23	27	26	27	23
LOC_12	17	17	17	17	17
LOC_13	17	20	18	18	17
LOC_14	18	18	18	18	18
LOC_15	27	24	25	25	27
LOC_16	13	14	14	14	14
LOC_17	18	16	16	16	15
LOC_18	23	24	24	24	23
LOC_19	22	22	20	20	22
LOC_20	15	15	22	16	15
LOC_21	13	13	13	13	13
LOC_22	21	20	20	19	21
LOC_23	15	16	15	15	16
LOC_24	23	23	23	23	23
LOC_25	21	21	24	22	22
LOC_26	15	15	15	15	15
LOC_27	17	16	17	17	17
LOC_28	21	20	19	19	21
LOC_29	28	24	25	25	25
LOC_30	21	19	17	17	19
LOC_31	27	25	26	26	26
LOC_32	20	20	19	21	20
