names	Run1_C_4	Run1_C_5	Run1_C_6	Run1_C_7	root
LOC_1	19	19	19	19	19
LOC_2	21	21	21	20	20
LOC_3	7	7	8	7	7
LOC_4	7	7	7	7	7
LOC_5	7	7	6	7	7
LOC_6	16	16	16	16	16
LOC_7	14	13	13	13	13
LOC_8	22	22	22	22	22
LOC_9	15	15	15	15	15
LOC_10	18	17	17	17	17
LOC_11	24	25	23	23	23
LOC_12	17	17	17	17	17
LOC_13	17	17	17	17	17
LOC_14	18	17	18	18	18
LOC_15	26	26	27	28	27
LOC_16	14	14	14	14	14
LOC_17	15	15	15	15	15
LOC_18	22	23	23	24	23
LOC_19	23	23	24	23	22
LOC_20	16	16	15	15	15
LOC_21	13	13	13	13	13
LOC_22	21	19	21	21	21
LOC_23	15	15	16	16	16
LOC_24	23	23	24	23	23
LOC_25	22	22	23	24	22
LOC_26	16	15	15	15	15
LOC_27	17	17	18	17	17
LOC_28	21	22	21	22	21
LOC_29	26	25	23	22	25
LOC_30	19	21	17	18	19
LOC_31	27	27	26	26	26
LOC_32	20	20	20	19	20
LOC_33	15	15	15	15	15
LOC_34	14	14	14	14	14
LOC_35	18	19	17	19	19
LOC_36	20	20	20	20	20
LOC_37	22	22	20	20	21
LOC_38	12	12	15	15	16
LOC_39	21	22	20	20	20
LOC_40	15	14	14	14	14
LOC_41	21	22	21	23	21
LOC_42	20	22	21	22	21
LOC_43	19	18	17	19	18
LOC_44	18	18	19	19	18
LOC_45	18	18	18	18	18
LOC_46	20	20	20	21	20
LOC_47	13	13	15	13	15
LOC_48	17	17	19	19	17
LOC_49	14	16	15	15	15
LOC_50	16	16	15	16	16
LOC_51	20	20	22	22	20
LOC_52	19	19	21	20	19
LOC_53	23	21	23	23	23
LOC_54	20	20	20	20	20
LOC_55	20	20	20	20	20
LOC_56	17	20	19	20	19
LOC_57	23	25	23	23	23
LOC_58	21	21	21	21	21
LOC_59	9	9	9	9	9
LOC_60	20	21	21	20	20
LOC_61	25	25	27	26	24
LOC_62	19	18	18	18	18
LOC_63	17	17	17	17	17
LOC_64	17	17	17	17	17
LOC_65	17	17	17	15	17
LOC_66	17	20	22	20	21
LOC_67	22	22	23	23	22
LOC_68	15	15	16	16	16
LOC_69	22	22	22	21	21
LOC_70	23	23	22	23	23
LOC_71	17	19	17	17	16
LOC_72	21	20	20	18	20
LOC_73	18	18	19	19	19
LOC_74	22	23	21	22	22
LOC_75	24	23	23	23	23
LOC_76	21	21	21	21	21
LOC_77	14	14	14	14	14
LOC_78	23	23	23	23	22
LOC_79	15	17	15	15	15
LOC_80	26	23	22	24	24
LOC_81	17	18	16	16	16
LOC_82	20	20	19	18	20
LOC_83	18	19	18	19	18
LOC_84	17	16	16	16	16
LOC_85	21	20	21	21	21
LOC_86	16	16	16	19	16
LOC_87	20	19	20	19	20
LOC_88	21	23	23	23	22
LOC_89	26	26	26	26	26
LOC_90	20	20	16	20	20
LOC_91	16	16	14	14	17
LOC_92	19	19	19	19	19
LOC_93	13	13	12	12	12
LOC_94	15	15	16	16	15
LOC_95	13	13	13	13	13
LOC_96	20	20	21	20	20
LOC_97	21	20	20	20	20
LOC_98	18	18	15	15	15
LOC_99	17	17	17	18	16
LOC_100	14	14	14	14	14
LOC_101	20	21	23	22	21
LOC_102	17	18	19	19	19
LOC_103	14	14	14	16	14
LOC_104	22	22	20	22	21
LOC_105	13	13	16	16	16
LOC_106	27	26	29	28	28
LOC_107	15	15	15	15	15
LOC_108	23	21	23	22	23
LOC_109	14	14	14	14	14
LOC_110	16	16	16	16	16
LOC_111	15	15	15	15	15
LOC_112	21	22	21	21	21
LOC_113	14	14	14	14	14
LOC_114	17	17	17	17	17
LOC_115	14	14	14	14	14
LOC_116	16	16	14	14	14
LOC_117	19	19	19	19	19
LOC_118	17	16	16	17	16
LOC_119	23	23	22	22	23
LOC_120	18	17	18	19	18
LOC_121	21	21	18	18	18
LOC_122	19	19	19	20	19
LOC_123	23	23	24	24	24
LOC_124	22	22	22	22	22
LOC_125	27	27	27	26	27
LOC_126	14	14	14	12	14
LOC_127	22	22	23	23	22
LOC_128	20	20	20	21	20
LOC_129	19	19	21	19	19
LOC_130	24	24	23	25	24
LOC_131	16	15	15	15	15
LOC_132	21	23	19	19	21
LOC_133	23	24	23	22	22
LOC_134	23	20	25	25	23
LOC_135	14	14	14	14	14
LOC_136	15	15	15	15	15
LOC_137	24	25	23	23	24
LOC_138	21	21	21	21	21
LOC_139	17	17	16	16	17
LOC_140	17	17	17	17	17
LOC_141	15	15	15	17	15
LOC_142	28	29	28	26	27
LOC_143	21	23	19	19	21
LOC_144	16	17	16	16	16
LOC_145	20	20	21	20	20
LOC_146	20	19	20	20	20
LOC_147	21	21	22	20	21
LOC_148	14	14	14	14	14
LOC_149	18	18	19	19	18
LOC_150	15	18	15	15	15
LOC_151	16	16	16	16	16
LOC_152	20	20	20	20	20
LOC_153	19	19	20	20	20
LOC_154	19	19	18	18	18
LOC_155	21	22	21	20	21
LOC_156	17	18	17	17	17
LOC_157	18	21	17	18	17
LOC_158	22	22	23	23	22
LOC_159	13	15	14	14	15
LOC_160	21	21	19	19	19
LOC_161	21	21	20	20	21
LOC_162	20	20	19	20	20
LOC_163	18	18	18	18	18
LOC_164	20	20	20	20	20
LOC_165	15	15	15	16	15
LOC_166	17	17	17	17	17
LOC_167	16	16	16	16	16
LOC_168	30	30	28	28	28
LOC_169	23	22	23	22	23
LOC_170	20	15	21	19	19
LOC_171	23	23	23	23	23
LOC_172	23	23	25	24	22
LOC_173	16	15	16	15	16
LOC_174	25	25	22	21	22
LOC_175	26	24	27	27	27
LOC_176	14	14	14	15	14
LOC_177	24	24	26	27	24
LOC_178	23	23	22	21	23
LOC_179	25	26	22	22	23
LOC_180	22	20	23	24	22
LOC_181	18	18	17	18	18
LOC_182	23	24	22	21	23
LOC_183	24	22	25	28	25
LOC_184	18	15	16	16	16
LOC_185	20	20	19	18	20
LOC_186	16	16	16	16	16
LOC_187	21	21	22	21	21
LOC_188	25	26	25	25	25
LOC_189	14	14	14	14	14
LOC_190	21	19	23	23	22
LOC_191	16	16	17	17	17
LOC_192	20	21	21	22	21
LOC_193	15	15	15	15	15
LOC_194	18	18	18	18	18
LOC_195	19	19	19	18	18
LOC_196	25	25	23	22	22
LOC_197	21	22	22	21	21
LOC_198	29	30	26	27	27
LOC_199	14	14	15	15	14
LOC_200	19	19	23	23	23
LOC_201	24	24	23	22	24
LOC_202	18	18	17	17	17
LOC_203	18	18	18	18	18
LOC_204	17	18	16	15	18
LOC_205	14	14	14	14	14
LOC_206	20	20	21	21	20
LOC_207	15	15	14	14	14
LOC_208	14	13	14	14	14
LOC_209	17	17	17	17	17
LOC_210	21	21	22	21	22
LOC_211	25	25	25	25	24
LOC_212	25	24	22	23	24
LOC_213	19	19	19	19	19
LOC_214	17	17	18	19	17
LOC_215	15	15	16	16	16
LOC_216	20	20	20	20	20
LOC_217	27	27	25	25	25
LOC_218	17	17	17	17	17
LOC_219	15	15	15	15	15
LOC_220	18	18	20	17	18
LOC_221	20	23	25	26	24
LOC_222	27	29	30	31	28
LOC_223	14	14	14	15	14
LOC_224	16	16	14	16	16
LOC_225	21	21	21	21	21
LOC_226	15	16	16	16	16
LOC_227	8	8	7	7	7
LOC_228	16	16	16	16	16
LOC_229	17	17	17	17	17
LOC_230	17	18	19	19	19
LOC_231	19	19	20	19	19
LOC_232	18	19	18	18	18
LOC_233	15	15	15	15	15
LOC_234	15	15	15	15	15
LOC_235	22	22	21	22	22
LOC_236	17	18	17	17	17
LOC_237	19	19	20	20	20
LOC_238	21	21	23	22	21
LOC_239	23	22	21	21	22
LOC_240	14	14	14	14	14
LOC_241	18	19	18	19	18
LOC_242	18	18	17	17	17
LOC_243	19	19	20	21	19
LOC_244	14	14	14	14	14
LOC_245	25	26	22	22	24
LOC_246	24	24	23	24	24
LOC_247	16	16	16	16	16
LOC_248	18	18	20	18	18
LOC_249	23	23	23	23	24
LOC_250	26	26	27	27	27
LOC_251	19	17	17	17	17
LOC_252	26	25	21	21	22
LOC_253	14	14	14	14	14
LOC_254	16	16	16	16	16
LOC_255	23	23	23	23	23
LOC_256	21	19	18	19	19
LOC_257	20	20	20	20	20
LOC_258	14	14	13	13	13
LOC_259	20	20	19	19	20
LOC_260	21	22	22	22	22
LOC_261	14	15	15	15	15
LOC_262	13	13	13	13	13
LOC_263	16	16	16	17	16
LOC_264	21	22	22	24	22
LOC_265	24	23	23	24	24
LOC_266	18	18	19	20	19
LOC_267	18	19	18	18	18
LOC_268	17	16	17	17	17
LOC_269	18	16	14	14	16
LOC_270	18	18	21	20	19
LOC_271	26	25	24	24	24
LOC_272	22	22	22	24	23
LOC_273	25	25	24	24	24
LOC_274	22	22	22	23	22
LOC_275	12	15	15	15	15
LOC_276	20	21	20	20	20
LOC_277	14	12	14	14	14
LOC_278	14	16	14	14	14
LOC_279	15	15	15	15	15
LOC_280	20	20	19	21	20
LOC_281	18	19	20	20	20
LOC_282	15	15	15	15	15
LOC_283	14	14	14	14	14
LOC_284	14	14	14	14	14
LOC_285	30	32	28	29	29
LOC_286	17	18	18	18	18
LOC_287	25	28	28	30	28
LOC_288	17	17	18	18	17
LOC_289	15	15	17	17	15
LOC_290	18	20	18	17	19
LOC_291	19	18	18	18	18
LOC_292	20	19	19	19	19
LOC_293	15	15	15	15	15
LOC_294	24	28	19	24	25
LOC_295	18	19	18	18	18
LOC_296	14	14	14	14	14
LOC_297	16	16	15	15	15
LOC_298	17	17	17	17	17
LOC_299	16	15	16	16	16
LOC_300	17	17	16	17	17
LOC_301	20	20	20	20	20
LOC_302	24	24	25	25	24
LOC_303	18	18	18	18	18
LOC_304	14	14	14	15	14
LOC_305	17	17	17	17	17
LOC_306	26	24	26	26	26
LOC_307	23	23	21	22	22
LOC_308	24	24	23	22	22
LOC_309	21	21	24	22	22
LOC_310	15	14	15	15	15
LOC_311	17	19	18	20	18
LOC_312	18	17	18	18	18
LOC_313	16	16	16	16	16
LOC_314	15	15	15	15	15
LOC_315	15	15	15	16	15
LOC_316	30	28	27	26	26
LOC_317	21	21	21	21	21
LOC_318	22	22	23	23	22
LOC_319	19	20	22	22	22
LOC_320	22	21	21	21	21
LOC_321	16	17	16	16	16
LOC_322	12	12	12	12	12
LOC_323	14	14	14	14	14
LOC_324	21	25	21	21	21
LOC_325	16	16	16	16	16
LOC_326	16	16	15	15	16
LOC_327	15	15	15	15	15
LOC_328	20	20	20	20	20
LOC_329	24	22	23	24	23
LOC_330	22	22	22	21	22
LOC_331	23	23	22	23	23
LOC_332	16	15	15	15	15
LOC_333	14	14	14	14	14
LOC_334	19	19	20	19	19
LOC_335	25	26	22	23	23
LOC_336	24	25	25	27	24
LOC_337	21	21	20	19	20
LOC_338	20	20	19	19	19
LOC_339	18	17	18	18	17
LOC_340	13	13	13	14	13
LOC_341	20	19	20	20	20
LOC_342	14	14	14	14	14
LOC_343	18	18	20	21	20
LOC_344	17	17	18	18	17
LOC_345	15	15	15	15	15
LOC_346	23	23	22	25	23
LOC_347	20	20	20	20	20
LOC_348	19	20	20	24	20
LOC_349	15	15	15	15	15
LOC_350	17	18	17	17	17
LOC_351	26	28	26	27	26
LOC_352	20	18	20	17	20
LOC_353	18	18	18	18	18
LOC_354	15	15	15	15	15
LOC_355	14	14	14	14	14
LOC_356	17	17	17	17	17
LOC_357	16	16	17	17	16
LOC_358	9	9	7	7	7
LOC_359	17	19	19	21	19
LOC_360	25	24	23	23	24
LOC_361	21	21	21	21	21
LOC_362	22	22	21	22	22
LOC_363	8	8	7	7	8
LOC_364	14	14	16	16	14
LOC_365	25	26	26	25	25
LOC_366	17	18	17	17	17
LOC_367	16	16	17	17	16
LOC_368	22	23	24	20	24
LOC_369	25	27	25	29	28
LOC_370	18	18	18	18	18
LOC_371	21	23	21	21	23
LOC_372	21	23	21	21	21
LOC_373	14	14	14	14	14
LOC_374	15	15	15	15	15
LOC_375	18	18	18	18	18
LOC_376	25	24	20	20	20
LOC_377	23	22	23	23	23
LOC_378	23	23	23	24	23
LOC_379	18	18	18	18	18
LOC_380	17	18	18	18	18
LOC_381	15	15	14	14	14
LOC_382	18	17	18	18	18
LOC_383	16	17	16	16	17
LOC_384	14	14	14	14	14
LOC_385	18	22	18	18	18
LOC_386	19	19	18	18	19
LOC_387	18	17	17	18	17
LOC_388	27	26	27	28	28
LOC_389	17	17	18	18	18
LOC_390	7	7	7	7	7
LOC_391	22	22	22	22	22
LOC_392	21	21	22	22	22
LOC_393	15	15	15	15	15
LOC_394	14	15	18	17	16
LOC_395	20	20	21	20	20
LOC_396	18	18	17	17	17
LOC_397	19	19	19	19	19
LOC_398	17	17	17	17	17
LOC_399	28	30	27	28	29
LOC_400	15	15	15	15	15
LOC_401	13	13	13	15	13
LOC_402	15	14	14	14	14
LOC_403	14	14	14	14	14
LOC_404	11	12	10	10	10
LOC_405	17	16	16	16	16
LOC_406	19	22	19	19	19
LOC_407	17	17	17	17	17
LOC_408	14	14	14	14	14
LOC_409	17	16	15	15	15
LOC_410	16	17	17	17	16
LOC_411	14	14	14	14	14
LOC_412	20	17	19	19	19
LOC_413	19	20	20	19	20
LOC_414	15	15	15	15	15
LOC_415	14	15	15	14	14
LOC_416	18	18	17	17	17
LOC_417	14	14	14	14	14
LOC_418	14	14	14	14	14
LOC_419	15	15	15	15	15
LOC_420	13	13	12	13	13
LOC_421	17	17	17	17	17
LOC_422	24	24	24	23	23
LOC_423	9	9	9	9	9
LOC_424	20	20	22	21	20
LOC_425	16	18	16	16	16
LOC_426	16	17	17	17	17
LOC_427	19	20	21	21	20
LOC_428	17	16	17	16	16
LOC_429	19	19	20	19	19
LOC_430	19	19	20	20	19
LOC_431	18	20	19	19	19
LOC_432	14	14	12	14	14
LOC_433	23	23	22	24	23
LOC_434	18	19	19	19	19
LOC_435	25	25	22	22	25
LOC_436	24	24	24	24	24
LOC_437	23	23	23	21	22
LOC_438	22	22	23	21	23
LOC_439	16	17	16	16	16
LOC_440	21	21	20	20	20
LOC_441	15	16	16	16	16
LOC_442	23	22	22	22	22
LOC_443	18	18	18	18	18
LOC_444	20	20	21	21	20
LOC_445	20	21	22	21	22
LOC_446	18	18	18	18	18
LOC_447	18	18	19	18	18
LOC_448	26	23	27	26	28
LOC_449	17	17	17	18	17
LOC_450	20	23	22	19	20
LOC_451	10	14	13	13	14
LOC_452	22	22	19	21	19
LOC_453	18	18	17	17	18
LOC_454	21	21	21	21	21
LOC_455	17	17	16	16	16
LOC_456	15	15	15	15	15
LOC_457	21	21	23	22	22
LOC_458	15	15	16	15	16
LOC_459	7	7	8	7	7
LOC_460	18	18	18	18	18
LOC_461	14	15	14	15	14
LOC_462	20	21	19	21	21
LOC_463	25	23	23	25	25
LOC_464	19	19	17	18	18
LOC_465	23	20	26	24	25
LOC_466	25	22	25	25	24
LOC_467	20	20	19	19	19
LOC_468	14	15	14	14	14
LOC_469	24	26	22	22	23
LOC_470	23	23	22	25	23
LOC_471	19	19	19	18	19
LOC_472	16	16	16	16	16
LOC_473	21	21	22	24	21
LOC_474	17	17	15	15	15
LOC_475	16	16	16	15	16
LOC_476	16	16	16	16	16
LOC_477	19	19	19	19	19
LOC_478	16	16	16	16	16
LOC_479	17	17	17	17	17
LOC_480	17	17	17	17	17
LOC_481	13	15	16	16	16
LOC_482	18	18	16	17	17
LOC_483	24	26	23	24	24
LOC_484	25	23	25	24	25
LOC_485	17	17	17	17	17
LOC_486	23	26	23	23	23
LOC_487	17	17	16	16	17
LOC_488	24	23	23	23	23
LOC_489	18	18	18	18	18
LOC_490	14	14	14	14	14
LOC_491	22	20	21	23	21
LOC_492	21	20	20	19	20
LOC_493	26	26	28	28	27
LOC_494	18	17	17	17	17
LOC_495	22	23	23	23	23
LOC_496	22	22	22	25	22
LOC_497	20	20	21	23	20
LOC_498	9	8	8	8	8
LOC_499	22	21	22	21	21
LOC_500	19	19	20	20	19
LOC_501	17	16	17	17	17
LOC_502	25	25	29	30	27
LOC_503	7	7	7	7	7
LOC_504	18	17	15	15	15
LOC_505	21	21	21	21	21
LOC_506	16	14	14	14	14
LOC_507	15	14	14	14	14
LOC_508	18	18	20	20	18
LOC_509	19	17	19	19	19
LOC_510	20	20	20	20	20
LOC_511	21	21	20	20	20
LOC_512	21	22	23	23	23
LOC_513	16	15	17	17	16
LOC_514	14	14	14	14	14
LOC_515	19	18	18	18	18
LOC_516	18	18	18	19	18
LOC_517	19	19	18	18	19
LOC_518	21	21	22	22	21
LOC_519	18	18	17	17	17
LOC_520	20	21	20	21	20
LOC_521	16	16	15	16	16
LOC_522	19	18	17	17	19
LOC_523	19	19	18	17	18
LOC_524	23	23	22	22	22
LOC_525	18	18	18	18	18
LOC_526	14	14	13	13	14
LOC_527	19	18	18	18	18
LOC_528	17	17	18	18	18
LOC_529	16	18	15	15	16
LOC_530	14	14	14	14	14
LOC_531	22	22	22	22	22
LOC_532	17	15	16	15	16
LOC_533	19	19	18	20	19
LOC_534	18	18	18	18	18
LOC_535	19	19	20	20	20
LOC_536	16	16	16	17	16
LOC_537	22	21	19	21	21
LOC_538	21	22	20	21	21
LOC_539	29	33	32	32	30
LOC_540	27	27	27	26	27
LOC_541	16	16	15	17	14
LOC_542	17	17	18	17	17
LOC_543	20	20	21	20	20
LOC_544	12	12	12	12	12
LOC_545	17	17	18	17	17
LOC_546	20	19	18	18	18
LOC_547	22	22	22	21	22
LOC_548	29	27	27	29	28
LOC_549	16	16	17	16	16
LOC_550	24	25	24	23	24
LOC_551	15	17	15	15	15
LOC_552	16	16	16	16	16
LOC_553	19	19	20	19	18
LOC_554	14	14	12	14	14
LOC_555	21	21	21	21	22
LOC_556	17	17	17	16	17
LOC_557	21	20	21	21	21
LOC_558	18	18	18	18	18
LOC_559	16	16	16	17	16
LOC_560	21	21	21	21	21
LOC_561	24	25	24	23	24
LOC_562	21	26	21	23	22
LOC_563	26	26	27	27	27
LOC_564	19	19	18	18	18
LOC_565	20	20	20	20	19
LOC_566	16	15	15	17	15
LOC_567	23	24	22	22	23
LOC_568	18	18	18	19	18
LOC_569	17	17	17	17	17
LOC_570	17	21	19	19	19
LOC_571	17	17	17	17	17
LOC_572	17	17	16	16	17
LOC_573	19	19	19	19	19
LOC_574	20	20	22	23	21
LOC_575	19	19	17	17	17
LOC_576	18	18	18	17	18
LOC_577	12	12	12	12	12
LOC_578	14	14	14	14	14
LOC_579	20	20	20	19	20
LOC_580	14	14	14	14	14
LOC_581	19	19	17	18	18
LOC_582	18	18	18	18	18
LOC_583	14	14	14	14	14
LOC_584	20	19	19	19	20
LOC_585	17	14	14	13	14
LOC_586	21	20	23	24	20
LOC_587	12	12	12	14	12
LOC_588	27	28	27	28	28
LOC_589	8	8	8	8	8
LOC_590	14	14	14	14	14
LOC_591	17	17	17	17	17
LOC_592	12	12	11	11	11
LOC_593	14	14	15	14	14
LOC_594	26	25	25	25	26
LOC_595	18	18	18	21	18
LOC_596	26	29	24	23	26
LOC_597	20	20	20	23	20
LOC_598	21	22	21	22	21
LOC_599	25	25	27	28	29
LOC_600	24	24	27	28	26
LOC_601	14	15	14	14	14
LOC_602	14	14	14	14	14
LOC_603	18	19	17	17	17
LOC_604	26	26	24	24	26
LOC_605	23	22	23	23	23
LOC_606	15	16	14	14	14
LOC_607	20	19	17	19	19
LOC_608	22	21	24	23	24
LOC_609	30	29	28	31	30
LOC_610	16	16	16	17	16
LOC_611	22	22	22	24	22
LOC_612	15	14	14	15	15
LOC_613	26	26	25	26	27
LOC_614	31	30	25	28	29
LOC_615	19	19	16	16	18
LOC_616	22	22	22	22	22
LOC_617	29	28	29	28	29
LOC_618	18	17	20	19	19
LOC_619	22	22	24	22	21
LOC_620	24	24	23	24	24
LOC_621	24	25	25	25	25
LOC_622	23	23	23	23	23
LOC_623	23	23	24	23	23
LOC_624	20	20	20	20	20
LOC_625	14	14	14	13	14
LOC_626	16	16	16	16	16
LOC_627	14	14	14	14	14
LOC_628	17	17	17	17	17
LOC_629	22	22	21	20	20
LOC_630	18	16	17	17	16
LOC_631	19	19	19	19	19
LOC_632	16	16	16	16	16
LOC_633	22	20	21	21	20
LOC_634	21	22	21	22	22
LOC_635	17	18	18	19	18
LOC_636	17	17	17	17	17
LOC_637	15	15	15	15	15
LOC_638	18	18	18	18	18
LOC_639	23	24	24	24	24
LOC_640	20	21	19	20	20
LOC_641	21	20	20	20	20
LOC_642	29	29	28	29	28
LOC_643	21	21	22	22	22
LOC_644	21	22	22	22	22
LOC_645	17	18	18	18	18
LOC_646	16	16	16	16	16
LOC_647	14	14	14	14	14
LOC_648	15	15	15	15	15
LOC_649	16	16	17	17	17
LOC_650	20	22	23	23	24
LOC_651	15	15	14	15	15
LOC_652	16	16	16	16	16
LOC_653	25	25	24	24	24
LOC_654	22	21	20	20	21
LOC_655	24	24	24	24	24
LOC_656	18	15	15	15	15
LOC_657	14	14	16	16	16
LOC_658	24	24	27	25	25
LOC_659	18	18	17	17	18
LOC_660	16	16	16	16	16
LOC_661	9	9	9	9	9
LOC_662	16	16	16	16	16
LOC_663	19	19	18	16	18
LOC_664	25	24	28	30	26
LOC_665	12	12	12	12	12
LOC_666	24	24	23	23	23
LOC_667	18	17	16	16	17
LOC_668	20	21	20	20	20
LOC_669	21	21	25	25	23
LOC_670	14	13	14	14	14
LOC_671	16	16	16	16	16
LOC_672	21	23	22	22	21
LOC_673	22	21	23	23	21
LOC_674	22	21	21	21	21
LOC_675	18	18	17	18	18
LOC_676	20	20	20	20	20
LOC_677	16	16	16	16	16
LOC_678	19	19	21	20	20
LOC_679	16	16	15	15	15
LOC_680	20	18	18	18	18
LOC_681	16	16	16	16	16
LOC_682	15	15	14	14	14
LOC_683	21	21	20	21	22
LOC_684	28	30	29	28	28
LOC_685	23	23	22	25	23
LOC_686	17	17	17	17	17
LOC_687	21	21	21	22	21
LOC_688	25	24	25	25	24
LOC_689	24	23	20	20	23
LOC_690	22	22	22	22	21
LOC_691	20	20	20	20	20
LOC_692	19	20	19	19	19
LOC_693	19	19	20	19	19
LOC_694	16	16	16	16	16
LOC_695	18	17	18	18	17
LOC_696	23	22	24	22	23
LOC_697	23	22	22	22	22
LOC_698	29	27	29	31	28
LOC_699	15	15	15	14	15
LOC_700	17	17	17	17	17
LOC_701	15	16	15	16	16
LOC_702	22	22	21	21	21
LOC_703	29	29	27	31	29
LOC_704	31	33	29	27	28
LOC_705	20	19	18	18	19
LOC_706	21	21	21	21	21
LOC_707	18	18	18	16	18
LOC_708	30	29	28	30	30
LOC_709	30	30	28	30	29
LOC_710	20	21	20	20	20
LOC_711	12	12	12	12	12
LOC_712	26	23	22	23	23
LOC_713	23	25	22	22	23
LOC_714	15	15	15	15	15
LOC_715	18	17	15	15	16
LOC_716	27	28	27	27	28
LOC_717	30	33	32	31	30
LOC_718	18	18	17	17	17
LOC_719	27	28	28	31	29
LOC_720	28	31	30	30	30
LOC_721	28	29	28	27	28
LOC_722	16	16	16	16	16
LOC_723	21	21	22	21	21
LOC_724	30	31	29	23	28
LOC_725	16	18	19	20	19
LOC_726	24	25	25	23	23
LOC_727	22	21	21	22	21
LOC_728	18	17	20	18	18
LOC_729	30	29	25	28	27
LOC_730	28	28	28	26	30
LOC_731	24	24	26	26	27
LOC_732	16	16	17	17	17
LOC_733	22	22	22	23	22
LOC_734	26	24	25	26	27
LOC_735	30	28	27	28	28
LOC_736	20	21	21	20	20
LOC_737	20	20	18	17	17
LOC_738	26	26	26	28	27
LOC_739	16	16	16	16	16
LOC_740	21	21	21	21	21
LOC_741	27	25	25	23	25
LOC_742	21	21	25	22	22
LOC_743	20	20	22	20	20
LOC_744	14	17	14	14	14
LOC_745	16	16	16	16	16
LOC_746	26	27	30	30	28
LOC_747	16	16	17	17	16
LOC_748	15	15	16	16	15
LOC_749	22	22	21	18	21
LOC_750	22	22	20	21	22
LOC_751	18	17	18	18	18
LOC_752	24	25	20	21	23
LOC_753	23	22	21	20	22
LOC_754	27	26	31	30	27
LOC_755	16	19	16	16	16
LOC_756	16	16	16	16	16
LOC_757	16	16	16	16	16
LOC_758	13	13	13	13	13
LOC_759	21	19	19	20	19
LOC_760	15	16	13	13	16
LOC_761	20	20	20	19	20
LOC_762	16	16	16	16	16
LOC_763	26	28	26	28	26
LOC_764	23	22	22	22	22
LOC_765	30	29	27	28	27
LOC_766	15	15	15	17	15
LOC_767	19	18	18	18	18
LOC_768	24	25	26	27	26
LOC_769	24	22	23	23	25
LOC_770	26	25	26	26	26
LOC_771	23	24	23	23	23
LOC_772	20	21	19	21	21
LOC_773	16	16	16	16	16
LOC_774	25	26	26	27	25
LOC_775	20	20	20	20	20
LOC_776	21	21	21	24	21
LOC_777	25	25	27	26	26
LOC_778	16	16	16	16	16
LOC_779	20	20	20	19	20
LOC_780	26	26	24	24	26
LOC_781	25	26	25	26	26
LOC_782	14	15	14	14	14
LOC_783	26	26	26	26	26
LOC_784	25	25	25	26	26
LOC_785	24	24	26	24	24
LOC_786	26	26	26	24	26
LOC_787	21	21	21	21	21
LOC_788	25	27	25	23	26
LOC_789	18	18	18	17	18
LOC_790	25	26	25	24	26
LOC_791	27	27	25	23	26
LOC_792	16	15	17	17	16
LOC_793	19	18	18	18	19
LOC_794	20	22	20	18	20
LOC_795	22	22	20	21	21
LOC_796	18	18	18	18	18
LOC_797	26	26	27	28	27
LOC_798	28	28	28	24	26
LOC_799	28	26	25	25	26
LOC_800	9	9	10	10	9
LOC_801	26	27	27	28	26
LOC_802	28	27	25	26	26
LOC_803	20	20	20	20	20
LOC_804	16	16	16	16	16
LOC_805	16	16	16	14	16
LOC_806	17	17	17	17	17
LOC_807	16	16	14	16	16
LOC_808	18	18	20	20	20
LOC_809	26	26	27	26	26
LOC_810	17	17	17	16	17
LOC_811	19	19	20	20	19
LOC_812	19	19	19	19	19
LOC_813	26	26	24	25	26
LOC_814	27	27	28	25	26
LOC_815	25	25	26	27	26
LOC_816	14	14	16	16	16
LOC_817	23	22	22	21	22
LOC_818	22	24	27	26	25
LOC_819	7	7	7	7	7
LOC_820	16	16	16	16	16
LOC_821	26	25	25	26	28
LOC_822	26	25	24	24	25
LOC_823	15	15	15	15	15
LOC_824	21	21	22	20	21
LOC_825	24	22	25	26	25
LOC_826	17	17	18	18	18
LOC_827	21	21	21	19	21
LOC_828	19	19	19	19	19
LOC_829	15	16	17	17	16
LOC_830	25	26	24	24	25
LOC_831	26	26	25	24	25
LOC_832	16	17	16	17	16
LOC_833	12	12	14	14	14
LOC_834	21	21	21	21	21
LOC_835	24	25	26	26	25
LOC_836	17	16	15	15	15
LOC_837	12	12	12	12	12
LOC_838	24	24	23	25	23
LOC_839	19	19	18	18	18
LOC_840	20	20	22	20	20
LOC_841	14	14	14	14	14
LOC_842	25	25	26	25	25
LOC_843	18	18	17	17	17
LOC_844	28	26	27	26	26
LOC_845	26	26	24	23	25
LOC_846	18	18	18	18	18
LOC_847	26	25	25	25	25
LOC_848	20	19	20	19	19
LOC_849	27	26	24	28	25
LOC_850	17	17	18	17	17
LOC_851	25	25	23	22	23
LOC_852	15	15	15	15	15
LOC_853	24	26	25	23	25
LOC_854	25	27	22	23	25
LOC_855	18	18	17	16	18
LOC_856	26	22	28	30	26
LOC_857	28	29	29	29	29
LOC_858	14	14	14	14	14
LOC_859	14	14	14	14	14
LOC_860	22	22	20	23	22
LOC_861	14	17	17	17	17
LOC_862	15	15	15	15	15
LOC_863	23	20	20	20	20
LOC_864	25	24	25	25	24
LOC_865	27	26	25	25	25
LOC_866	24	24	24	24	25
LOC_867	18	18	18	18	18
LOC_868	27	28	27	26	25
LOC_869	22	21	24	22	21
LOC_870	13	13	14	13	13
LOC_871	14	14	14	15	14
LOC_872	25	24	26	27	25
LOC_873	16	17	17	17	17
LOC_874	22	23	22	24	24
LOC_875	18	18	17	17	18
LOC_876	17	17	14	17	17
LOC_877	25	26	26	26	25
LOC_878	22	26	26	24	25
LOC_879	25	25	24	26	25
LOC_880	28	23	25	23	25
LOC_881	17	17	18	19	17
LOC_882	20	20	22	19	20
LOC_883	27	26	25	26	25
LOC_884	15	15	15	15	15
LOC_885	17	17	20	17	17
LOC_886	25	28	24	24	25
LOC_887	27	24	26	24	25
LOC_888	25	24	25	26	25
LOC_889	24	24	21	22	23
LOC_890	22	22	23	22	22
LOC_891	25	25	26	25	25
LOC_892	21	23	21	20	22
LOC_893	19	19	19	19	19
LOC_894	20	19	17	19	18
LOC_895	24	24	23	26	24
LOC_896	26	27	26	25	25
LOC_897	15	15	17	17	17
LOC_898	24	24	24	25	25
LOC_899	25	25	23	24	25
LOC_900	24	24	23	25	24
LOC_901	26	25	25	24	25
LOC_902	24	23	23	24	23
LOC_903	27	28	28	25	25
LOC_904	16	15	15	15	14
LOC_905	26	25	25	26	25
LOC_906	15	14	15	15	15
LOC_907	18	18	18	18	18
LOC_908	23	21	22	20	22
LOC_909	23	25	26	26	25
LOC_910	17	17	19	19	17
LOC_911	19	19	18	17	19
LOC_912	11	11	11	11	11
LOC_913	18	18	18	19	18
LOC_914	23	25	25	24	25
LOC_915	26	26	23	24	25
LOC_916	19	18	18	18	18
LOC_917	15	15	17	16	15
LOC_918	16	16	17	17	16
LOC_919	14	14	14	14	14
LOC_920	20	18	19	19	18
LOC_921	16	16	16	16	16
LOC_922	22	22	23	22	22
LOC_923	25	23	25	25	25
LOC_924	25	28	25	25	25
LOC_925	14	14	14	14	14
LOC_926	23	24	29	29	25
LOC_927	25	25	25	25	25
LOC_928	24	26	25	27	25
LOC_929	15	14	15	12	15
LOC_930	10	10	10	10	10
LOC_931	21	21	26	25	24
LOC_932	23	23	25	23	24
LOC_933	24	24	24	25	24
LOC_934	22	24	25	24	24
LOC_935	17	16	17	17	17
LOC_936	24	23	25	21	23
LOC_937	24	23	26	25	24
LOC_938	18	17	18	19	17
LOC_939	19	19	19	20	19
LOC_940	19	19	18	21	19
LOC_941	14	14	14	14	14
LOC_942	24	23	24	24	24
LOC_943	20	21	20	20	20
LOC_944	17	17	20	19	18
LOC_945	17	18	17	17	17
LOC_946	25	24	24	24	24
LOC_947	24	26	24	24	24
LOC_948	20	20	20	19	20
LOC_949	23	23	23	23	23
LOC_950	24	24	23	23	24
LOC_951	19	17	19	20	20
LOC_952	19	20	21	20	20
LOC_953	23	23	26	25	24
LOC_954	22	22	22	22	22
LOC_955	24	24	24	23	24
LOC_956	26	25	23	23	24
LOC_957	23	23	23	24	24
LOC_958	16	16	17	16	16
LOC_959	18	18	18	18	18
LOC_960	26	25	24	24	24
LOC_961	26	26	26	24	25
LOC_962	23	24	25	23	24
LOC_963	24	25	26	23	24
LOC_964	14	14	16	16	16
LOC_965	22	22	23	23	23
LOC_966	20	19	21	20	20
LOC_967	24	26	24	24	24
LOC_968	25	24	24	24	24
LOC_969	19	18	18	18	18
LOC_970	19	19	19	19	19
LOC_971	23	23	23	23	24
LOC_972	24	22	24	25	24
LOC_973	32	32	27	25	30
LOC_974	14	14	15	15	14
LOC_975	14	14	14	14	14
LOC_976	27	27	31	29	29
LOC_977	17	17	18	17	17
LOC_978	18	18	17	17	17
LOC_979	26	26	24	26	25
LOC_980	16	18	16	16	16
LOC_981	22	23	21	22	22
LOC_982	14	13	14	14	14
LOC_983	26	25	25	24	24
LOC_984	24	25	22	25	24
LOC_985	16	15	14	14	14
LOC_986	17	17	17	19	17
LOC_987	25	21	24	25	24
LOC_988	17	17	18	20	18
LOC_989	24	24	24	24	24
LOC_990	24	24	25	26	24
LOC_991	15	15	15	15	15
LOC_992	23	23	23	22	23
LOC_993	16	18	20	20	19
LOC_994	24	26	25	24	24
LOC_995	24	25	24	24	24
LOC_996	24	24	24	24	24
LOC_997	21	21	23	22	24
LOC_998	14	14	14	16	14
LOC_999	23	23	23	22	24
LOC_1000	23	23	21	21	21
LOC_1001	19	18	21	20	19
LOC_1002	25	23	24	24	24
LOC_1003	24	24	25	28	24
LOC_1004	17	17	18	17	17
LOC_1005	7	7	8	8	7
LOC_1006	25	25	23	24	24
LOC_1007	19	19	18	20	18
LOC_1008	21	21	23	20	21
LOC_1009	22	24	24	24	24
LOC_1010	15	15	15	15	15
LOC_1011	24	24	23	23	24
LOC_1012	25	23	25	24	24
LOC_1013	25	23	24	24	24
LOC_1014	23	24	22	22	23
LOC_1015	16	17	16	16	16
LOC_1016	14	14	14	14	14
LOC_1017	24	24	22	25	24
LOC_1018	24	24	23	24	24
LOC_1019	14	15	15	15	15
LOC_1020	23	24	23	24	23
LOC_1021	16	16	15	15	15
LOC_1022	24	25	24	24	24
LOC_1023	23	23	22	22	24
LOC_1024	30	29	29	29	29
LOC_1025	14	14	14	14	14
LOC_1026	22	22	24	24	22
LOC_1027	24	24	22	23	24
LOC_1028	7	7	7	7	7
LOC_1029	19	19	18	19	19
LOC_1030	24	24	25	28	24
LOC_1031	24	23	24	23	23
LOC_1032	10	10	10	10	10
LOC_1033	22	22	22	22	24
LOC_1034	23	25	25	23	24
LOC_1035	24	24	23	23	23
LOC_1036	13	13	15	15	15
LOC_1037	22	22	25	24	24
LOC_1038	22	20	20	20	20
LOC_1039	15	15	15	15	15
LOC_1040	21	21	22	22	21
LOC_1041	23	22	24	24	24
LOC_1042	12	12	12	12	12
LOC_1043	16	16	16	16	16
LOC_1044	15	14	14	14	14
LOC_1045	23	24	24	27	24
LOC_1046	23	24	23	24	24
LOC_1047	21	21	21	21	21
LOC_1048	22	21	21	21	21
LOC_1049	25	24	24	24	24
LOC_1050	26	24	23	24	24
LOC_1051	23	25	22	23	23
LOC_1052	18	18	18	18	18
LOC_1053	17	17	18	18	17
LOC_1054	24	22	23	23	24
LOC_1055	14	14	15	14	14
LOC_1056	21	21	22	24	21
LOC_1057	22	24	25	23	22
LOC_1058	16	16	16	16	16
LOC_1059	21	20	21	21	21
LOC_1060	25	23	25	25	24
LOC_1061	26	23	24	24	24
LOC_1062	19	19	19	18	19
LOC_1063	23	24	23	24	23
LOC_1064	14	14	14	14	14
LOC_1065	26	24	24	29	24
LOC_1066	22	23	24	25	24
LOC_1067	16	16	15	15	15
LOC_1068	26	23	23	26	23
LOC_1069	16	16	16	16	16
LOC_1070	17	17	17	17	17
LOC_1071	24	24	23	23	23
LOC_1072	23	23	22	22	23
LOC_1073	25	25	24	24	23
LOC_1074	16	16	17	16	16
LOC_1075	17	17	19	17	17
LOC_1076	27	26	26	26	24
LOC_1077	14	14	15	15	15
LOC_1078	25	24	23	24	24
LOC_1079	18	18	17	16	17
LOC_1080	18	18	17	18	18
LOC_1081	20	20	20	20	20
LOC_1082	16	16	16	16	16
LOC_1083	19	19	18	19	19
LOC_1084	15	15	16	16	16
LOC_1085	24	25	23	23	23
LOC_1086	22	22	22	23	22
LOC_1087	20	20	20	20	20
LOC_1088	23	23	22	22	24
LOC_1089	25	24	27	26	26
LOC_1090	23	24	23	23	23
LOC_1091	18	18	19	19	18
LOC_1092	20	20	20	19	20
LOC_1093	19	17	17	17	17
LOC_1094	16	16	16	16	16
LOC_1095	16	16	16	16	16
LOC_1096	14	14	14	14	14
LOC_1097	23	23	22	21	21
LOC_1098	24	24	22	23	23
LOC_1099	22	23	23	22	23
LOC_1100	23	23	23	23	23
LOC_1101	25	23	23	22	23
LOC_1102	24	28	25	23	23
LOC_1103	14	14	14	16	14
LOC_1104	24	23	25	23	23
LOC_1105	21	23	22	24	23
LOC_1106	20	20	21	21	21
LOC_1107	22	23	23	23	23
LOC_1108	24	24	21	23	23
LOC_1109	23	25	25	23	23
LOC_1110	16	16	16	16	16
LOC_1111	26	27	24	25	25
LOC_1112	15	15	15	15	15
LOC_1113	15	15	16	15	16
LOC_1114	17	17	17	19	17
LOC_1115	15	15	15	15	15
LOC_1116	25	24	23	24	23
LOC_1117	19	19	19	19	19
LOC_1118	23	23	26	24	24
LOC_1119	24	23	23	24	23
LOC_1120	27	28	28	28	28
LOC_1121	23	24	23	22	23
LOC_1122	23	24	23	23	23
LOC_1123	20	20	19	20	20
LOC_1124	14	15	14	15	14
LOC_1125	18	18	18	18	18
LOC_1126	15	14	14	14	15
LOC_1127	24	24	23	24	23
LOC_1128	23	24	23	22	23
LOC_1129	25	24	23	23	23
LOC_1130	14	14	14	14	14
LOC_1131	14	14	13	14	14
LOC_1132	22	24	23	25	23
LOC_1133	14	14	14	14	14
LOC_1134	16	15	15	15	15
LOC_1135	17	16	17	16	16
LOC_1136	14	14	14	14	14
LOC_1137	12	12	12	12	12
LOC_1138	25	25	27	26	24
LOC_1139	18	19	19	20	19
LOC_1140	24	24	27	27	24
LOC_1141	25	24	22	20	21
LOC_1142	28	28	30	29	29
LOC_1143	25	22	26	25	23
LOC_1144	26	26	22	22	24
LOC_1145	20	24	21	23	23
LOC_1146	20	24	23	24	23
LOC_1147	28	27	26	27	27
LOC_1148	23	23	22	24	23
LOC_1149	23	24	22	23	23
LOC_1150	16	16	16	16	16
LOC_1151	20	20	20	20	20
LOC_1152	23	23	23	23	23
LOC_1153	22	22	23	21	23
LOC_1154	20	24	23	24	23
LOC_1155	32	29	29	26	29
LOC_1156	17	17	20	19	17
LOC_1157	21	21	21	22	21
LOC_1158	17	17	19	20	17
LOC_1159	21	22	23	23	23
LOC_1160	14	14	16	16	14
LOC_1161	6	6	7	7	7
LOC_1162	13	13	14	13	13
LOC_1163	15	15	15	15	15
LOC_1164	19	17	18	18	18
LOC_1165	26	24	22	22	23
LOC_1166	22	24	23	24	23
LOC_1167	15	15	15	15	15
LOC_1168	23	24	23	22	23
LOC_1169	22	22	24	22	22
LOC_1170	17	16	17	17	16
LOC_1171	24	23	23	23	23
LOC_1172	23	23	24	23	23
LOC_1173	15	15	15	15	15
LOC_1174	23	23	23	23	23
LOC_1175	22	22	21	22	22
LOC_1176	18	18	20	20	18
LOC_1177	15	15	17	18	17
LOC_1178	17	17	13	13	16
LOC_1179	23	23	22	22	23
LOC_1180	23	23	25	23	23
LOC_1181	19	19	19	19	19
LOC_1182	23	23	23	23	23
LOC_1183	23	21	23	23	23
LOC_1184	23	23	23	23	23
LOC_1185	21	23	22	24	22
LOC_1186	16	16	15	16	16
LOC_1187	15	15	15	14	15
LOC_1188	22	22	23	23	23
LOC_1189	14	15	14	18	15
LOC_1190	19	19	21	20	19
LOC_1191	23	23	22	23	23
LOC_1192	23	24	21	18	23
LOC_1193	15	16	15	15	15
LOC_1194	20	20	20	20	20
LOC_1195	13	13	14	14	14
LOC_1196	16	15	15	15	15
LOC_1197	25	26	24	24	24
LOC_1198	16	17	16	16	16
LOC_1199	16	16	16	15	15
LOC_1200	21	22	21	20	20
LOC_1201	16	16	16	16	16
LOC_1202	14	14	15	14	14
LOC_1203	16	17	16	16	16
LOC_1204	23	23	21	21	23
LOC_1205	18	18	18	18	19
LOC_1206	17	17	17	17	17
LOC_1207	21	20	21	21	21
LOC_1208	18	17	18	17	18
LOC_1209	15	15	15	15	15
LOC_1210	22	23	23	23	23
LOC_1211	22	21	22	22	22
LOC_1212	21	23	22	26	22
LOC_1213	28	28	26	26	26
LOC_1214	17	19	19	18	19
LOC_1215	23	23	24	23	23
LOC_1216	16	16	16	18	16
LOC_1217	15	14	13	14	14
LOC_1218	19	19	21	22	19
LOC_1219	16	16	16	17	16
LOC_1220	21	21	21	21	21
LOC_1221	23	22	22	22	23
LOC_1222	22	23	24	23	23
LOC_1223	13	13	13	13	13
LOC_1224	25	25	26	26	25
LOC_1225	21	22	21	23	21
LOC_1226	23	23	23	23	23
LOC_1227	19	18	21	22	18
LOC_1228	15	16	15	15	15
LOC_1229	24	23	22	22	23
LOC_1230	19	22	19	19	19
LOC_1231	24	24	24	27	24
LOC_1232	17	15	16	16	16
LOC_1233	19	19	19	19	19
LOC_1234	21	21	18	19	18
LOC_1235	20	21	21	20	20
LOC_1236	20	20	22	22	20
LOC_1237	22	27	25	24	23
LOC_1238	21	23	23	23	23
LOC_1239	26	28	28	25	28
LOC_1240	24	23	24	25	23
LOC_1241	15	15	15	15	15
LOC_1242	14	14	14	14	14
LOC_1243	15	15	15	16	15
LOC_1244	22	22	24	26	25
LOC_1245	18	18	17	17	17
LOC_1246	22	23	23	22	22
LOC_1247	14	14	11	12	14
LOC_1248	29	28	27	27	28
LOC_1249	23	23	22	22	23
LOC_1250	22	21	22	21	21
LOC_1251	25	24	23	24	24
LOC_1252	17	17	18	18	17
LOC_1253	24	24	23	23	23
LOC_1254	19	19	22	20	20
LOC_1255	22	23	23	25	23
LOC_1256	17	17	21	21	21
LOC_1257	23	25	23	24	24
LOC_1258	18	18	17	17	18
LOC_1259	23	25	25	24	23
LOC_1260	20	20	20	21	20
LOC_1261	17	17	17	17	17
LOC_1262	17	18	17	17	17
LOC_1263	17	17	17	17	17
LOC_1264	16	17	17	17	17
LOC_1265	19	18	16	18	15
LOC_1266	15	15	16	18	16
LOC_1267	23	23	22	24	23
LOC_1268	15	15	15	15	15
LOC_1269	29	28	25	29	27
LOC_1270	19	19	19	19	19
LOC_1271	23	23	22	23	23
LOC_1272	23	24	23	23	23
LOC_1273	20	20	19	19	20
LOC_1274	23	23	22	22	23
LOC_1275	19	19	19	19	19
LOC_1276	17	17	17	17	17
LOC_1277	16	16	20	17	16
LOC_1278	15	15	15	15	15
LOC_1279	20	19	19	18	19
LOC_1280	16	16	16	16	16
LOC_1281	21	22	23	23	23
LOC_1282	23	22	23	23	23
LOC_1283	23	24	22	24	23
LOC_1284	23	21	24	24	23
LOC_1285	24	23	23	25	23
LOC_1286	14	14	14	14	14
LOC_1287	14	14	15	15	15
LOC_1288	23	23	24	23	23
LOC_1289	23	23	21	22	23
LOC_1290	19	20	18	18	20
LOC_1291	23	23	22	22	23
LOC_1292	24	25	23	24	23
LOC_1293	23	23	22	23	23
LOC_1294	27	25	26	25	25
LOC_1295	19	17	20	20	20
LOC_1296	22	22	22	22	22
LOC_1297	22	24	24	22	23
LOC_1298	22	22	24	26	23
LOC_1299	15	15	15	16	15
LOC_1300	22	24	22	24	23
LOC_1301	24	24	23	24	23
LOC_1302	23	22	22	23	23
LOC_1303	16	16	16	16	16
LOC_1304	22	22	22	22	22
LOC_1305	22	21	22	22	22
LOC_1306	21	21	21	20	21
LOC_1307	14	14	14	14	14
LOC_1308	22	23	23	23	23
LOC_1309	19	19	21	22	19
LOC_1310	16	16	16	16	16
LOC_1311	24	23	23	24	23
LOC_1312	15	15	14	14	15
LOC_1313	22	22	21	20	22
LOC_1314	15	15	15	15	15
LOC_1315	17	17	16	17	16
LOC_1316	17	17	17	17	17
LOC_1317	17	17	14	14	17
LOC_1318	25	23	25	23	23
LOC_1319	18	19	18	18	18
LOC_1320	19	19	19	19	19
LOC_1321	21	21	21	21	21
LOC_1322	25	26	24	24	25
LOC_1323	23	24	23	23	23
LOC_1324	23	24	21	22	22
LOC_1325	17	17	16	16	16
LOC_1326	18	18	19	19	19
LOC_1327	24	24	23	23	23
LOC_1328	18	18	18	18	18
LOC_1329	16	16	16	16	16
LOC_1330	23	24	23	23	23
LOC_1331	23	21	24	24	23
LOC_1332	15	15	14	15	15
LOC_1333	17	17	17	17	17
LOC_1334	18	19	20	22	19
LOC_1335	14	11	14	14	14
LOC_1336	23	24	24	28	24
LOC_1337	20	18	17	18	18
LOC_1338	23	23	23	23	23
LOC_1339	12	12	12	13	12
LOC_1340	21	19	18	19	19
LOC_1341	24	23	22	23	22
LOC_1342	22	23	20	19	22
LOC_1343	18	17	18	17	17
LOC_1344	26	25	23	24	25
LOC_1345	18	19	19	17	18
LOC_1346	22	21	24	24	22
LOC_1347	18	18	18	18	18
LOC_1348	18	18	18	18	18
LOC_1349	18	18	18	18	17
LOC_1350	20	20	20	20	20
LOC_1351	16	16	16	16	16
LOC_1352	21	20	22	19	20
LOC_1353	25	27	24	24	25
LOC_1354	21	21	21	20	21
LOC_1355	19	23	20	20	19
LOC_1356	22	22	23	21	22
LOC_1357	24	21	23	22	22
LOC_1358	21	20	21	22	22
LOC_1359	14	14	14	14	14
LOC_1360	22	22	22	20	22
LOC_1361	22	22	21	22	22
LOC_1362	17	18	17	17	18
LOC_1363	21	22	22	22	22
LOC_1364	14	13	15	15	15
LOC_1365	22	22	24	22	22
LOC_1366	16	17	16	16	16
LOC_1367	13	15	15	16	15
LOC_1368	17	18	17	18	18
LOC_1369	22	21	22	21	22
LOC_1370	20	20	15	15	20
LOC_1371	20	20	22	19	20
LOC_1372	24	23	21	20	24
LOC_1373	7	7	7	7	7
LOC_1374	22	22	21	23	22
LOC_1375	16	16	14	14	14
LOC_1376	23	23	23	23	23
LOC_1377	14	16	18	18	17
LOC_1378	17	17	15	15	15
LOC_1379	16	18	16	16	16
LOC_1380	21	26	22	20	21
LOC_1381	25	24	23	23	23
LOC_1382	21	21	21	22	21
LOC_1383	14	14	14	14	14
LOC_1384	19	21	19	19	19
LOC_1385	22	22	22	20	22
LOC_1386	14	14	13	13	14
LOC_1387	20	21	22	21	21
LOC_1388	23	23	22	22	22
LOC_1389	24	22	22	20	22
LOC_1390	17	17	17	17	17
LOC_1391	15	17	14	14	14
LOC_1392	19	18	18	18	19
LOC_1393	24	25	25	25	24
LOC_1394	22	22	22	22	22
LOC_1395	16	16	17	16	16
LOC_1396	22	22	25	29	22
LOC_1397	19	19	19	19	19
LOC_1398	14	14	14	14	14
LOC_1399	18	18	17	17	17
LOC_1400	14	14	14	14	14
LOC_1401	15	14	14	14	14
LOC_1402	21	22	22	22	22
LOC_1403	17	17	17	17	17
LOC_1404	17	17	17	17	17
LOC_1405	16	15	16	16	16
LOC_1406	22	22	22	22	22
LOC_1407	22	22	20	20	22
LOC_1408	19	22	21	21	22
LOC_1409	18	18	18	18	18
LOC_1410	7	7	7	7	7
LOC_1411	16	18	16	16	17
LOC_1412	17	17	17	17	17
LOC_1413	18	19	18	18	18
LOC_1414	20	19	23	22	20
LOC_1415	15	15	15	15	15
LOC_1416	19	19	19	19	19
LOC_1417	22	20	22	21	22
LOC_1418	20	18	17	17	17
LOC_1419	19	18	18	18	18
LOC_1420	21	20	22	22	21
LOC_1421	16	16	16	16	16
LOC_1422	18	19	18	18	18
LOC_1423	22	22	22	22	22
LOC_1424	24	24	21	21	22
LOC_1425	22	23	22	21	21
LOC_1426	18	18	18	18	18
LOC_1427	20	20	17	17	20
LOC_1428	21	22	24	22	22
LOC_1429	21	21	23	22	22
LOC_1430	20	21	21	21	22
LOC_1431	24	23	22	22	22
LOC_1432	18	18	18	17	17
LOC_1433	22	20	21	22	22
LOC_1434	17	17	17	17	17
LOC_1435	17	17	16	16	17
LOC_1436	15	15	15	14	15
LOC_1437	22	22	22	22	22
LOC_1438	23	23	22	22	22
LOC_1439	19	19	20	20	20
LOC_1440	17	17	17	17	17
LOC_1441	23	21	23	23	23
LOC_1442	22	22	22	22	22
LOC_1443	23	22	23	24	23
LOC_1444	22	21	21	25	21
LOC_1445	23	23	22	24	22
LOC_1446	28	28	26	26	26
LOC_1447	25	27	21	22	22
LOC_1448	22	22	22	25	22
LOC_1449	22	22	22	22	22
LOC_1450	20	20	20	20	20
LOC_1451	21	22	22	22	22
LOC_1452	16	16	16	16	16
LOC_1453	17	17	20	20	19
LOC_1454	21	21	22	22	22
LOC_1455	22	22	22	22	22
LOC_1456	19	19	19	19	19
LOC_1457	19	17	17	17	17
LOC_1458	22	22	21	22	22
LOC_1459	22	22	23	22	22
LOC_1460	24	22	24	24	24
LOC_1461	23	23	21	21	22
LOC_1462	21	24	24	22	22
LOC_1463	12	14	14	14	14
LOC_1464	24	24	26	26	25
LOC_1465	26	25	26	24	26
LOC_1466	22	22	21	21	22
LOC_1467	17	17	19	19	19
LOC_1468	22	22	22	22	22
LOC_1469	21	22	22	21	22
LOC_1470	20	20	20	20	20
LOC_1471	20	20	20	20	20
LOC_1472	22	23	23	23	22
LOC_1473	25	25	23	23	23
LOC_1474	15	15	15	15	15
LOC_1475	17	18	18	17	18
LOC_1476	18	18	20	17	18
LOC_1477	18	18	18	18	18
LOC_1478	17	17	18	19	19
LOC_1479	24	21	20	20	21
LOC_1480	22	22	22	23	22
LOC_1481	22	22	22	22	22
LOC_1482	25	26	26	25	25
LOC_1483	22	22	26	26	22
LOC_1484	21	22	21	23	21
LOC_1485	21	21	22	23	22
LOC_1486	22	22	22	22	22
LOC_1487	14	14	14	14	14
LOC_1488	21	21	23	19	21
LOC_1489	22	22	23	23	22
LOC_1490	22	22	22	23	22
LOC_1491	22	22	20	22	22
LOC_1492	21	22	22	22	22
LOC_1493	22	21	21	21	22
LOC_1494	22	22	24	24	24
LOC_1495	22	24	23	21	22
LOC_1496	20	20	21	20	20
LOC_1497	21	22	22	22	22
LOC_1498	22	22	22	23	22
LOC_1499	17	17	15	16	16
LOC_1500	17	17	17	17	17
LOC_1501	22	22	22	22	22
LOC_1502	22	22	24	25	22
LOC_1503	22	22	21	22	22
LOC_1504	17	17	18	16	17
LOC_1505	21	22	23	23	22
LOC_1506	16	18	17	17	17
LOC_1507	20	20	21	21	20
LOC_1508	22	20	23	22	22
LOC_1509	20	20	21	20	20
LOC_1510	21	22	21	21	21
LOC_1511	22	22	23	23	22
LOC_1512	19	19	19	21	19
LOC_1513	15	17	15	16	15
LOC_1514	22	22	22	22	22
LOC_1515	19	18	20	20	19
LOC_1516	21	22	20	20	22
LOC_1517	16	16	16	16	16
LOC_1518	22	22	22	23	23
LOC_1519	20	20	20	21	20
LOC_1520	22	22	23	22	22
LOC_1521	17	17	17	16	17
LOC_1522	24	20	22	23	22
LOC_1523	19	21	19	19	19
LOC_1524	21	21	20	21	21
LOC_1525	22	22	24	23	22
LOC_1526	20	20	20	20	20
LOC_1527	22	22	22	22	22
LOC_1528	16	16	15	15	15
LOC_1529	22	22	22	21	22
LOC_1530	17	17	17	16	16
LOC_1531	23	22	22	22	22
LOC_1532	23	22	23	23	22
LOC_1533	16	15	16	16	16
LOC_1534	22	24	19	22	22
LOC_1535	22	22	24	24	22
LOC_1536	16	14	14	12	14
LOC_1537	24	24	21	20	22
LOC_1538	16	16	16	16	16
LOC_1539	29	28	28	30	29
LOC_1540	22	22	23	23	22
LOC_1541	15	15	15	15	15
LOC_1542	22	22	20	20	22
LOC_1543	17	17	17	18	17
LOC_1544	21	21	24	24	23
LOC_1545	23	24	22	22	22
LOC_1546	22	22	24	22	22
LOC_1547	28	28	28	28	28
LOC_1548	25	24	22	23	24
LOC_1549	22	23	23	25	22
LOC_1550	16	16	15	16	15
LOC_1551	21	22	23	21	22
LOC_1552	33	31	27	28	30
LOC_1553	22	21	19	21	21
LOC_1554	19	20	20	19	19
LOC_1555	18	18	18	18	18
LOC_1556	23	24	22	22	23
LOC_1557	19	21	18	18	19
LOC_1558	22	22	23	21	22
LOC_1559	20	21	19	22	22
LOC_1560	20	23	21	19	20
LOC_1561	21	21	22	22	22
LOC_1562	14	14	16	16	17
LOC_1563	14	14	14	14	14
LOC_1564	20	20	21	21	21
LOC_1565	27	27	27	27	27
LOC_1566	21	22	21	22	21
LOC_1567	23	23	23	23	23
LOC_1568	25	26	26	25	24
LOC_1569	24	23	22	22	22
LOC_1570	16	16	16	16	16
LOC_1571	21	21	22	22	22
LOC_1572	19	21	18	20	21
LOC_1573	20	20	19	19	19
LOC_1574	20	20	19	20	20
LOC_1575	16	15	15	15	15
LOC_1576	21	21	20	20	21
LOC_1577	14	14	14	14	14
LOC_1578	23	23	22	22	22
LOC_1579	24	23	20	21	22
LOC_1580	23	22	22	21	22
LOC_1581	22	19	19	19	19
LOC_1582	23	22	20	20	22
LOC_1583	10	10	10	13	10
LOC_1584	15	15	15	14	15
LOC_1585	23	22	19	19	22
LOC_1586	24	23	22	23	23
LOC_1587	23	22	21	21	22
LOC_1588	19	19	19	19	19
LOC_1589	18	17	19	19	19
LOC_1590	22	22	21	20	22
LOC_1591	18	22	19	19	17
LOC_1592	26	26	24	24	25
LOC_1593	22	22	23	22	22
LOC_1594	22	22	22	22	22
LOC_1595	23	25	26	26	26
LOC_1596	17	16	16	19	17
LOC_1597	14	14	14	14	14
LOC_1598	21	23	21	21	21
LOC_1599	16	16	16	16	16
LOC_1600	20	20	19	19	20
LOC_1601	20	20	20	20	20
LOC_1602	24	23	23	24	23
LOC_1603	21	22	22	22	21
LOC_1604	14	14	14	16	14
LOC_1605	16	16	16	15	15
LOC_1606	15	15	15	15	15
LOC_1607	21	21	22	20	21
LOC_1608	21	21	21	21	21
LOC_1609	14	15	14	14	14
LOC_1610	20	20	21	21	21
LOC_1611	17	16	17	16	16
LOC_1612	16	15	15	16	15
LOC_1613	26	27	26	25	27
LOC_1614	13	13	13	13	13
LOC_1615	21	21	22	22	21
LOC_1616	14	14	14	14	14
LOC_1617	14	14	14	14	14
LOC_1618	21	20	21	20	21
LOC_1619	13	13	13	14	13
LOC_1620	19	18	18	18	18
LOC_1621	17	17	17	17	17
LOC_1622	21	22	21	20	21
LOC_1623	20	21	21	22	21
LOC_1624	17	18	18	17	17
LOC_1625	23	22	21	21	21
LOC_1626	18	19	19	19	19
LOC_1627	15	15	14	14	15
LOC_1628	17	18	17	17	17
LOC_1629	22	22	22	22	22
LOC_1630	21	20	21	20	21
LOC_1631	22	22	22	20	22
LOC_1632	17	17	17	17	17
LOC_1633	21	22	21	20	21
LOC_1634	17	17	16	16	17
LOC_1635	8	9	9	9	9
LOC_1636	25	26	24	24	24
LOC_1637	16	16	16	16	16
LOC_1638	31	30	29	27	29
LOC_1639	18	20	21	21	21
LOC_1640	16	16	16	16	16
LOC_1641	18	18	19	17	18
LOC_1642	20	20	19	20	20
LOC_1643	18	18	19	19	18
LOC_1644	17	17	17	18	17
LOC_1645	22	20	23	23	21
LOC_1646	20	18	18	18	18
LOC_1647	12	13	12	12	12
LOC_1648	21	20	21	21	21
LOC_1649	12	12	12	12	12
LOC_1650	17	17	17	17	17
LOC_1651	16	16	16	15	16
LOC_1652	17	17	16	16	17
LOC_1653	24	25	24	24	24
LOC_1654	14	14	14	14	14
LOC_1655	14	14	14	14	14
LOC_1656	16	16	17	18	17
LOC_1657	26	25	30	28	27
LOC_1658	23	20	20	20	21
LOC_1659	21	21	20	21	21
LOC_1660	17	17	17	17	17
LOC_1661	21	21	22	21	21
LOC_1662	21	21	21	21	21
LOC_1663	22	23	22	22	22
LOC_1664	18	18	18	18	18
LOC_1665	15	15	15	15	15
LOC_1666	12	12	12	12	12
LOC_1667	14	14	14	11	14
LOC_1668	21	20	21	21	21
LOC_1669	24	22	21	22	22
LOC_1670	18	17	21	19	19
LOC_1671	15	15	15	15	15
LOC_1672	22	21	21	21	21
LOC_1673	20	21	21	22	21
LOC_1674	20	20	19	20	20
LOC_1675	18	18	17	17	18
LOC_1676	22	22	20	20	21
LOC_1677	14	14	15	16	14
LOC_1678	21	20	21	21	21
LOC_1679	18	18	17	19	18
LOC_1680	21	21	21	21	21
LOC_1681	21	21	21	17	21
LOC_1682	14	14	14	14	14
LOC_1683	21	21	21	20	21
LOC_1684	18	20	18	18	18
LOC_1685	17	17	18	18	17
LOC_1686	19	19	18	18	18
LOC_1687	17	17	17	17	17
LOC_1688	14	17	14	14	14
LOC_1689	18	17	18	18	18
LOC_1690	15	15	15	15	15
LOC_1691	18	18	18	18	18
LOC_1692	21	21	21	20	21
LOC_1693	21	20	21	21	21
LOC_1694	14	14	16	16	16
LOC_1695	21	21	20	20	21
LOC_1696	8	8	9	9	8
LOC_1697	21	22	20	20	21
LOC_1698	14	14	14	14	14
LOC_1699	21	22	21	20	21
LOC_1700	21	22	21	21	21
LOC_1701	12	12	12	12	12
LOC_1702	20	21	21	21	21
LOC_1703	15	15	14	14	14
LOC_1704	21	22	19	20	21
LOC_1705	20	21	21	22	21
LOC_1706	17	18	16	16	16
LOC_1707	21	23	21	21	21
LOC_1708	13	13	13	13	13
LOC_1709	19	22	20	20	21
LOC_1710	13	13	13	13	13
LOC_1711	21	21	21	21	21
LOC_1712	19	19	20	20	20
LOC_1713	18	18	18	19	18
LOC_1714	14	14	14	14	14
LOC_1715	17	17	18	15	17
LOC_1716	16	16	17	16	16
LOC_1717	11	11	11	11	11
LOC_1718	19	17	17	17	17
LOC_1719	18	18	18	19	18
LOC_1720	18	18	20	18	18
LOC_1721	19	19	19	19	19
LOC_1722	20	20	20	20	20
LOC_1723	19	19	18	18	20
LOC_1724	16	16	17	17	16
LOC_1725	14	14	14	14	14
LOC_1726	28	30	27	27	29
LOC_1727	21	21	21	21	21
LOC_1728	14	14	15	15	14
LOC_1729	17	18	18	18	18
LOC_1730	21	21	21	21	21
LOC_1731	21	22	22	22	21
LOC_1732	25	26	23	24	25
LOC_1733	22	21	21	22	21
LOC_1734	23	22	22	22	21
LOC_1735	16	16	16	16	16
LOC_1736	21	22	21	21	21
LOC_1737	21	21	20	21	21
LOC_1738	16	16	16	17	16
LOC_1739	21	22	21	21	21
LOC_1740	18	18	17	17	17
LOC_1741	18	18	18	18	18
LOC_1742	18	18	18	18	18
LOC_1743	21	22	22	22	21
LOC_1744	17	17	17	17	17
LOC_1745	15	16	16	16	16
LOC_1746	22	22	22	22	22
LOC_1747	15	16	17	17	17
LOC_1748	18	18	18	16	18
LOC_1749	23	21	22	19	21
LOC_1750	20	18	18	18	18
LOC_1751	21	21	21	23	21
LOC_1752	13	13	13	13	13
LOC_1753	21	20	21	21	21
LOC_1754	18	21	21	21	21
LOC_1755	21	21	20	21	21
LOC_1756	19	17	19	19	18
LOC_1757	17	18	20	20	18
LOC_1758	23	23	21	21	21
LOC_1759	17	17	17	16	17
LOC_1760	21	21	19	21	21
LOC_1761	23	21	24	22	23
LOC_1762	20	20	19	19	19
LOC_1763	17	17	17	18	17
LOC_1764	16	17	18	18	16
LOC_1765	18	23	21	21	21
LOC_1766	18	17	16	16	17
LOC_1767	18	21	20	21	21
LOC_1768	14	14	15	14	14
LOC_1769	18	18	18	19	18
LOC_1770	21	21	20	22	21
LOC_1771	18	18	18	18	18
LOC_1772	17	16	16	16	16
LOC_1773	20	21	20	20	20
LOC_1774	18	18	17	17	18
LOC_1775	18	18	17	17	18
LOC_1776	19	22	21	22	21
LOC_1777	16	17	16	16	16
LOC_1778	23	20	21	23	21
LOC_1779	18	18	19	18	18
LOC_1780	23	23	23	23	23
LOC_1781	21	22	21	21	21
LOC_1782	15	14	14	14	14
LOC_1783	21	21	21	21	21
LOC_1784	17	17	17	17	17
LOC_1785	17	17	17	17	17
LOC_1786	10	10	11	10	10
LOC_1787	13	13	13	13	13
LOC_1788	22	21	21	20	21
LOC_1789	22	26	23	25	25
LOC_1790	18	18	16	16	18
LOC_1791	13	11	11	11	11
LOC_1792	19	19	19	19	19
LOC_1793	16	16	16	16	16
LOC_1794	20	20	21	19	21
LOC_1795	15	16	16	17	16
LOC_1796	11	10	10	10	11
LOC_1797	17	17	17	17	17
LOC_1798	21	21	22	21	21
LOC_1799	16	16	16	16	16
LOC_1800	20	20	23	21	21
LOC_1801	20	21	21	21	21
LOC_1802	18	18	18	18	18
LOC_1803	14	17	16	17	17
LOC_1804	24	23	21	21	21
LOC_1805	17	18	18	18	18
LOC_1806	21	21	21	21	21
LOC_1807	21	21	21	21	21
LOC_1808	15	15	15	17	15
LOC_1809	21	21	20	21	21
LOC_1810	18	18	18	18	18
LOC_1811	26	26	27	23	25
LOC_1812	15	15	16	16	15
LOC_1813	15	15	14	14	14
LOC_1814	13	13	12	12	13
LOC_1815	15	15	15	15	15
LOC_1816	21	22	23	21	21
LOC_1817	15	15	15	15	15
LOC_1818	23	21	22	22	22
LOC_1819	20	20	18	18	18
LOC_1820	21	21	23	23	23
LOC_1821	17	17	17	17	17
LOC_1822	23	23	21	21	21
LOC_1823	16	15	16	16	16
LOC_1824	15	15	15	15	15
LOC_1825	22	20	21	19	21
LOC_1826	15	15	15	16	15
LOC_1827	23	20	24	23	23
LOC_1828	15	15	18	18	16
LOC_1829	12	12	12	12	12
LOC_1830	16	16	17	16	16
LOC_1831	17	17	18	18	17
LOC_1832	15	15	15	15	15
LOC_1833	21	21	22	22	21
LOC_1834	18	17	17	17	17
LOC_1835	13	13	15	15	15
LOC_1836	17	17	16	17	17
LOC_1837	19	18	19	18	19
LOC_1838	13	13	13	13	13
LOC_1839	20	20	21	20	20
LOC_1840	18	17	18	21	18
LOC_1841	13	13	13	13	13
LOC_1842	18	18	18	19	17
LOC_1843	21	21	22	21	21
LOC_1844	21	21	21	21	21
LOC_1845	13	13	13	13	13
LOC_1846	21	21	21	21	21
LOC_1847	16	16	16	16	16
LOC_1848	18	18	18	18	18
LOC_1849	13	13	14	13	13
LOC_1850	17	16	16	16	16
LOC_1851	21	22	23	20	21
LOC_1852	20	20	17	19	19
LOC_1853	13	12	12	12	12
LOC_1854	22	22	23	25	21
LOC_1855	18	18	19	19	18
LOC_1856	14	14	14	14	14
LOC_1857	17	17	17	17	17
LOC_1858	16	15	15	16	15
LOC_1859	17	17	17	17	17
LOC_1860	18	17	17	17	17
LOC_1861	18	18	18	18	18
LOC_1862	21	21	21	21	21
LOC_1863	14	15	14	14	14
LOC_1864	15	15	14	14	14
LOC_1865	14	14	14	14	14
LOC_1866	14	14	14	14	14
LOC_1867	21	22	22	22	21
LOC_1868	18	19	17	18	18
LOC_1869	18	18	18	18	18
LOC_1870	14	14	14	14	14
LOC_1871	19	20	19	19	19
LOC_1872	18	19	19	19	19
LOC_1873	15	15	15	15	15
LOC_1874	16	15	15	15	15
LOC_1875	16	17	19	17	17
LOC_1876	16	17	14	15	15
LOC_1877	21	21	22	21	21
LOC_1878	19	19	19	19	19
LOC_1879	23	23	22	21	22
LOC_1880	16	15	18	16	14
LOC_1881	17	16	16	17	16
LOC_1882	18	18	18	17	18
LOC_1883	21	21	21	21	20
LOC_1884	16	16	17	17	16
LOC_1885	18	18	18	17	18
LOC_1886	18	18	18	18	18
LOC_1887	17	17	18	18	17
LOC_1888	22	22	22	22	22
LOC_1889	18	18	18	18	18
LOC_1890	17	18	17	17	17
LOC_1891	12	14	14	14	14
LOC_1892	13	13	13	13	13
LOC_1893	21	21	21	20	21
LOC_1894	17	17	17	17	17
LOC_1895	18	18	18	19	18
LOC_1896	22	22	22	22	22
LOC_1897	12	13	11	11	13
LOC_1898	14	14	15	14	14
LOC_1899	16	16	16	16	16
LOC_1900	20	20	18	19	20
LOC_1901	16	17	16	16	16
LOC_1902	18	18	18	19	18
LOC_1903	20	20	19	20	20
LOC_1904	21	21	21	21	21
LOC_1905	20	20	21	21	20
LOC_1906	15	16	17	17	16
LOC_1907	23	22	21	20	21
LOC_1908	21	19	20	21	21
LOC_1909	15	15	16	16	16
LOC_1910	16	16	16	17	16
LOC_1911	17	17	17	17	17
LOC_1912	21	21	21	21	21
LOC_1913	21	23	22	22	22
LOC_1914	21	20	20	20	20
LOC_1915	21	21	21	20	21
LOC_1916	8	8	8	8	8
LOC_1917	21	20	19	19	20
LOC_1918	20	20	19	19	19
LOC_1919	24	21	20	21	20
LOC_1920	23	21	22	22	23
LOC_1921	15	15	17	17	15
LOC_1922	13	13	13	13	13
LOC_1923	19	19	19	20	20
LOC_1924	20	22	20	20	20
LOC_1925	22	22	22	22	22
LOC_1926	17	16	17	17	17
LOC_1927	14	14	15	15	15
LOC_1928	19	19	19	19	19
LOC_1929	24	22	25	24	23
LOC_1930	20	20	20	19	20
LOC_1931	16	16	18	16	16
LOC_1932	11	14	14	14	14
LOC_1933	15	16	16	16	16
LOC_1934	18	18	20	20	20
LOC_1935	18	18	18	18	18
LOC_1936	17	18	19	16	18
LOC_1937	14	14	14	14	14
LOC_1938	20	20	20	20	19
LOC_1939	19	19	19	19	19
LOC_1940	22	22	22	23	22
LOC_1941	12	12	13	12	12
LOC_1942	17	20	19	20	20
LOC_1943	22	22	22	21	21
LOC_1944	20	20	23	25	23
LOC_1945	17	16	17	17	17
LOC_1946	21	20	20	20	20
LOC_1947	20	20	19	21	20
LOC_1948	23	21	23	20	21
LOC_1949	15	15	15	14	15
LOC_1950	28	27	28	25	27
LOC_1951	18	18	18	18	18
LOC_1952	20	21	20	20	20
LOC_1953	21	21	20	20	20
LOC_1954	14	14	14	14	14
LOC_1955	14	14	14	15	14
LOC_1956	13	13	14	14	13
LOC_1957	20	20	20	20	20
LOC_1958	20	20	20	19	20
LOC_1959	18	17	17	17	17
LOC_1960	14	14	15	15	14
LOC_1961	16	16	16	16	16
LOC_1962	20	20	19	20	20
LOC_1963	15	17	15	15	15
LOC_1964	18	18	17	18	18
LOC_1965	13	13	14	14	14
LOC_1966	20	19	20	20	20
LOC_1967	15	15	16	16	16
LOC_1968	21	22	20	19	20
LOC_1969	17	17	17	18	17
LOC_1970	23	24	23	25	23
LOC_1971	19	20	18	18	18
LOC_1972	18	18	17	18	18
LOC_1973	18	18	18	18	18
LOC_1974	14	14	14	14	14
LOC_1975	17	16	18	17	17
LOC_1976	21	21	22	22	21
LOC_1977	14	14	14	14	14
LOC_1978	20	18	17	16	16
LOC_1979	22	22	22	22	22
LOC_1980	14	14	15	14	14
LOC_1981	14	14	14	14	14
LOC_1982	18	18	17	17	17
LOC_1983	22	18	19	19	20
LOC_1984	20	20	20	20	20
LOC_1985	19	21	22	22	20
LOC_1986	16	15	15	15	15
LOC_1987	20	20	20	20	20
LOC_1988	13	13	13	13	13
LOC_1989	21	20	21	21	20
LOC_1990	17	19	20	20	20
LOC_1991	20	20	20	20	20
LOC_1992	17	17	17	18	17
LOC_1993	16	16	18	16	16
LOC_1994	27	28	25	25	27
LOC_1995	24	22	20	20	21
LOC_1996	18	20	18	18	20
LOC_1997	20	20	21	21	20
LOC_1998	17	19	18	19	18
LOC_1999	19	17	17	17	17
LOC_2000	13	13	13	13	13
LOC_2001	17	17	17	17	17
LOC_2002	20	20	20	20	20
LOC_2003	19	17	20	20	20
LOC_2004	23	23	23	22	23
LOC_2005	14	13	13	13	13
LOC_2006	20	17	20	20	20
LOC_2007	19	19	20	21	20
LOC_2008	14	14	14	14	14
LOC_2009	18	19	18	18	18
LOC_2010	19	19	19	18	19
LOC_2011	18	22	20	19	20
LOC_2012	17	16	16	16	16
LOC_2013	20	20	20	20	20
LOC_2014	24	22	21	22	21
LOC_2015	17	17	19	20	19
LOC_2016	17	17	18	18	18
LOC_2017	19	19	19	21	19
LOC_2018	15	15	15	15	15
LOC_2019	20	20	20	20	20
LOC_2020	29	31	27	28	29
LOC_2021	19	20	18	18	18
LOC_2022	18	18	18	18	18
LOC_2023	14	15	15	15	15
LOC_2024	22	22	23	21	23
LOC_2025	19	19	16	18	16
LOC_2026	21	21	22	22	22
LOC_2027	20	20	19	19	20
LOC_2028	14	14	17	14	14
LOC_2029	21	20	20	21	20
LOC_2030	19	19	18	17	17
LOC_2031	17	17	17	17	17
LOC_2032	25	25	23	23	23
LOC_2033	22	20	21	21	20
LOC_2034	20	19	19	19	19
LOC_2035	20	20	19	19	20
LOC_2036	13	13	14	14	13
LOC_2037	20	18	22	20	20
LOC_2038	20	20	20	21	20
LOC_2039	20	20	20	20	20
LOC_2040	20	20	20	20	20
LOC_2041	15	15	15	15	15
LOC_2042	7	7	7	7	7
LOC_2043	16	18	23	19	18
LOC_2044	13	13	15	16	13
LOC_2045	20	21	22	22	20
LOC_2046	17	17	17	17	17
LOC_2047	22	23	23	23	23
LOC_2048	20	20	20	20	20
