names	Run1_C_5	Run1_C_10	Run1_C_11	Run1_C_13	Run1_C_14	Run1_C_16	Run1_C_17	Run1_C_18	Run1_C_19	Run1_C_20	Run1_C_21	root
LOC_1	20	19	19	20	20	18	19	20	20	19	19	19
LOC_2	20	21	21	20	20	20	20	20	21	20	20	20
LOC_3	7	7	7	7	7	7	7	7	7	7	7	7
LOC_4	7	6	6	7	6	7	7	6	6	6	6	7
LOC_5	7	7	7	7	7	7	7	7	7	7	7	7
LOC_6	16	15	15	16	16	15	16	15	15	15	15	16
LOC_7	12	14	14	13	13	13	13	13	13	14	14	13
LOC_8	21	18	18	21	21	21	22	22	21	18	18	22
LOC_9	17	14	18	15	15	15	15	16	15	15	15	15
LOC_10	17	17	17	17	17	17	17	17	17	17	17	17
LOC_11	23	23	23	23	22	24	24	23	25	23	23	23
LOC_12	16	17	17	16	14	14	14	17	17	17	17	17
LOC_13	18	17	17	17	17	17	17	17	17	17	18	17
LOC_14	18	18	18	17	18	18	18	18	18	18	19	18
LOC_15	27	26	25	28	26	31	29	27	27	26	27	27
LOC_16	14	14	14	14	14	14	14	14	14	14	14	14
LOC_17	15	15	15	15	15	15	15	15	15	15	15	15
LOC_18	23	23	25	23	21	21	21	22	22	23	21	23
LOC_19	21	21	21	21	18	21	21	22	22	22	22	22
LOC_20	15	16	16	16	15	15	15	16	16	17	17	15
LOC_21	13	13	13	13	13	13	15	13	13	14	14	13
LOC_22	21	20	20	22	21	21	21	21	21	18	21	21
LOC_23	16	14	14	15	15	15	15	17	16	16	16	16
LOC_24	21	23	23	22	24	24	24	23	23	25	23	23
LOC_25	23	21	21	23	22	21	22	22	23	21	21	22
LOC_26	15	15	16	16	16	17	17	15	15	15	16	15
LOC_27	16	17	17	17	18	17	20	16	17	17	17	17
LOC_28	21	19	20	21	21	20	21	21	20	21	21	21
LOC_29	22	24	25	22	23	22	23	25	25	26	24	25
LOC_30	20	19	19	19	19	19	19	18	18	19	19	19
LOC_31	27	22	22	27	26	28	27	25	25	24	23	26
LOC_32	20	20	20	20	20	19	20	21	21	20	20	20
LOC_33	15	15	15	15	16	17	18	15	15	17	16	15
LOC_34	16	14	14	17	17	17	17	14	14	14	14	14
LOC_35	20	18	19	19	19	19	19	20	19	19	19	19
LOC_36	22	19	19	22	22	22	22	17	18	19	19	20
LOC_37	22	22	22	22	22	21	22	20	20	20	20	21
LOC_38	15	16	16	16	17	16	16	14	16	16	16	16
LOC_39	20	20	21	20	20	21	20	20	19	21	20	20
LOC_40	14	14	14	14	14	14	14	14	14	14	15	14
LOC_41	21	21	21	17	23	23	23	23	21	22	22	21
LOC_42	21	23	22	21	21	21	22	21	21	22	24	21
LOC_43	19	18	18	19	19	19	19	18	18	18	18	18
LOC_44	18	18	18	19	19	18	18	18	18	18	18	18
LOC_45	14	21	21	16	16	16	16	21	21	22	21	18
LOC_46	20	20	20	20	17	20	20	20	20	22	20	20
LOC_47	15	15	15	15	15	15	15	15	15	15	15	15
LOC_48	17	17	17	17	17	18	17	17	17	17	17	17
LOC_49	15	15	15	15	15	15	15	15	15	14	14	15
LOC_50	16	17	17	16	16	16	16	16	16	14	16	16
LOC_51	20	20	20	20	19	22	20	21	22	20	19	20
LOC_52	19	21	19	19	17	19	19	19	19	19	19	19
LOC_53	23	23	23	21	21	21	21	22	22	24	25	23
LOC_54	20	20	21	20	20	22	22	20	20	21	23	20
LOC_55	20	19	20	21	21	19	21	20	20	20	20	20
LOC_56	19	16	16	18	17	19	19	19	21	20	19	19
LOC_57	22	22	22	22	22	22	21	22	22	22	22	23
LOC_58	21	23	20	21	22	22	22	21	21	24	23	21
LOC_59	9	9	9	11	9	9	9	9	9	9	9	9
LOC_60	21	22	22	19	18	21	20	21	21	18	19	20
LOC_61	24	26	25	24	21	22	22	27	25	24	25	24
LOC_62	18	17	17	18	17	18	18	17	19	20	17	18
LOC_63	17	16	17	17	17	17	17	17	17	17	17	17
LOC_64	17	18	18	17	17	17	17	17	17	17	17	17
LOC_65	17	17	17	17	17	17	17	17	17	18	18	17
LOC_66	19	21	20	19	19	19	19	22	22	20	22	21
LOC_67	24	21	21	23	24	24	24	23	23	19	19	22
LOC_68	16	16	16	16	15	15	15	16	16	16	16	16
LOC_69	21	22	23	21	20	21	21	20	21	20	19	21
LOC_70	29	24	23	25	25	23	25	23	25	24	25	23
LOC_71	16	16	16	16	17	17	17	16	16	16	16	16
LOC_72	20	18	19	22	20	20	21	20	18	19	19	20
LOC_73	19	19	19	19	19	19	19	19	19	19	19	19
LOC_74	24	23	20	23	24	22	22	24	23	24	24	22
LOC_75	23	23	23	23	22	23	22	24	24	23	23	23
LOC_76	21	22	23	21	21	21	21	23	23	24	25	21
LOC_77	14	14	14	14	14	15	14	14	16	14	14	14
LOC_78	18	25	24	19	18	17	19	25	24	22	25	22
LOC_79	18	15	15	18	18	17	16	14	14	13	15	15
LOC_80	26	25	24	23	24	23	23	23	23	24	23	24
LOC_81	16	18	16	16	16	13	13	16	16	16	17	16
LOC_82	20	20	21	19	20	20	20	20	20	19	18	20
LOC_83	18	16	16	18	18	17	17	18	16	17	16	18
LOC_84	16	16	16	16	16	16	16	17	18	16	17	16
LOC_85	21	21	20	21	22	22	22	26	25	21	21	21
LOC_86	16	15	15	16	16	17	16	16	15	15	15	16
LOC_87	20	22	21	20	19	20	20	20	20	21	21	20
LOC_88	23	17	21	24	22	22	22	20	20	20	20	22
LOC_89	25	25	26	26	25	25	25	29	26	23	24	26
LOC_90	20	20	20	20	20	22	21	21	20	20	19	20
LOC_91	17	16	17	17	16	18	18	17	17	19	19	17
LOC_92	19	20	20	19	19	18	20	24	18	21	20	19
LOC_93	12	12	12	13	13	13	13	13	12	12	12	12
LOC_94	15	14	14	15	15	15	15	14	14	15	15	15
LOC_95	13	13	13	13	13	11	11	13	13	15	15	13
LOC_96	22	19	19	20	20	20	20	21	21	21	21	20
LOC_97	20	22	22	19	18	21	20	21	21	24	22	20
LOC_98	15	15	15	15	16	17	17	15	15	15	15	15
LOC_99	16	15	15	16	16	16	16	14	15	15	15	16
LOC_100	14	16	16	14	14	14	14	15	15	16	16	14
LOC_101	21	20	18	21	21	21	22	21	21	21	21	21
LOC_102	16	19	19	20	19	19	19	19	19	19	19	19
LOC_103	14	15	15	14	16	14	14	14	14	17	15	14
LOC_104	20	19	19	21	21	20	21	21	21	19	20	21
LOC_105	17	17	17	17	16	17	17	16	18	17	17	16
LOC_106	27	28	27	25	26	26	26	24	25	27	27	28
LOC_107	15	15	15	16	15	15	15	15	15	15	15	15
LOC_108	23	24	23	23	24	22	23	24	24	22	22	23
LOC_109	14	14	14	14	14	14	14	14	14	13	13	14
LOC_110	13	17	17	15	14	14	14	16	17	16	16	16
LOC_111	16	15	15	15	15	12	12	13	15	15	15	15
LOC_112	21	21	21	23	21	20	21	21	21	21	21	21
LOC_113	14	15	15	14	14	14	14	14	14	14	14	14
LOC_114	15	18	17	16	16	16	16	17	17	17	17	17
LOC_115	14	14	15	14	14	12	14	14	14	14	14	14
LOC_116	14	14	14	14	14	14	14	14	14	14	12	14
LOC_117	20	19	19	21	18	19	21	19	21	20	19	19
LOC_118	15	15	15	16	16	18	18	13	15	15	15	16
LOC_119	23	22	22	25	23	23	23	24	24	23	23	23
LOC_120	18	18	19	18	18	18	18	18	18	18	18	18
LOC_121	18	18	18	17	16	17	17	19	19	19	19	18
LOC_122	20	19	21	18	20	20	21	19	18	19	19	19
LOC_123	25	24	24	25	26	25	25	24	24	25	25	24
LOC_124	22	22	23	21	21	21	21	21	23	22	24	22
LOC_125	30	28	27	28	28	29	30	25	27	29	27	27
LOC_126	13	13	13	14	15	14	15	14	14	16	14	14
LOC_127	21	24	24	22	21	23	24	21	21	22	23	22
LOC_128	20	21	21	20	21	20	22	21	21	21	21	20
LOC_129	19	21	21	19	20	20	20	22	20	18	18	19
LOC_130	24	27	24	26	24	23	22	23	23	25	26	24
LOC_131	13	16	16	13	13	13	13	15	15	15	15	15
LOC_132	21	21	21	19	22	21	21	19	19	21	22	21
LOC_133	22	26	26	22	22	21	21	23	23	24	25	22
LOC_134	23	25	25	23	23	22	22	22	23	23	23	23
LOC_135	15	15	14	15	15	15	15	14	14	11	12	14
LOC_136	15	17	17	15	15	16	16	13	15	14	15	15
LOC_137	26	21	20	25	26	25	25	24	26	24	25	24
LOC_138	20	22	22	24	21	21	21	22	19	21	23	21
LOC_139	17	17	17	17	17	17	17	17	17	17	17	17
LOC_140	17	15	15	17	17	17	17	17	18	16	16	17
LOC_141	15	13	13	14	16	15	15	13	13	13	13	15
LOC_142	27	25	25	27	30	30	26	26	27	25	26	27
LOC_143	21	22	21	20	21	20	20	20	23	22	23	21
LOC_144	16	16	16	16	16	16	16	16	16	15	15	16
LOC_145	18	21	19	18	18	18	18	19	18	21	20	20
LOC_146	20	20	20	19	20	20	20	20	20	18	18	20
LOC_147	21	19	18	24	23	22	22	18	19	19	19	21
LOC_148	14	17	17	14	14	14	14	16	16	17	17	14
LOC_149	16	19	19	16	17	17	17	19	18	19	19	18
LOC_150	15	17	18	15	15	15	15	16	15	16	16	15
LOC_151	16	16	16	16	16	16	16	16	16	14	16	16
LOC_152	22	21	21	22	22	22	23	21	21	21	21	20
LOC_153	20	25	27	19	19	19	19	19	20	24	24	20
LOC_154	18	20	20	17	17	17	17	17	16	18	18	18
LOC_155	20	20	21	20	19	19	19	21	20	23	23	21
LOC_156	16	17	17	17	17	18	19	17	17	17	17	17
LOC_157	17	17	17	17	16	17	17	17	17	17	17	17
LOC_158	22	22	22	22	23	24	24	21	22	22	22	22
LOC_159	15	16	19	15	17	15	15	15	15	15	13	15
LOC_160	19	19	19	18	19	19	19	20	19	19	19	19
LOC_161	21	22	22	22	22	22	22	20	21	22	19	21
LOC_162	19	20	20	19	19	17	19	20	20	20	20	20
LOC_163	18	18	18	16	16	17	16	18	18	20	19	18
LOC_164	20	18	19	21	22	25	23	19	19	18	18	20
LOC_165	15	16	16	16	16	16	16	15	15	16	16	15
LOC_166	17	16	17	17	17	19	17	17	18	17	17	17
LOC_167	16	17	17	16	17	16	16	17	17	17	17	16
LOC_168	28	28	30	28	27	27	27	26	30	28	28	28
LOC_169	25	24	23	25	24	24	24	23	23	23	23	23
LOC_170	19	19	21	20	19	19	19	19	20	20	20	19
LOC_171	22	24	25	25	20	20	19	23	23	25	23	23
LOC_172	21	26	25	24	23	24	23	28	26	30	28	22
LOC_173	16	16	16	16	16	16	16	16	16	16	16	16
LOC_174	23	22	22	22	24	26	24	21	21	22	22	22
LOC_175	26	23	29	24	27	26	26	26	28	31	32	27
LOC_176	14	15	15	16	14	15	14	15	14	15	16	14
LOC_177	26	22	22	27	26	26	26	25	25	24	24	24
LOC_178	24	20	21	25	24	23	25	24	23	25	25	23
LOC_179	23	23	22	23	23	24	24	23	23	23	23	23
LOC_180	25	24	23	22	22	22	22	22	21	23	24	22
LOC_181	17	18	18	17	17	17	17	19	19	18	18	18
LOC_182	23	23	24	23	24	23	23	23	23	24	23	23
LOC_183	25	24	24	23	24	24	27	25	25	25	25	25
LOC_184	17	16	16	16	17	17	17	18	19	17	17	16
LOC_185	21	20	20	22	21	21	21	20	18	20	19	20
LOC_186	16	16	16	17	17	17	17	16	16	16	17	16
LOC_187	21	21	21	21	20	21	20	21	21	19	19	21
LOC_188	25	27	27	25	27	25	20	26	27	25	24	25
LOC_189	16	19	15	17	16	20	19	14	16	15	15	14
LOC_190	21	23	21	23	23	21	21	21	21	21	19	22
LOC_191	17	17	18	17	17	17	17	17	17	15	15	17
LOC_192	21	21	21	21	24	24	24	20	21	19	19	21
LOC_193	15	15	15	14	13	13	13	16	16	15	15	15
LOC_194	18	19	18	20	20	20	20	20	19	21	19	18
LOC_195	18	19	18	18	18	16	18	18	18	17	18	18
LOC_196	20	23	23	20	21	22	21	23	23	22	22	22
LOC_197	19	22	21	21	21	21	21	20	20	20	20	21
LOC_198	29	26	25	29	26	26	26	28	27	28	26	27
LOC_199	12	16	16	16	14	14	14	14	14	14	14	14
LOC_200	23	24	23	23	22	24	23	24	25	24	24	23
LOC_201	24	26	26	23	23	24	25	24	27	23	23	24
LOC_202	17	18	19	17	17	16	16	17	17	18	18	17
LOC_203	18	18	18	17	17	16	15	16	16	17	18	18
LOC_204	19	17	17	19	19	20	20	18	18	18	19	18
LOC_205	14	16	16	14	14	14	14	17	17	12	13	14
LOC_206	21	19	19	20	21	20	20	17	17	18	18	20
LOC_207	15	17	16	14	14	14	14	16	16	16	16	14
LOC_208	14	11	14	14	14	14	14	15	14	15	14	14
LOC_209	17	14	14	17	18	18	16	16	17	14	14	17
LOC_210	18	22	22	17	23	21	21	23	22	22	22	22
LOC_211	25	22	23	25	26	27	27	24	24	24	23	24
LOC_212	23	22	22	23	23	21	23	22	22	23	24	24
LOC_213	19	20	20	19	19	20	19	19	18	20	19	19
LOC_214	19	18	18	17	17	18	17	17	17	20	17	17
LOC_215	16	16	16	15	13	15	14	16	16	16	16	16
LOC_216	18	16	18	18	18	18	18	19	19	19	19	20
LOC_217	24	24	23	24	26	25	26	24	24	22	23	25
LOC_218	17	16	16	17	17	17	19	17	17	16	16	17
LOC_219	15	16	16	14	14	14	14	15	15	16	15	15
LOC_220	17	20	20	18	18	18	18	18	18	19	19	18
LOC_221	24	21	20	24	25	25	26	25	23	22	23	24
LOC_222	26	26	27	28	29	31	33	26	27	26	26	28
LOC_223	14	14	14	13	13	13	13	14	14	14	16	14
LOC_224	16	16	16	17	13	16	15	16	16	16	16	16
LOC_225	21	22	23	21	21	22	21	24	23	21	21	21
LOC_226	16	16	16	16	16	15	15	16	16	15	15	16
LOC_227	7	7	7	7	7	7	7	7	7	7	6	7
LOC_228	16	16	16	16	16	16	16	14	16	16	17	16
LOC_229	15	17	17	15	15	15	16	17	17	17	19	17
LOC_230	17	19	19	18	17	17	17	21	21	19	18	19
LOC_231	19	20	20	18	19	21	19	19	18	22	20	19
LOC_232	18	20	20	18	18	17	17	18	18	22	20	18
LOC_233	15	15	15	15	15	15	15	15	15	15	15	15
LOC_234	15	17	17	13	14	14	14	15	15	15	15	15
LOC_235	22	21	21	23	23	22	25	22	23	20	20	22
LOC_236	17	18	17	17	17	16	16	18	18	17	17	17
LOC_237	20	19	19	20	20	19	19	18	18	18	18	20
LOC_238	21	22	22	20	21	21	21	20	20	21	21	21
LOC_239	21	25	29	21	21	22	22	23	23	23	23	22
LOC_240	14	14	14	14	14	14	14	14	13	13	14	14
LOC_241	18	18	18	20	21	19	21	19	18	18	19	18
LOC_242	17	16	16	17	17	18	17	17	16	16	17	17
LOC_243	20	19	19	20	20	21	19	19	19	18	19	19
LOC_244	14	13	14	14	14	15	16	18	17	14	14	14
LOC_245	24	25	25	27	26	26	25	25	23	23	24	24
LOC_246	24	22	21	26	24	22	23	23	25	22	22	24
LOC_247	16	15	14	16	16	15	16	14	14	14	15	16
LOC_248	18	18	21	18	16	19	19	18	19	18	18	18
LOC_249	25	22	22	26	26	25	24	23	23	21	19	24
LOC_250	26	26	25	26	23	23	23	25	24	25	25	27
LOC_251	17	17	18	17	17	17	17	20	19	17	16	17
LOC_252	22	23	24	22	23	22	21	23	23	23	23	22
LOC_253	14	14	15	15	15	15	16	14	14	16	16	14
LOC_254	16	19	19	16	16	16	16	18	18	19	18	16
LOC_255	23	23	24	21	21	20	20	23	25	25	25	23
LOC_256	20	18	19	20	20	20	21	18	18	19	20	19
LOC_257	21	21	21	19	21	21	22	22	21	20	20	20
LOC_258	15	15	15	13	13	13	13	13	13	15	16	13
LOC_259	20	19	19	20	19	22	22	20	20	20	20	20
LOC_260	22	22	21	26	22	22	22	23	22	24	24	22
LOC_261	15	15	15	15	14	14	14	15	15	13	14	15
LOC_262	13	13	13	15	13	13	13	13	14	13	13	13
LOC_263	16	16	17	14	14	15	15	16	16	16	16	16
LOC_264	21	20	19	18	24	23	23	22	22	21	20	22
LOC_265	24	20	20	24	26	25	25	20	20	20	20	24
LOC_266	19	19	19	19	19	19	19	19	19	18	18	19
LOC_267	18	17	16	18	19	20	19	17	17	17	17	18
LOC_268	17	17	16	17	17	17	17	17	17	17	17	17
LOC_269	16	13	16	16	16	15	16	16	16	16	16	16
LOC_270	20	19	19	20	20	19	18	19	19	19	19	19
LOC_271	24	23	23	23	25	24	25	23	23	23	23	24
LOC_272	23	24	24	23	22	22	22	23	23	20	20	23
LOC_273	24	24	24	26	26	27	24	23	24	25	23	24
LOC_274	22	21	21	22	23	23	23	22	23	21	21	22
LOC_275	15	15	16	15	15	17	19	15	15	15	14	15
LOC_276	20	22	22	20	19	20	19	20	20	21	21	20
LOC_277	14	14	14	14	14	15	15	14	14	15	15	14
LOC_278	14	14	14	14	15	14	14	13	13	13	14	14
LOC_279	15	15	15	15	15	15	15	15	15	16	16	15
LOC_280	20	19	18	20	20	20	20	21	21	18	19	20
LOC_281	20	24	20	19	19	21	19	20	20	21	21	20
LOC_282	17	15	15	17	19	17	18	15	15	15	15	15
LOC_283	15	14	15	15	15	15	15	14	14	14	14	14
LOC_284	14	14	14	14	14	14	14	14	14	13	13	14
LOC_285	27	28	29	30	29	28	28	30	30	26	27	29
LOC_286	18	17	17	18	18	19	18	17	17	17	17	18
LOC_287	28	27	28	26	26	26	26	29	26	27	26	28
LOC_288	17	13	15	16	17	17	16	14	14	13	11	17
LOC_289	15	15	15	15	15	15	16	13	13	15	16	15
LOC_290	19	18	18	19	19	18	19	18	18	18	19	19
LOC_291	17	17	17	16	16	16	16	18	18	18	16	18
LOC_292	23	20	19	21	21	21	21	18	18	20	19	19
LOC_293	15	15	15	15	15	18	18	15	15	16	15	15
LOC_294	24	24	24	26	28	28	27	25	24	24	24	25
LOC_295	19	18	19	18	17	16	18	18	18	20	19	18
LOC_296	14	18	18	13	15	14	14	16	14	14	14	14
LOC_297	15	16	16	15	15	14	15	16	16	16	16	15
LOC_298	17	17	17	17	17	15	15	19	15	17	17	17
LOC_299	16	15	15	16	15	15	15	16	17	17	15	16
LOC_300	17	21	20	17	19	19	19	17	17	18	18	17
LOC_301	19	20	20	20	22	20	21	20	19	20	20	20
LOC_302	26	26	25	24	22	23	23	24	25	22	24	24
LOC_303	18	17	17	20	21	20	20	17	18	17	17	18
LOC_304	14	13	13	15	15	15	15	14	14	16	16	14
LOC_305	18	17	17	18	18	21	18	18	18	17	17	17
LOC_306	26	27	27	27	29	27	26	24	24	25	24	26
LOC_307	22	23	26	22	20	22	22	19	20	26	26	22
LOC_308	21	22	21	23	22	25	22	20	21	23	21	22
LOC_309	22	22	21	22	22	22	21	21	21	22	22	22
LOC_310	15	11	13	15	15	14	14	11	11	11	11	15
LOC_311	18	18	18	20	17	18	18	18	20	18	18	18
LOC_312	17	16	16	17	16	16	16	16	16	16	16	18
LOC_313	16	16	18	16	17	15	15	16	16	18	16	16
LOC_314	15	15	15	15	11	14	14	15	15	15	16	15
LOC_315	15	17	18	15	15	15	15	17	17	17	17	15
LOC_316	28	28	28	26	26	25	28	27	28	25	27	26
LOC_317	21	23	21	21	20	20	20	22	27	21	21	21
LOC_318	22	20	20	23	23	24	25	22	22	20	20	22
LOC_319	22	23	24	22	22	25	22	24	24	25	25	22
LOC_320	20	21	21	19	19	20	20	21	21	23	23	21
LOC_321	15	16	16	15	15	14	14	15	15	16	16	16
LOC_322	12	12	12	12	12	14	12	13	12	15	14	12
LOC_323	14	14	14	14	14	14	14	16	16	15	14	14
LOC_324	21	21	21	19	18	21	21	21	20	21	21	21
LOC_325	16	16	16	16	17	15	16	16	16	16	16	16
LOC_326	16	21	21	16	16	16	16	17	17	24	24	16
LOC_327	15	17	17	15	15	15	15	15	15	17	17	15
LOC_328	20	21	24	22	21	21	21	20	20	20	20	20
LOC_329	23	22	22	23	27	27	28	23	24	22	22	23
LOC_330	24	19	19	22	20	21	21	22	22	19	19	22
LOC_331	22	25	25	21	21	22	21	23	23	22	23	23
LOC_332	15	15	15	15	15	15	15	15	15	15	13	15
LOC_333	14	16	16	14	14	14	14	16	16	16	16	14
LOC_334	18	19	20	18	18	18	18	20	19	19	18	19
LOC_335	25	23	23	25	25	21	21	23	22	23	23	23
LOC_336	23	27	25	23	23	23	23	23	23	24	23	24
LOC_337	20	21	21	20	20	20	21	21	21	26	23	20
LOC_338	18	19	19	18	18	17	17	19	19	19	19	19
LOC_339	17	18	18	17	16	18	18	18	19	18	18	17
LOC_340	13	14	14	14	14	14	14	12	12	12	12	13
LOC_341	21	17	17	19	19	17	17	20	19	17	17	20
LOC_342	15	15	15	14	14	14	14	15	15	15	15	14
LOC_343	20	21	20	21	19	19	20	20	20	21	20	20
LOC_344	17	17	17	17	18	17	16	18	17	17	16	17
LOC_345	17	15	15	16	17	16	16	15	15	15	18	15
LOC_346	23	23	23	21	22	22	21	23	24	24	24	23
LOC_347	19	20	20	19	19	19	19	23	23	18	18	20
LOC_348	21	21	20	24	22	22	22	20	20	20	20	20
LOC_349	15	15	17	15	15	14	15	17	17	15	15	15
LOC_350	17	18	17	17	17	16	16	16	16	17	18	17
LOC_351	27	26	28	25	27	25	24	27	25	27	26	26
LOC_352	20	20	20	19	17	18	18	20	20	20	20	20
LOC_353	17	20	19	18	18	18	18	20	20	20	20	18
LOC_354	15	16	15	15	15	15	13	15	15	14	14	15
LOC_355	14	16	16	14	14	14	14	13	15	15	15	14
LOC_356	15	17	17	16	16	16	16	20	20	17	17	17
LOC_357	16	16	16	16	16	16	16	15	12	16	16	16
LOC_358	7	7	7	7	7	7	6	7	6	7	7	7
LOC_359	20	19	18	20	20	20	21	19	19	19	19	19
LOC_360	23	24	24	23	23	23	23	25	25	25	25	24
LOC_361	22	21	20	20	21	22	22	23	25	20	19	21
LOC_362	22	23	25	22	21	23	22	21	21	22	22	22
LOC_363	8	8	8	8	8	8	8	8	8	8	8	8
LOC_364	14	13	13	14	14	15	14	14	14	13	13	14
LOC_365	24	25	24	27	29	27	27	26	25	25	25	25
LOC_366	17	19	20	17	17	18	18	19	17	16	18	17
LOC_367	14	16	16	15	15	15	15	16	16	16	16	16
LOC_368	25	22	23	26	25	25	24	25	23	24	24	24
LOC_369	28	25	27	29	30	29	27	26	27	29	29	28
LOC_370	18	18	18	18	18	18	18	19	18	19	20	18
LOC_371	22	22	22	22	22	22	20	22	23	24	22	23
LOC_372	22	19	19	20	21	22	21	19	19	19	19	21
LOC_373	14	13	13	14	12	12	13	12	12	15	13	14
LOC_374	15	15	15	15	15	15	15	15	15	16	15	15
LOC_375	19	20	19	19	19	19	18	18	18	19	19	18
LOC_376	20	21	22	20	20	21	20	24	23	22	21	20
LOC_377	26	23	24	26	24	24	23	24	24	24	24	23
LOC_378	22	22	20	24	23	21	22	25	24	22	20	23
LOC_379	19	18	18	21	21	20	20	18	18	18	18	18
LOC_380	18	17	16	18	18	18	18	19	19	19	18	18
LOC_381	14	14	14	14	14	14	14	14	14	14	14	14
LOC_382	18	21	19	18	18	18	18	16	18	17	17	18
LOC_383	17	24	22	17	17	17	17	18	18	21	21	17
LOC_384	14	14	14	15	14	14	14	14	14	14	14	14
LOC_385	18	17	16	19	19	19	19	18	18	18	18	18
LOC_386	19	20	20	19	19	19	19	19	19	18	19	19
LOC_387	17	17	17	17	17	17	18	17	17	19	19	17
LOC_388	27	29	27	29	28	28	29	28	27	27	28	28
LOC_389	18	18	18	18	18	18	19	18	16	18	18	18
LOC_390	7	7	7	7	7	8	8	7	7	7	7	7
LOC_391	22	23	24	23	23	22	23	21	21	26	24	22
LOC_392	27	24	23	25	23	25	25	24	24	22	22	22
LOC_393	15	15	15	15	15	15	15	15	15	15	15	15
LOC_394	16	16	16	15	15	16	16	16	16	16	16	16
LOC_395	19	20	21	21	20	20	20	21	21	20	20	20
LOC_396	17	17	17	16	16	15	15	17	17	17	17	17
LOC_397	21	20	20	19	19	19	19	19	19	19	19	19
LOC_398	17	17	17	17	17	18	17	17	17	16	16	17
LOC_399	31	27	28	28	29	27	28	29	28	27	26	29
LOC_400	15	16	16	15	15	15	15	15	15	16	16	15
LOC_401	13	13	13	13	13	13	13	15	14	13	13	13
LOC_402	15	12	12	14	14	14	14	17	14	14	16	14
LOC_403	14	14	16	13	14	13	14	14	14	14	14	14
LOC_404	10	13	13	10	11	11	11	13	13	13	15	10
LOC_405	16	17	17	16	16	16	16	17	15	16	16	16
LOC_406	19	20	20	19	19	19	19	19	18	19	19	19
LOC_407	17	18	18	17	17	17	17	18	18	18	18	17
LOC_408	15	14	14	14	15	14	14	14	14	14	14	14
LOC_409	15	15	15	15	17	16	15	15	15	16	15	15
LOC_410	17	16	16	17	17	17	17	15	16	16	16	16
LOC_411	14	14	14	15	15	15	15	14	14	14	14	14
LOC_412	20	20	19	20	19	20	20	19	19	23	19	19
LOC_413	21	19	19	23	23	24	24	20	21	19	19	20
LOC_414	15	15	15	15	15	15	15	15	15	15	15	15
LOC_415	14	14	14	14	14	14	15	13	14	15	15	14
LOC_416	17	17	17	17	17	17	17	17	17	17	17	17
LOC_417	14	11	11	14	14	14	14	14	14	11	11	14
LOC_418	14	14	14	14	14	14	14	13	14	14	14	14
LOC_419	15	15	17	15	15	15	15	15	15	15	15	15
LOC_420	13	13	13	13	13	13	13	13	13	13	13	13
LOC_421	17	18	18	17	18	18	18	18	17	18	18	17
LOC_422	23	25	22	22	24	22	22	24	24	23	21	23
LOC_423	9	9	9	9	9	9	9	9	9	9	9	9
LOC_424	20	20	19	20	20	21	20	21	21	19	19	20
LOC_425	16	15	15	16	16	15	15	15	16	19	16	16
LOC_426	17	18	18	17	17	19	19	17	17	18	18	17
LOC_427	20	23	24	19	20	21	19	23	22	20	20	20
LOC_428	16	16	16	16	16	17	16	16	16	19	17	16
LOC_429	19	21	18	19	19	19	19	20	19	18	18	19
LOC_430	19	20	20	20	21	20	21	19	19	14	20	19
LOC_431	20	17	17	19	19	19	19	18	20	18	18	19
LOC_432	14	13	13	14	13	13	13	13	13	13	14	14
LOC_433	25	28	26	28	29	24	27	23	23	26	25	23
LOC_434	19	19	19	19	19	19	17	20	19	18	19	19
LOC_435	24	26	27	25	24	25	25	26	25	23	23	25
LOC_436	24	26	24	26	27	26	26	25	25	27	25	24
LOC_437	22	21	21	23	21	18	20	22	22	22	22	22
LOC_438	23	22	22	22	24	24	24	22	22	22	23	23
LOC_439	16	16	17	16	16	16	16	16	16	15	15	16
LOC_440	20	20	20	21	20	19	19	20	20	20	20	20
LOC_441	16	16	16	16	16	17	17	17	16	16	16	16
LOC_442	21	24	23	22	22	25	24	23	23	22	22	22
LOC_443	18	18	22	18	18	18	17	21	20	21	21	18
LOC_444	17	24	22	16	16	16	18	22	23	23	23	20
LOC_445	23	22	23	22	22	22	20	20	22	23	23	22
LOC_446	18	18	18	20	15	17	20	19	18	17	17	18
LOC_447	17	23	22	18	20	19	22	18	18	24	22	18
LOC_448	30	24	24	29	28	27	27	28	29	27	26	28
LOC_449	17	17	17	18	18	18	19	17	17	17	17	17
LOC_450	19	21	21	20	20	20	20	21	18	24	21	20
LOC_451	14	16	16	14	14	14	14	15	15	16	17	14
LOC_452	19	20	20	20	20	21	20	19	19	20	20	19
LOC_453	18	21	19	18	18	18	18	17	18	18	19	18
LOC_454	25	24	23	25	25	24	25	20	22	25	24	21
LOC_455	16	16	16	18	15	15	15	16	16	16	16	16
LOC_456	15	15	15	15	14	15	15	15	15	15	15	15
LOC_457	22	22	22	22	22	21	22	23	23	21	23	22
LOC_458	16	19	18	16	16	18	18	16	17	16	16	16
LOC_459	7	7	5	7	8	8	8	7	7	7	7	7
LOC_460	18	18	18	18	18	19	19	18	18	17	18	18
LOC_461	14	14	14	14	14	14	14	14	14	14	14	14
LOC_462	20	23	24	20	20	20	21	20	21	22	21	21
LOC_463	25	25	24	24	24	24	23	26	26	19	26	25
LOC_464	18	19	19	18	19	18	20	23	18	19	19	18
LOC_465	25	27	27	24	24	24	24	26	26	27	27	25
LOC_466	24	25	23	24	24	24	25	22	22	25	26	24
LOC_467	21	17	19	20	20	20	20	20	19	19	19	19
LOC_468	14	16	16	14	15	14	14	15	15	17	16	14
LOC_469	24	26	26	24	24	24	24	23	23	26	25	23
LOC_470	22	23	22	24	25	19	19	22	23	23	23	23
LOC_471	19	20	20	19	20	19	19	19	19	19	19	19
LOC_472	16	19	19	16	16	16	16	16	15	18	18	16
LOC_473	22	18	18	21	21	21	21	21	21	19	20	21
LOC_474	15	15	15	15	15	17	15	15	15	15	15	15
LOC_475	16	16	17	16	16	16	16	18	17	16	17	16
LOC_476	17	16	16	19	18	18	18	17	16	16	16	16
LOC_477	19	19	19	19	19	19	19	20	19	21	20	19
LOC_478	16	16	16	15	18	16	16	16	16	16	16	16
LOC_479	18	17	17	19	18	19	19	17	17	17	17	17
LOC_480	18	16	17	18	17	19	18	17	17	16	16	17
LOC_481	16	16	16	16	16	16	16	17	17	16	16	16
LOC_482	17	17	17	17	17	17	17	17	17	17	17	17
LOC_483	23	24	24	23	23	25	22	23	23	25	25	24
LOC_484	25	25	25	24	25	25	26	26	24	23	24	25
LOC_485	17	18	15	17	18	16	17	18	20	20	20	17
LOC_486	24	24	23	24	26	27	27	23	24	24	24	23
LOC_487	17	17	17	17	16	17	17	16	16	17	17	17
LOC_488	22	23	23	23	23	23	23	24	24	22	22	23
LOC_489	18	19	18	19	18	18	18	18	18	17	18	18
LOC_490	14	13	13	14	14	14	14	15	15	13	12	14
LOC_491	21	21	21	21	22	21	21	21	20	20	20	21
LOC_492	20	21	21	20	19	21	21	20	22	20	20	20
LOC_493	29	27	30	29	29	29	28	28	29	26	27	27
LOC_494	17	18	17	17	17	17	17	17	17	17	17	17
LOC_495	25	22	22	23	23	22	23	23	22	20	20	23
LOC_496	22	20	20	22	22	22	22	22	22	20	20	22
LOC_497	20	17	17	19	18	19	19	17	16	18	16	20
LOC_498	8	8	8	8	8	8	8	8	8	8	8	8
LOC_499	21	22	22	22	20	25	23	21	22	22	22	21
LOC_500	19	20	20	19	19	19	19	21	22	21	24	19
LOC_501	20	14	14	20	20	20	20	17	16	17	17	17
LOC_502	25	25	26	21	26	24	24	28	30	28	27	27
LOC_503	7	7	7	7	7	7	7	7	7	7	7	7
LOC_504	15	15	15	15	17	16	16	13	15	15	15	15
LOC_505	21	22	22	21	19	19	20	23	21	22	24	21
LOC_506	14	14	14	14	14	15	17	14	14	14	14	14
LOC_507	14	15	14	14	15	12	14	15	18	14	14	14
LOC_508	18	18	18	18	18	18	18	20	17	18	20	18
LOC_509	19	21	23	18	18	18	18	19	19	19	20	19
LOC_510	20	20	22	20	20	20	20	20	20	20	19	20
LOC_511	20	21	21	21	21	20	21	20	20	20	21	20
LOC_512	26	22	22	23	23	22	22	25	26	24	24	23
LOC_513	16	18	16	16	16	16	16	18	18	16	16	16
LOC_514	14	15	15	14	14	14	14	14	14	16	16	14
LOC_515	18	18	16	17	18	18	18	18	18	18	19	18
LOC_516	18	20	20	21	19	19	19	18	19	20	19	18
LOC_517	19	17	17	19	19	18	19	18	18	18	18	19
LOC_518	21	22	22	20	23	22	22	23	23	23	24	21
LOC_519	17	18	19	17	17	16	18	16	18	18	18	17
LOC_520	20	20	20	20	21	18	21	20	20	19	19	20
LOC_521	16	18	18	16	16	18	18	17	17	16	16	16
LOC_522	19	20	20	20	20	20	20	19	19	19	16	19
LOC_523	17	17	17	17	17	18	18	17	19	16	16	18
LOC_524	22	23	23	21	21	20	20	22	21	24	23	22
LOC_525	18	19	19	18	18	18	19	19	18	18	18	18
LOC_526	14	14	14	14	14	15	15	14	14	14	14	14
LOC_527	18	18	18	19	19	20	19	18	18	18	18	18
LOC_528	19	19	19	18	18	18	18	18	18	18	18	18
LOC_529	16	16	16	16	16	16	16	16	16	16	16	16
LOC_530	14	15	15	15	14	14	14	14	15	15	15	14
LOC_531	21	21	21	21	20	20	20	24	24	23	23	22
LOC_532	16	16	16	16	16	17	16	16	22	16	16	16
LOC_533	19	22	23	19	20	20	20	20	19	18	18	19
LOC_534	19	18	18	19	18	18	18	18	19	18	18	18
LOC_535	21	19	19	21	19	19	19	19	19	21	19	20
LOC_536	16	18	18	16	16	16	19	16	16	16	16	16
LOC_537	22	19	21	21	22	20	20	23	21	21	21	21
LOC_538	22	21	21	25	25	25	22	20	21	21	21	21
LOC_539	28	28	31	29	28	31	28	27	27	27	29	30
LOC_540	27	25	24	24	25	25	27	25	25	24	24	27
LOC_541	14	18	18	13	14	14	14	14	14	15	15	14
LOC_542	17	18	17	15	17	18	17	17	17	16	16	17
LOC_543	21	20	20	21	22	22	21	18	20	21	21	20
LOC_544	12	12	12	12	12	12	12	12	13	12	12	12
LOC_545	17	18	18	16	19	19	20	17	17	17	17	17
LOC_546	17	18	18	19	18	18	18	19	18	19	18	18
LOC_547	22	23	22	22	23	25	24	23	22	23	23	22
LOC_548	28	29	31	26	28	26	26	30	30	28	31	28
LOC_549	17	16	16	16	14	17	18	16	15	16	16	16
LOC_550	26	23	25	23	23	23	23	20	22	23	23	24
LOC_551	15	16	16	16	14	14	14	16	16	16	16	15
LOC_552	16	16	17	16	17	17	17	15	15	16	16	16
LOC_553	18	22	22	18	18	19	18	19	19	22	24	18
LOC_554	14	14	14	15	16	16	15	14	14	14	16	14
LOC_555	23	25	23	21	22	22	20	22	22	23	22	22
LOC_556	17	16	16	16	17	17	17	17	17	19	18	17
LOC_557	22	19	19	21	21	21	21	21	21	19	19	21
LOC_558	19	18	18	20	20	21	20	18	18	17	17	18
LOC_559	16	15	15	16	15	16	16	16	16	16	17	16
LOC_560	21	20	20	19	21	19	21	22	23	22	22	21
LOC_561	23	25	25	24	25	23	24	22	23	23	23	24
LOC_562	21	21	22	19	19	19	20	22	22	22	22	22
LOC_563	25	27	26	24	25	23	21	27	29	27	27	27
LOC_564	18	18	18	24	18	18	18	18	18	18	18	18
LOC_565	19	20	19	20	22	22	22	19	19	19	19	19
LOC_566	15	15	15	15	15	15	15	15	15	15	15	15
LOC_567	23	22	21	22	24	18	18	21	22	22	22	23
LOC_568	18	17	17	16	18	18	18	17	19	17	17	18
LOC_569	15	16	16	15	15	15	15	18	17	15	18	17
LOC_570	17	19	19	18	17	16	16	19	19	20	20	19
LOC_571	17	17	17	17	17	17	17	17	17	17	17	17
LOC_572	17	20	19	17	17	18	18	15	17	19	20	17
LOC_573	22	20	19	22	22	23	24	18	18	20	18	19
LOC_574	21	18	18	22	23	27	23	18	20	18	18	21
LOC_575	17	20	16	17	17	17	17	17	17	16	16	17
LOC_576	18	17	17	17	16	16	16	17	17	17	17	18
LOC_577	12	12	12	12	12	12	12	12	14	12	12	12
LOC_578	14	14	14	15	15	15	15	14	14	14	14	14
LOC_579	20	21	21	20	23	22	21	21	21	23	21	20
LOC_580	20	14	14	13	15	14	14	14	14	14	14	14
LOC_581	18	17	17	16	17	18	18	18	18	17	17	18
LOC_582	19	20	20	19	17	17	17	17	18	18	18	18
LOC_583	14	14	14	14	14	14	15	16	16	14	14	14
LOC_584	19	19	19	20	20	20	20	18	19	18	22	20
LOC_585	12	15	14	14	14	15	15	14	14	14	14	14
LOC_586	19	20	20	20	19	20	20	24	20	20	20	20
LOC_587	12	12	15	12	12	12	12	12	12	12	12	12
LOC_588	27	31	31	30	27	26	29	29	29	33	31	28
LOC_589	8	8	8	8	8	8	10	8	8	9	9	8
LOC_590	14	15	15	14	17	18	18	14	14	15	15	14
LOC_591	20	15	16	17	16	16	16	18	18	18	17	17
LOC_592	11	11	11	12	11	11	11	11	11	11	11	11
LOC_593	15	14	14	15	13	13	13	14	14	15	15	14
LOC_594	25	24	24	26	27	27	25	27	26	24	23	26
LOC_595	18	18	17	18	18	18	19	18	17	18	18	18
LOC_596	26	25	29	21	22	24	24	27	27	25	26	26
LOC_597	21	20	21	20	24	25	25	19	19	20	20	20
LOC_598	21	21	21	21	22	23	22	21	22	23	22	21
LOC_599	28	33	33	32	28	28	27	27	28	31	31	29
LOC_600	25	26	27	26	26	28	27	23	23	25	25	26
LOC_601	15	14	14	15	17	16	16	14	14	13	14	14
LOC_602	14	14	16	14	14	12	12	14	14	14	14	14
LOC_603	18	16	16	18	18	18	18	17	16	16	16	17
LOC_604	24	26	26	29	29	28	29	26	25	25	29	26
LOC_605	23	23	23	23	24	22	22	23	23	24	23	23
LOC_606	14	14	14	13	13	12	14	15	14	14	14	14
LOC_607	19	18	19	19	19	18	19	19	20	19	19	19
LOC_608	22	24	26	21	21	22	22	23	29	24	24	24
LOC_609	29	28	29	26	29	28	28	31	31	29	33	30
LOC_610	16	16	15	16	16	16	16	15	15	15	15	16
LOC_611	23	25	24	23	23	25	25	21	21	22	22	22
LOC_612	16	16	15	16	16	17	16	13	13	14	15	15
LOC_613	29	27	30	25	28	27	27	23	24	28	28	27
LOC_614	28	28	28	27	30	30	29	28	29	30	26	29
LOC_615	18	19	19	19	18	19	18	18	19	18	18	18
LOC_616	25	21	22	22	23	22	23	23	24	22	22	22
LOC_617	29	28	31	26	25	28	26	29	27	29	29	29
LOC_618	19	20	19	19	21	20	19	22	18	19	19	19
LOC_619	20	20	20	20	18	15	13	21	20	21	21	21
LOC_620	23	25	26	25	24	24	24	25	24	23	25	24
LOC_621	25	28	27	28	26	23	24	22	21	28	27	25
LOC_622	23	20	20	20	20	20	20	24	22	20	20	23
LOC_623	23	21	21	26	26	26	24	22	23	22	21	23
LOC_624	21	20	20	20	22	20	20	20	20	20	20	20
LOC_625	14	14	14	14	14	14	14	14	14	14	14	14
LOC_626	16	16	16	17	17	15	17	16	16	16	16	16
LOC_627	15	14	14	14	14	14	15	14	14	14	14	14
LOC_628	20	17	17	20	24	20	20	17	17	18	18	17
LOC_629	20	19	19	20	20	20	19	21	20	21	20	20
LOC_630	16	15	15	17	15	16	15	15	15	15	16	16
LOC_631	22	20	20	21	22	22	20	20	20	20	20	19
LOC_632	16	17	16	16	16	16	16	16	16	20	18	16
LOC_633	20	21	20	20	19	17	17	20	21	21	20	20
LOC_634	22	22	22	22	21	22	21	22	23	22	23	22
LOC_635	18	16	16	18	19	19	19	17	18	16	17	18
LOC_636	17	17	16	17	19	20	20	20	17	20	17	17
LOC_637	15	15	15	15	15	15	15	15	15	17	17	15
LOC_638	17	18	16	18	19	18	18	17	19	18	18	18
LOC_639	25	23	20	25	24	22	24	26	24	24	24	24
LOC_640	20	19	20	21	19	20	20	20	20	20	21	20
LOC_641	20	21	20	20	20	21	20	20	20	19	20	20
LOC_642	27	29	30	24	26	24	24	31	31	27	29	28
LOC_643	22	25	23	20	22	20	20	23	23	23	23	22
LOC_644	22	21	22	22	21	21	21	21	21	22	18	22
LOC_645	18	18	18	19	19	19	19	16	17	18	18	18
LOC_646	16	16	18	16	18	20	20	16	16	17	17	16
LOC_647	14	14	14	14	16	15	15	16	15	16	15	14
LOC_648	15	15	15	16	18	16	16	15	15	15	15	15
LOC_649	17	17	19	16	16	16	16	17	17	17	18	17
LOC_650	24	23	23	24	23	24	24	23	24	23	24	24
LOC_651	15	19	19	15	15	15	15	18	17	19	19	15
LOC_652	16	13	13	16	16	16	15	18	18	13	13	16
LOC_653	24	23	23	23	23	22	22	24	24	24	23	24
LOC_654	21	22	21	22	21	22	20	21	21	21	21	21
LOC_655	23	27	27	24	24	23	23	27	27	26	29	24
LOC_656	16	16	16	15	15	14	14	16	16	16	16	15
LOC_657	17	15	15	17	16	15	16	15	15	15	15	16
LOC_658	27	25	26	25	25	24	23	24	24	26	27	25
LOC_659	19	19	19	18	18	18	18	19	19	22	22	18
LOC_660	16	17	17	16	20	20	20	15	15	17	15	16
LOC_661	9	9	9	9	10	11	11	10	10	9	9	9
LOC_662	16	16	16	16	16	17	16	16	16	17	16	16
LOC_663	19	18	18	18	20	22	21	19	18	18	18	18
LOC_664	26	25	24	29	26	26	27	24	25	27	28	26
LOC_665	12	13	13	12	13	13	13	12	12	12	12	12
LOC_666	21	23	23	23	23	23	24	25	25	24	23	23
LOC_667	17	18	18	17	17	17	17	17	15	17	17	17
LOC_668	20	20	21	19	21	23	24	22	23	20	20	20
LOC_669	24	25	24	24	24	23	25	23	23	27	25	23
LOC_670	15	14	14	14	14	14	14	13	13	14	14	14
LOC_671	16	17	17	16	15	16	16	16	16	17	17	16
LOC_672	22	21	22	22	21	22	23	20	21	21	21	21
LOC_673	20	21	21	17	17	18	18	22	21	22	22	21
LOC_674	21	23	23	21	19	21	21	21	22	22	22	21
LOC_675	18	18	18	18	18	18	18	18	18	19	18	18
LOC_676	20	20	22	21	20	20	22	21	20	20	20	20
LOC_677	16	15	15	11	15	18	17	17	17	18	21	16
LOC_678	20	20	20	21	22	21	21	20	20	20	20	20
LOC_679	15	15	14	15	16	15	15	15	14	15	15	15
LOC_680	18	21	18	18	19	19	19	18	18	18	17	18
LOC_681	16	16	16	16	16	16	16	16	16	16	16	16
LOC_682	15	14	14	15	15	15	15	16	16	13	14	14
LOC_683	22	21	21	22	23	22	24	22	23	22	21	22
LOC_684	27	26	26	27	28	30	29	26	27	24	24	28
LOC_685	24	21	21	23	23	23	23	23	23	21	21	23
LOC_686	17	20	18	17	17	21	20	20	20	17	17	17
LOC_687	21	21	22	21	23	23	23	22	21	23	22	21
LOC_688	24	22	22	23	24	22	22	22	22	23	25	24
LOC_689	22	23	23	28	29	26	28	21	21	23	23	23
LOC_690	21	21	21	22	20	22	21	20	20	21	21	21
LOC_691	20	23	24	20	23	23	22	20	20	22	24	20
LOC_692	19	19	19	19	20	20	20	20	19	21	20	19
LOC_693	15	19	19	19	19	18	18	20	19	19	19	19
LOC_694	19	16	16	18	18	18	18	17	16	16	16	16
LOC_695	17	17	18	17	23	22	22	17	17	17	17	17
LOC_696	21	22	22	22	21	21	21	23	22	21	22	23
LOC_697	22	23	22	21	21	21	21	22	22	22	23	22
LOC_698	25	28	31	27	26	29	28	27	29	31	30	28
LOC_699	15	15	15	15	13	15	15	15	15	15	15	15
LOC_700	17	18	18	17	17	18	19	17	18	18	18	17
LOC_701	16	17	16	16	19	18	19	17	16	19	18	16
LOC_702	21	21	22	21	22	20	20	21	21	21	22	21
LOC_703	28	26	26	30	29	32	31	27	28	27	30	29
LOC_704	25	30	30	27	28	26	25	30	31	30	28	28
LOC_705	19	18	20	20	20	20	20	19	19	20	20	19
LOC_706	21	21	21	21	21	21	20	22	23	21	21	21
LOC_707	18	18	18	17	17	16	16	18	18	18	18	18
LOC_708	30	29	30	31	34	34	30	31	31	27	27	30
LOC_709	27	26	25	29	25	27	26	27	26	28	29	29
LOC_710	20	23	22	20	20	20	20	21	20	22	22	20
LOC_711	11	12	12	12	12	13	12	12	12	12	12	12
LOC_712	23	26	25	22	22	23	22	27	22	23	23	23
LOC_713	22	23	23	24	23	23	24	23	23	22	21	23
LOC_714	15	15	15	15	15	15	15	16	14	15	15	15
LOC_715	16	15	16	16	17	16	17	16	16	17	17	16
LOC_716	26	30	31	32	31	32	30	27	26	28	28	28
LOC_717	30	32	34	30	26	26	28	28	29	31	34	30
LOC_718	17	17	18	16	17	17	17	18	18	16	16	17
LOC_719	31	33	34	33	30	29	33	30	31	32	28	29
LOC_720	28	30	28	29	26	25	26	28	28	29	28	30
LOC_721	26	28	28	28	27	26	27	27	26	30	28	28
LOC_722	16	19	18	17	16	16	16	18	18	18	19	16
LOC_723	21	20	19	22	22	22	24	21	21	20	19	21
LOC_724	25	29	32	25	26	24	26	25	26	29	31	28
LOC_725	19	19	20	19	19	20	20	20	21	21	21	19
LOC_726	24	25	26	23	22	22	21	23	23	23	23	23
LOC_727	20	20	20	21	20	20	20	20	20	20	20	21
LOC_728	18	18	19	18	18	18	19	18	18	16	18	18
LOC_729	25	27	27	25	24	25	24	25	26	26	27	27
LOC_730	30	27	26	31	29	30	30	34	33	31	31	30
LOC_731	28	24	25	28	28	28	29	29	27	24	26	27
LOC_732	17	18	17	18	16	17	17	17	17	20	20	17
LOC_733	22	22	22	22	22	22	22	20	22	22	22	22
LOC_734	29	27	27	26	26	24	24	27	26	24	24	27
LOC_735	28	28	27	29	26	25	27	26	27	27	28	28
LOC_736	20	20	20	20	20	20	20	20	20	20	20	20
LOC_737	17	13	13	17	16	17	17	15	15	15	16	17
LOC_738	27	27	27	27	27	26	27	26	28	25	25	27
LOC_739	16	16	16	18	17	16	16	19	19	16	17	16
LOC_740	19	21	21	21	21	20	22	21	21	21	21	21
LOC_741	24	21	20	24	25	25	25	25	26	22	22	25
LOC_742	22	21	21	24	23	23	23	22	25	23	21	22
LOC_743	20	19	19	21	21	21	21	20	22	21	19	20
LOC_744	15	12	12	14	14	14	13	14	14	13	13	14
LOC_745	16	16	16	16	16	17	16	16	16	17	17	16
LOC_746	27	30	29	27	25	26	26	29	28	31	30	28
LOC_747	15	16	15	16	16	15	15	16	17	15	15	16
LOC_748	15	14	14	14	14	12	14	14	14	16	15	15
LOC_749	22	20	19	21	20	21	21	19	19	20	21	21
LOC_750	22	22	22	23	23	23	23	21	19	23	25	22
LOC_751	19	18	18	18	19	18	18	18	17	19	18	18
LOC_752	25	26	26	24	23	24	24	26	26	25	25	23
LOC_753	22	22	21	21	21	23	21	22	22	21	22	22
LOC_754	26	24	23	26	26	26	25	23	24	23	25	27
LOC_755	16	16	16	16	16	16	16	16	16	16	16	16
LOC_756	16	16	18	16	16	16	17	16	16	16	16	16
LOC_757	16	16	16	16	16	16	16	15	15	18	16	16
LOC_758	13	13	13	14	11	11	11	14	13	13	14	13
LOC_759	19	19	19	19	19	20	19	18	18	20	19	19
LOC_760	16	16	16	16	16	16	16	13	16	15	15	16
LOC_761	23	17	17	23	22	23	22	19	20	17	17	20
LOC_762	14	16	16	16	16	18	18	16	15	16	16	16
LOC_763	25	25	26	27	25	26	27	25	25	25	25	26
LOC_764	24	22	22	23	23	21	22	23	23	22	22	22
LOC_765	24	26	26	25	24	23	24	27	27	25	28	27
LOC_766	18	15	15	18	20	19	19	15	15	14	15	15
LOC_767	18	19	19	21	20	21	21	19	19	19	19	18
LOC_768	28	24	23	27	29	28	26	22	21	22	24	26
LOC_769	26	24	25	27	24	24	26	27	26	27	29	25
LOC_770	26	24	25	26	26	25	26	26	25	25	25	26
LOC_771	23	23	23	22	22	20	21	23	23	22	23	23
LOC_772	21	20	21	22	21	18	19	20	20	21	20	21
LOC_773	16	16	16	16	16	17	15	16	16	16	16	16
LOC_774	25	27	27	27	25	22	25	26	26	23	25	25
LOC_775	20	20	20	21	20	20	20	20	20	20	20	20
LOC_776	22	23	22	21	21	20	22	25	24	24	24	21
LOC_777	25	24	25	24	23	23	23	27	27	27	27	26
LOC_778	16	17	17	16	16	16	16	16	16	17	17	16
LOC_779	19	20	22	19	21	21	21	20	20	20	20	20
LOC_780	27	26	26	30	30	31	29	25	25	27	27	26
LOC_781	25	25	23	26	23	29	29	25	25	25	25	26
LOC_782	14	15	15	14	14	14	14	14	14	14	14	14
LOC_783	25	25	25	25	26	24	24	25	25	25	25	26
LOC_784	25	28	27	24	25	24	24	27	26	27	27	26
LOC_785	23	23	23	23	25	23	28	23	21	22	23	24
LOC_786	25	24	24	28	27	27	27	28	30	22	23	26
LOC_787	22	21	21	21	21	21	21	21	21	21	21	21
LOC_788	25	26	25	25	24	23	24	27	26	26	24	26
LOC_789	19	18	19	20	20	20	20	18	19	19	19	18
LOC_790	25	27	27	25	26	25	25	25	25	26	25	26
LOC_791	25	27	27	25	26	26	28	29	28	27	28	26
LOC_792	16	16	16	16	16	16	16	16	14	15	17	16
LOC_793	19	19	19	19	19	19	19	19	19	19	18	19
LOC_794	20	22	22	21	21	22	22	21	21	20	23	20
LOC_795	21	25	27	25	23	23	22	24	22	24	24	21
LOC_796	18	18	17	18	18	18	17	18	18	18	18	18
LOC_797	26	27	27	23	24	24	25	23	27	29	27	27
LOC_798	28	27	26	25	25	24	24	25	27	25	26	26
LOC_799	26	30	29	25	27	27	27	26	26	24	29	26
LOC_800	9	9	9	9	9	9	9	6	6	9	9	9
LOC_801	26	26	26	25	26	24	24	25	25	25	28	26
LOC_802	26	23	23	25	25	26	26	23	23	27	24	26
LOC_803	20	20	21	21	21	21	21	17	18	20	20	20
LOC_804	16	15	15	16	16	16	16	16	16	16	16	16
LOC_805	16	16	16	17	16	16	16	16	16	15	16	16
LOC_806	17	19	19	16	16	16	16	17	17	18	18	17
LOC_807	16	14	16	16	16	16	16	17	17	16	16	16
LOC_808	19	20	21	20	20	20	20	20	20	21	21	20
LOC_809	25	32	29	25	25	25	25	28	29	31	29	26
LOC_810	17	19	20	17	17	17	17	16	17	19	18	17
LOC_811	19	20	20	19	19	20	19	20	20	20	21	19
LOC_812	19	19	19	20	19	19	19	19	18	19	19	19
LOC_813	26	26	26	27	25	26	27	28	29	27	26	26
LOC_814	26	25	30	24	24	24	24	25	25	26	28	26
LOC_815	26	30	25	25	26	25	24	25	25	28	26	26
LOC_816	16	15	15	16	16	16	16	15	15	13	15	16
LOC_817	25	22	22	24	24	23	24	25	22	22	22	22
LOC_818	24	26	25	22	22	21	22	26	23	27	30	25
LOC_819	8	9	7	7	7	9	7	9	9	9	9	7
LOC_820	16	14	14	16	19	16	16	16	16	16	16	16
LOC_821	24	27	28	24	25	25	25	27	29	32	33	28
LOC_822	28	25	27	28	27	25	27	24	25	26	27	25
LOC_823	15	15	15	15	15	15	15	15	15	14	16	15
LOC_824	21	20	20	21	21	21	22	20	20	20	22	21
LOC_825	24	26	26	24	27	29	29	25	25	27	28	25
LOC_826	17	21	20	18	19	18	18	21	20	18	17	18
LOC_827	22	21	21	22	21	20	20	22	21	19	19	21
LOC_828	20	19	19	19	20	21	20	20	19	18	18	19
LOC_829	16	16	18	16	16	16	16	14	16	16	16	16
LOC_830	24	23	24	23	24	23	25	25	28	23	23	25
LOC_831	28	28	25	24	24	24	25	26	25	25	24	25
LOC_832	16	14	14	16	16	16	16	14	14	14	14	16
LOC_833	14	15	15	14	14	14	14	14	14	13	14	14
LOC_834	21	22	22	21	22	22	22	21	21	21	21	21
LOC_835	24	23	23	24	27	25	24	25	26	26	26	25
LOC_836	14	15	15	14	14	14	14	15	15	15	17	15
LOC_837	12	12	12	12	12	12	12	12	12	13	12	12
LOC_838	21	23	23	22	22	22	22	22	22	24	22	23
LOC_839	19	17	17	23	19	19	19	18	18	17	19	18
LOC_840	19	20	19	22	20	23	21	19	18	16	20	20
LOC_841	14	15	15	14	14	14	14	14	14	14	14	14
LOC_842	24	25	23	22	22	20	18	27	27	24	24	25
LOC_843	17	17	17	17	17	20	19	17	18	19	17	17
LOC_844	26	26	26	25	23	24	22	28	26	25	26	26
LOC_845	25	24	25	24	23	21	21	26	25	24	23	25
LOC_846	18	19	19	17	16	18	17	18	22	19	21	18
LOC_847	26	25	25	26	25	26	25	25	25	23	24	25
LOC_848	19	19	19	19	16	19	18	19	19	19	19	19
LOC_849	24	26	25	24	27	29	28	26	26	25	25	25
LOC_850	17	17	17	17	17	17	17	19	18	19	17	17
LOC_851	22	22	22	24	24	24	24	23	23	24	24	23
LOC_852	13	16	17	15	15	15	15	16	17	15	15	15
LOC_853	26	26	26	27	25	26	25	24	25	25	24	25
LOC_854	26	26	28	26	26	26	25	23	23	27	25	25
LOC_855	18	18	18	17	18	18	18	18	18	17	18	18
LOC_856	27	28	25	28	31	28	27	26	27	29	26	26
LOC_857	29	25	25	29	30	31	31	26	27	24	25	29
LOC_858	15	14	14	15	15	15	15	14	14	14	14	14
LOC_859	14	14	14	14	14	14	14	13	13	14	14	14
LOC_860	23	22	22	23	23	23	22	21	21	22	22	22
LOC_861	17	20	19	19	19	19	19	17	17	18	18	17
LOC_862	15	14	14	13	15	15	15	15	15	16	16	15
LOC_863	20	21	22	19	20	19	19	20	20	22	22	20
LOC_864	25	23	23	28	30	28	25	20	20	23	22	24
LOC_865	26	22	25	25	27	29	28	25	26	24	24	25
LOC_866	24	25	23	23	21	22	22	23	24	24	24	25
LOC_867	18	18	18	19	19	21	19	18	18	20	20	18
LOC_868	24	25	29	23	24	24	24	26	26	28	29	25
LOC_869	21	26	23	21	21	21	22	18	19	27	24	21
LOC_870	13	16	15	13	12	13	11	14	14	14	14	13
LOC_871	14	14	14	13	12	14	14	14	12	14	14	14
LOC_872	27	26	25	28	27	25	25	25	23	24	24	25
LOC_873	17	17	17	17	17	18	17	17	17	18	16	17
LOC_874	24	25	27	23	24	23	23	24	24	25	26	24
LOC_875	16	18	18	19	20	19	20	18	18	17	17	18
LOC_876	16	17	18	17	17	17	17	17	16	18	18	17
LOC_877	20	23	22	20	20	20	20	25	24	24	25	25
LOC_878	25	27	25	25	25	28	25	25	25	25	25	25
LOC_879	26	28	27	26	29	26	26	26	26	27	24	25
LOC_880	31	28	27	23	24	23	24	24	23	27	26	25
LOC_881	19	17	16	16	17	16	16	19	17	17	17	17
LOC_882	20	20	20	20	21	20	20	20	19	18	21	20
LOC_883	24	24	26	26	24	26	25	26	26	26	25	25
LOC_884	15	15	16	15	15	15	15	15	15	15	15	15
LOC_885	16	17	18	17	16	16	16	17	17	16	16	17
LOC_886	23	25	25	27	27	23	28	27	24	24	23	25
LOC_887	25	25	25	25	26	28	26	22	22	25	26	25
LOC_888	24	26	25	25	22	24	23	24	25	26	25	25
LOC_889	23	23	25	24	25	24	24	22	21	22	23	23
LOC_890	22	22	22	24	23	23	26	22	22	23	22	22
LOC_891	24	20	22	23	24	23	23	24	25	24	24	25
LOC_892	22	23	23	21	21	20	20	22	23	23	24	22
LOC_893	19	17	18	18	19	19	19	19	19	20	20	19
LOC_894	18	18	19	18	18	19	19	18	19	19	18	18
LOC_895	25	26	27	25	29	26	24	26	26	25	27	24
LOC_896	24	25	25	25	24	22	23	26	27	26	24	25
LOC_897	17	18	17	18	17	17	17	17	17	17	17	17
LOC_898	27	24	23	27	30	28	31	25	24	26	25	25
LOC_899	23	22	22	25	25	23	23	25	25	24	25	25
LOC_900	24	24	24	23	26	26	25	26	30	26	29	24
LOC_901	25	28	26	23	26	25	24	25	25	25	25	25
LOC_902	21	22	22	22	25	23	24	22	24	23	22	23
LOC_903	25	25	25	25	27	26	24	22	24	29	29	25
LOC_904	14	15	15	14	14	14	14	16	15	17	16	14
LOC_905	23	25	27	23	23	24	24	24	22	26	25	25
LOC_906	15	14	14	16	14	14	14	14	14	15	14	15
LOC_907	16	18	18	17	17	17	17	18	18	18	18	18
LOC_908	21	20	20	19	21	21	21	22	22	22	22	22
LOC_909	25	27	26	24	24	23	22	27	26	28	29	25
LOC_910	17	18	18	17	17	17	18	19	16	18	18	17
LOC_911	19	19	19	19	19	19	19	19	19	18	19	19
LOC_912	11	11	11	11	11	12	13	11	11	11	11	11
LOC_913	18	18	18	18	18	17	18	18	18	18	18	18
LOC_914	27	24	23	30	24	24	23	25	25	24	22	25
LOC_915	24	25	25	24	24	25	24	25	21	25	25	25
LOC_916	18	17	17	18	18	18	18	18	18	17	15	18
LOC_917	15	13	13	15	15	15	15	15	15	15	15	15
LOC_918	16	15	15	16	20	20	19	16	15	16	16	16
LOC_919	14	14	16	14	15	14	14	14	14	13	14	14
LOC_920	18	19	18	18	18	18	18	17	18	18	19	18
LOC_921	16	17	17	16	16	16	16	13	13	16	16	16
LOC_922	23	21	22	22	20	19	20	21	21	21	21	22
LOC_923	26	22	23	25	25	25	26	24	24	24	25	25
LOC_924	25	25	25	25	24	25	21	26	25	24	25	25
LOC_925	14	14	14	14	14	13	13	15	14	14	14	14
LOC_926	25	25	25	24	25	25	25	26	26	25	28	25
LOC_927	28	26	28	27	27	28	27	25	25	26	26	25
LOC_928	24	24	25	27	20	26	25	25	24	24	25	25
LOC_929	15	10	10	14	15	15	14	10	12	10	10	15
LOC_930	10	10	10	10	10	10	10	10	10	10	10	10
LOC_931	25	24	24	25	26	26	25	25	25	20	22	24
LOC_932	25	26	26	24	26	26	26	25	25	23	24	24
LOC_933	24	24	23	28	25	25	24	22	22	19	23	24
LOC_934	24	23	25	21	22	23	23	22	24	27	25	24
LOC_935	17	17	17	17	15	15	15	17	17	15	17	17
LOC_936	24	19	22	23	23	24	22	24	24	20	21	23
LOC_937	24	24	24	25	25	25	24	16	19	25	24	24
LOC_938	18	17	17	19	19	18	19	17	17	17	17	17
LOC_939	19	22	22	19	19	19	19	22	22	28	25	19
LOC_940	20	19	19	19	19	19	19	19	19	19	18	19
LOC_941	14	15	14	14	13	15	15	14	15	16	15	14
LOC_942	24	23	24	24	23	22	22	24	24	23	24	24
LOC_943	20	18	18	20	22	22	22	19	19	18	18	20
LOC_944	16	18	18	15	15	17	17	23	23	20	19	18
LOC_945	18	17	19	15	16	15	16	17	17	18	18	17
LOC_946	24	24	22	24	24	24	24	24	24	23	23	24
LOC_947	23	25	24	24	24	24	24	24	25	24	24	24
LOC_948	22	19	21	21	21	20	21	19	20	21	23	20
LOC_949	23	20	21	23	23	23	23	22	22	21	21	23
LOC_950	24	24	23	25	25	23	24	24	22	28	26	24
LOC_951	19	20	20	19	19	19	19	20	20	21	20	20
LOC_952	21	20	20	24	25	25	26	21	20	21	21	20
LOC_953	24	24	24	24	25	24	26	25	24	24	23	24
LOC_954	24	22	22	25	25	25	27	23	23	22	21	22
LOC_955	23	23	23	23	23	23	23	24	26	19	21	24
LOC_956	23	22	22	24	23	22	22	22	22	22	21	24
LOC_957	22	26	27	27	25	23	25	28	28	27	28	24
LOC_958	16	16	16	16	17	17	16	17	16	16	16	16
LOC_959	18	19	19	18	18	19	19	19	21	19	19	18
LOC_960	23	26	25	24	23	23	23	24	24	27	27	24
LOC_961	25	27	26	26	27	25	24	27	28	27	28	25
LOC_962	24	26	24	25	23	24	24	24	23	25	25	24
LOC_963	25	26	25	22	22	23	22	23	24	25	25	24
LOC_964	16	16	16	16	16	16	16	16	16	16	16	16
LOC_965	25	23	23	24	27	26	28	22	23	23	22	23
LOC_966	20	19	19	21	20	19	20	20	19	20	20	20
LOC_967	24	25	26	24	24	28	22	25	25	26	27	24
LOC_968	24	24	25	24	25	22	21	28	23	24	24	24
LOC_969	17	18	18	17	17	21	17	18	18	19	18	18
LOC_970	19	23	20	21	19	19	19	21	21	20	18	19
LOC_971	26	26	26	25	25	28	26	28	26	24	23	24
LOC_972	22	23	26	22	21	20	20	26	23	25	25	24
LOC_973	31	26	27	29	29	28	29	29	28	28	25	30
LOC_974	14	14	14	14	15	14	14	14	14	14	14	14
LOC_975	14	15	15	14	14	14	14	16	16	16	16	14
LOC_976	28	29	28	31	28	25	25	26	28	30	29	29
LOC_977	17	18	20	18	18	18	19	18	18	17	19	17
LOC_978	19	18	18	19	19	19	19	17	18	18	18	17
LOC_979	21	27	28	23	22	21	21	25	26	23	22	25
LOC_980	16	15	17	16	16	16	16	16	16	15	16	16
LOC_981	25	22	22	24	24	27	24	22	22	25	24	22
LOC_982	14	16	16	12	14	15	13	14	14	16	16	14
LOC_983	23	23	23	23	23	23	23	23	23	23	24	24
LOC_984	24	20	20	25	25	24	26	24	24	24	23	24
LOC_985	14	14	14	17	16	16	17	14	14	14	14	14
LOC_986	17	17	17	17	18	18	18	17	17	17	17	17
LOC_987	25	27	26	20	21	21	23	26	26	24	24	24
LOC_988	20	19	19	18	19	18	18	19	19	21	20	18
LOC_989	23	26	23	22	23	23	24	23	24	23	23	24
LOC_990	24	24	24	24	24	24	23	25	25	26	27	24
LOC_991	15	18	17	16	17	16	15	16	16	16	15	15
LOC_992	26	22	26	22	23	24	25	23	23	23	23	23
LOC_993	19	19	19	20	19	19	19	19	19	20	19	19
LOC_994	23	24	24	22	21	20	22	25	26	24	24	24
LOC_995	25	23	24	25	25	25	26	24	24	23	22	24
LOC_996	25	21	21	24	23	23	21	21	21	25	21	24
LOC_997	25	22	21	24	26	26	26	22	21	21	21	24
LOC_998	14	14	14	14	14	14	14	14	14	14	14	14
LOC_999	23	20	20	23	22	22	22	24	24	24	25	24
LOC_1000	20	21	21	18	20	20	20	21	20	21	21	21
LOC_1001	20	19	19	19	20	19	19	19	18	19	19	19
LOC_1002	21	24	25	22	25	26	25	24	25	25	28	24
LOC_1003	26	24	23	24	24	24	23	23	23	25	25	24
LOC_1004	17	17	17	16	16	15	15	16	17	19	18	17
LOC_1005	7	7	7	8	8	7	8	10	7	8	9	7
LOC_1006	25	21	21	22	27	24	23	22	22	21	23	24
LOC_1007	17	20	19	17	17	17	16	20	17	21	21	18
LOC_1008	21	20	22	21	19	18	18	19	21	20	20	21
LOC_1009	24	27	25	24	23	22	23	25	25	25	25	24
LOC_1010	15	12	15	15	15	15	15	18	18	14	14	15
LOC_1011	26	25	23	26	26	26	27	23	22	25	24	24
LOC_1012	25	21	21	22	21	21	21	24	23	25	25	24
LOC_1013	25	22	22	23	24	23	23	21	21	21	22	24
LOC_1014	23	21	21	24	26	25	25	20	22	21	20	23
LOC_1015	17	15	16	17	17	16	18	19	19	16	16	16
LOC_1016	16	15	15	14	14	14	14	14	14	18	15	14
LOC_1017	24	23	24	24	25	27	27	25	25	24	22	24
LOC_1018	25	26	25	24	25	22	22	24	24	25	27	24
LOC_1019	16	14	14	16	16	16	16	15	15	15	15	15
LOC_1020	22	25	25	28	25	27	26	23	23	24	24	23
LOC_1021	15	15	15	15	15	15	15	15	15	15	16	15
LOC_1022	25	25	24	24	24	27	25	24	24	23	24	24
LOC_1023	24	26	26	23	21	21	20	24	24	26	25	24
LOC_1024	28	27	28	28	27	29	30	28	27	27	27	29
