names	Run1_C_7	Run1_C_9	Run1_C_10	Run1_C_11	Run1_C_12	Run1_C_13	Run1_C_14	Run1_C_15	root
LOC_1	19	19	19	20	20	20	19	21	19
LOC_2	20	22	23	22	20	20	21	21	20
LOC_3	7	5	5	5	7	7	7	7	7
LOC_4	7	7	7	8	8	7	7	7	7
LOC_5	7	7	7	7	7	9	7	7	7
LOC_6	16	16	16	16	16	16	16	16	16
LOC_7	13	13	13	13	12	13	14	13	13
LOC_8	22	22	22	22	22	22	22	22	22
LOC_9	15	15	15	15	15	12	15	15	15
LOC_10	17	17	17	17	18	18	17	17	17
LOC_11	23	23	26	28	25	26	23	22	23
LOC_12	19	15	15	15	18	17	17	17	17
LOC_13	18	17	17	17	17	17	17	17	17
LOC_14	18	19	19	18	18	18	18	18	18
LOC_15	27	27	26	26	25	28	24	24	27
LOC_16	13	14	16	17	13	15	14	15	14
