names	Run1_C_16	Run1_C_20	Run1_C_38	Run1_C_39	Run1_C_40	Run1_C_41	Run1_C_42	Run1_C_43	Run1_C_48	Run1_C_50	Run1_C_51	Run1_C_52	Run1_C_54	Run1_C_56	Run1_C_57	Run1_C_59	Run1_C_60	Run1_C_61	Run1_C_62	Run1_C_63	Run1_C_66	Run1_C_67	Run1_C_68	Run1_C_71	Run1_C_73	Run1_C_75	Run1_C_77	Run1_C_79	Run1_C_80	Run1_C_82	Run1_C_83	Run1_C_84	Run1_C_85	Run1_C_86	Run1_C_87	Run1_C_88	Run1_C_89	Run1_C_90	Run1_C_91	Run1_C_92	Run1_C_93	Run1_C_94	Run1_C_95	Run1_C_97	Run1_C_98	Run1_C_99	Run1_C_100	Run1_C_101	Run1_C_102	Run1_C_103	Run1_C_104	Run1_C_105	Run1_C_106	Run1_C_107	root
LOC_1	19	21	20	20	23	24	19	20	20	22	21	19	19	17	19	19	19	19	20	20	19	19	19	22	19	17	19	20	19	20	20	21	20	19	19	19	19	20	20	22	22	19	20	22	18	18	17	17	19	20	19	19	20	19	19
LOC_2	25	22	23	21	22	22	24	24	20	22	21	20	20	20	20	24	24	23	21	20	22	22	22	19	21	20	21	21	21	21	21	22	22	24	22	24	24	21	21	21	21	21	21	21	21	20	21	21	23	25	20	20	22	21	20
LOC_3	8	7	8	8	7	7	8	8	7	7	7	7	8	7	7	8	8	8	7	7	8	8	8	7	7	8	8	8	8	8	8	8	8	8	8	8	8	7	7	7	7	7	7	7	7	7	8	8	8	8	8	9	8	8	7
LOC_4	7	7	7	7	7	7	7	7	7	6	6	7	7	7	7	7	7	7	7	7	7	7	7	7	7	7	7	7	7	7	7	7	7	7	7	7	7	7	7	7	7	8	7	7	7	7	7	8	7	7	7	7	7	7	7
LOC_5	7	7	7	7	7	7	8	7	7	7	7	7	9	7	7	7	7	10	7	7	7	7	7	7	7	9	7	7	7	7	7	7	8	7	7	7	7	6	7	7	7	7	7	7	7	7	9	9	7	7	7	7	10	9	7
LOC_6	21	16	17	17	17	17	21	20	16	15	15	15	20	16	16	20	20	20	15	15	19	21	21	15	15	21	20	17	22	19	20	20	20	20	17	19	19	15	15	15	15	15	15	17	17	17	20	20	22	23	20	20	21	21	16
LOC_7	13	15	13	13	14	14	15	15	13	13	13	14	14	13	13	15	15	15	14	14	13	13	14	13	13	13	13	13	14	13	13	13	13	14	15	13	14	13	13	15	15	13	13	14	14	14	13	16	13	12	14	13	14	14	13
LOC_8	19	22	20	20	22	22	19	19	23	22	22	23	18	22	22	19	19	20	23	22	19	21	19	22	22	19	18	20	20	20	20	18	19	19	20	19	20	21	21	21	21	22	22	22	21	20	18	18	19	19	19	19	19	20	22
LOC_9	15	15	15	15	14	15	14	14	14	15	15	14	16	14	14	15	18	16	14	14	15	15	15	15	14	17	14	14	15	14	14	14	14	15	16	15	15	14	17	16	16	14	14	15	15	15	16	17	15	15	15	15	15	16	15
LOC_10	17	15	17	17	15	15	16	16	15	15	15	17	18	15	15	15	15	15	15	15	18	18	17	16	15	17	20	17	18	17	17	18	18	15	15	18	18	17	17	13	13	15	15	15	15	15	18	18	18	18	18	19	18	17	17
