names	Run1_C_10	Run1_C_11	Run1_C_12	Run1_C_13	Run1_C_14	Run1_C_18	Run1_C_19	Run1_C_20	Run1_C_21	Run1_C_22	Run1_C_23	Run1_C_26	Run1_C_27	Run1_C_28	Run1_C_29	root
LOC_1	19	20	20	20	20	21	19	21	21	21	21	23	22	22	22	19
LOC_2	20	22	22	22	20	21	21	22	22	21	22	22	20	22	22	20
LOC_3	7	7	7	7	7	7	7	7	7	7	7	7	7	7	7	7
LOC_4	7	7	5	7	7	7	7	7	7	7	7	7	7	7	7	7
LOC_5	7	7	6	6	6	6	6	6	6	6	6	6	6	6	6	7
LOC_6	16	15	16	16	16	16	16	17	16	16	17	18	17	17	17	16
LOC_7	13	13	13	13	13	13	13	13	13	13	13	13	13	13	13	13
LOC_8	21	21	22	22	23	22	24	20	21	24	22	23	23	23	23	22
LOC_9	15	15	15	15	17	16	16	16	16	16	16	17	17	17	17	15
LOC_10	17	20	16	17	19	19	17	19	19	18	18	16	16	16	16	17
LOC_11	24	24	28	27	26	27	28	26	23	27	29	26	27	26	26	23
LOC_12	15	15	17	18	17	17	18	17	17	16	16	17	17	17	18	17
LOC_13	19	17	18	18	18	20	20	19	19	18	18	18	18	18	18	17
LOC_14	18	19	19	18	17	18	18	20	20	18	17	17	17	17	17	18
LOC_15	26	27	24	24	26	28	26	28	26	26	25	26	25	24	24	27
LOC_16	14	14	14	14	14	17	17	17	17	14	12	15	14	13	14	14
LOC_17	15	16	16	16	16	16	16	16	16	17	17	17	17	16	16	15
LOC_18	23	23	24	24	23	25	21	23	23	22	22	23	25	22	21	23
LOC_19	21	23	23	24	22	22	21	22	22	21	21	22	21	20	21	22
LOC_20	15	15	15	15	18	17	17	17	18	17	17	17	18	17	19	15
LOC_21	13	13	13	13	13	13	13	13	13	14	14	13	13	12	12	13
LOC_22	21	21	20	20	19	20	20	20	20	22	20	19	19	19	19	21
LOC_23	16	16	16	15	17	15	16	16	17	16	16	17	17	17	16	16
LOC_24	23	23	23	21	23	24	24	22	21	23	23	24	22	25	24	23
LOC_25	21	21	24	22	23	26	26	29	26	23	23	23	23	25	22	22
LOC_26	15	15	15	14	14	14	15	13	13	14	14	14	14	14	14	15
LOC_27	17	17	17	17	18	16	18	18	18	16	17	18	18	18	18	17
LOC_28	21	21	20	20	20	20	20	20	20	19	20	20	20	20	20	21
LOC_29	26	26	20	18	23	23	24	24	23	26	22	23	23	23	23	25
LOC_30	19	20	19	19	21	22	22	21	20	20	19	21	21	20	21	19
LOC_31	26	26	27	28	26	25	26	24	27	26	26	26	26	24	26	26
LOC_32	21	19	20	21	21	21	20	19	18	20	20	25	25	23	23	20
LOC_33	15	15	19	20	15	17	16	17	17	17	17	16	17	18	17	15
LOC_34	14	14	15	14	15	15	16	15	15	13	13	15	15	15	15	14
LOC_35	19	19	20	21	19	24	20	20	20	20	21	19	20	18	18	19
LOC_36	20	21	19	19	20	24	23	21	22	20	20	19	19	19	19	20
LOC_37	21	22	21	22	24	21	20	23	21	21	21	22	24	25	25	21
LOC_38	16	16	16	16	16	15	15	15	15	16	16	16	16	16	16	16
LOC_39	20	20	20	20	20	21	21	20	18	20	20	20	20	20	21	20
LOC_40	14	14	14	14	14	14	14	14	14	15	15	14	14	16	14	14
LOC_41	21	21	22	22	20	21	21	22	21	20	20	20	20	21	21	21
LOC_42	23	21	23	23	22	23	23	23	24	26	26	24	25	25	25	21
LOC_43	18	18	18	18	18	17	16	21	18	18	18	18	18	18	18	18
LOC_44	18	19	18	18	21	19	18	18	18	19	18	23	23	25	23	18
LOC_45	17	17	18	18	19	18	18	19	18	18	18	18	18	18	18	18
LOC_46	20	19	20	20	25	22	24	25	24	23	25	23	23	25	25	20
LOC_47	15	16	15	15	14	15	15	15	15	16	15	15	15	15	15	15
LOC_48	17	17	17	16	16	16	16	16	16	16	15	15	15	16	17	17
LOC_49	15	15	18	18	21	18	18	18	18	19	19	20	20	20	20	15
LOC_50	17	15	16	16	15	16	16	15	16	16	16	15	15	15	15	16
LOC_51	22	22	20	20	21	21	21	20	21	20	20	23	22	23	23	20
LOC_52	20	19	18	18	20	18	18	18	18	21	21	20	20	23	24	19
LOC_53	23	22	22	22	24	21	21	23	23	22	22	25	26	26	28	23
LOC_54	20	20	21	21	22	19	19	19	19	20	20	20	21	20	20	20
LOC_55	20	20	20	20	19	19	19	19	19	19	19	19	19	19	19	20
LOC_56	18	18	19	19	25	18	18	20	20	20	19	25	25	27	28	19
LOC_57	25	26	22	22	23	24	24	26	25	24	23	23	23	24	23	23
LOC_58	21	21	21	21	21	20	24	22	22	21	21	19	19	19	21	21
LOC_59	9	9	9	9	10	11	10	10	10	10	10	10	10	10	10	9
LOC_60	19	20	20	18	19	21	21	21	23	20	19	19	19	19	19	20
LOC_61	28	25	27	27	27	29	32	29	27	31	30	29	25	25	25	24
LOC_62	18	18	21	20	20	19	19	21	20	21	23	20	18	20	20	18
LOC_63	19	18	18	13	19	18	18	20	20	20	19	20	19	19	19	17
LOC_64	17	17	17	16	18	17	15	17	17	17	15	17	17	17	17	17
LOC_65	17	17	17	17	17	17	17	17	17	17	17	17	17	17	17	17
LOC_66	21	21	20	23	22	22	23	23	23	22	22	22	22	22	24	21
LOC_67	21	21	22	21	21	19	19	18	20	22	21	21	21	22	22	22
LOC_68	16	16	16	16	18	16	16	15	15	16	16	16	15	16	16	16
LOC_69	19	17	19	19	21	21	21	22	21	21	21	21	21	20	20	21
LOC_70	23	23	23	23	24	23	23	25	24	23	24	24	24	25	25	23
LOC_71	16	16	15	15	15	15	15	15	15	15	15	14	14	15	15	16
LOC_72	21	22	19	20	19	19	19	19	19	19	19	21	21	19	19	20
LOC_73	15	18	19	19	18	19	19	18	18	18	19	18	18	18	18	19
LOC_74	22	21	21	21	22	22	21	20	21	22	22	25	23	23	23	22
LOC_75	23	23	23	24	20	23	24	21	21	21	21	21	21	20	22	23
LOC_76	20	21	24	23	21	20	21	23	21	21	23	23	23	22	20	21
LOC_77	14	14	14	13	15	14	15	15	15	13	15	15	15	15	15	14
LOC_78	23	23	23	24	24	21	21	20	20	22	21	22	22	21	21	22
LOC_79	15	14	15	14	16	15	15	14	16	16	16	16	16	16	16	15
LOC_80	24	23	28	28	22	22	22	23	22	22	22	22	21	22	22	24
LOC_81	17	17	16	16	17	17	17	16	16	18	18	17	16	17	17	16
LOC_82	20	20	21	21	23	23	23	22	23	23	24	22	23	23	23	20
LOC_83	18	18	17	17	17	21	19	18	18	18	18	17	17	18	18	18
LOC_84	16	16	17	17	16	16	17	17	17	15	16	17	16	16	16	16
LOC_85	19	19	22	21	21	23	22	20	21	22	23	20	22	22	19	21
LOC_86	17	16	15	15	15	15	15	16	15	13	13	16	15	13	16	16
LOC_87	20	20	22	21	22	22	22	23	22	22	22	22	21	20	20	20
LOC_88	22	22	23	23	23	22	23	21	21	21	22	25	24	24	24	22
LOC_89	25	26	25	25	26	26	25	25	24	26	25	23	23	23	22	26
LOC_90	21	20	17	17	19	19	19	19	19	18	18	20	22	20	20	20
LOC_91	18	17	17	16	17	18	18	17	17	17	17	17	17	18	19	17
LOC_92	18	19	19	19	18	21	22	21	21	21	22	22	22	22	21	19
LOC_93	12	12	13	13	13	12	12	11	11	13	12	12	12	12	12	12
LOC_94	15	14	15	15	15	16	16	16	17	15	15	15	15	15	15	15
LOC_95	13	13	13	13	15	13	13	14	13	13	13	15	15	14	14	13
LOC_96	17	20	20	20	22	21	20	19	20	20	20	20	20	20	19	20
LOC_97	20	20	18	18	20	18	18	18	19	20	20	20	20	19	20	20
LOC_98	15	16	15	15	15	15	17	16	15	15	15	16	16	16	17	15
LOC_99	17	16	16	16	16	16	16	17	17	16	16	16	17	16	16	16
LOC_100	14	15	14	14	15	15	15	15	15	15	16	14	14	15	15	14
LOC_101	22	22	20	20	20	20	20	20	19	20	20	21	20	21	22	21
LOC_102	19	19	17	17	17	17	17	17	19	17	17	17	17	17	17	19
LOC_103	14	14	14	14	17	14	14	14	14	15	17	15	15	15	15	14
LOC_104	21	21	20	20	24	19	21	23	21	21	21	20	20	19	19	21
LOC_105	13	13	14	16	16	18	17	17	17	15	16	16	17	17	17	16
LOC_106	28	27	25	25	28	26	27	26	24	33	31	23	24	25	25	28
LOC_107	15	15	15	15	17	14	15	15	15	16	15	17	17	17	17	15
LOC_108	24	24	23	23	23	23	23	23	24	23	24	23	19	22	22	23
LOC_109	14	14	15	15	16	15	15	15	15	15	15	16	19	16	16	14
LOC_110	16	16	17	17	18	17	14	17	17	17	17	19	19	18	18	16
LOC_111	15	15	14	13	14	15	14	15	15	15	15	13	14	13	14	15
LOC_112	21	20	23	23	23	24	25	26	24	23	22	23	23	23	23	21
LOC_113	14	14	14	14	14	14	14	14	14	14	14	14	14	14	14	14
LOC_114	17	17	16	17	17	16	16	16	18	16	17	17	17	18	17	17
LOC_115	14	14	15	15	14	11	12	14	14	15	14	14	14	14	14	14
LOC_116	14	14	15	15	14	14	14	17	16	14	14	14	14	14	14	14
LOC_117	20	19	20	19	18	19	19	18	19	19	20	19	19	19	19	19
LOC_118	16	16	17	17	16	16	16	15	15	16	16	16	16	16	16	16
LOC_119	24	23	23	23	22	25	26	24	24	23	23	21	20	21	22	23
LOC_120	18	18	18	18	19	18	18	18	18	18	19	19	19	17	19	18
LOC_121	18	18	18	18	18	18	18	17	17	19	18	20	19	17	15	18
LOC_122	20	20	18	18	21	20	20	19	19	19	20	19	19	20	19	19
LOC_123	24	24	25	24	23	24	27	27	24	23	21	23	23	23	24	24
LOC_124	22	22	24	23	24	22	23	25	24	21	21	23	22	23	24	22
LOC_125	26	26	27	27	25	22	23	22	24	21	21	25	25	24	25	27
LOC_126	12	12	13	12	14	13	15	13	13	13	13	14	14	14	14	14
LOC_127	22	22	22	22	22	23	23	22	22	22	22	22	22	23	22	22
LOC_128	19	18	20	20	19	20	20	20	20	19	19	19	19	19	19	20
LOC_129	18	18	20	19	17	17	17	17	17	17	17	18	17	17	17	19
LOC_130	27	26	24	23	21	21	21	22	22	21	21	19	19	19	19	24
LOC_131	15	15	15	13	16	15	15	18	18	20	19	16	16	16	16	15
LOC_132	21	21	20	20	20	20	20	21	21	20	20	18	21	20	20	21
LOC_133	20	23	21	21	21	23	23	20	21	21	21	22	21	22	22	22
LOC_134	22	27	23	23	24	24	24	24	23	21	21	26	24	26	25	23
LOC_135	14	14	16	16	14	14	14	15	15	14	14	14	14	14	14	14
LOC_136	15	15	15	15	16	15	15	16	16	17	17	16	16	16	16	15
LOC_137	24	24	25	28	22	26	23	22	22	23	24	22	22	23	26	24
LOC_138	22	21	21	20	21	22	22	22	22	21	21	21	21	21	22	21
LOC_139	17	17	16	16	14	18	16	16	20	16	16	16	16	16	16	17
LOC_140	17	17	18	18	18	22	21	20	20	18	18	18	18	18	18	17
LOC_141	16	15	16	17	17	16	16	16	17	16	16	16	16	16	16	15
LOC_142	26	27	25	25	25	25	25	23	22	26	26	24	24	26	26	27
LOC_143	21	21	21	21	20	19	21	19	19	19	19	19	20	21	22	21
LOC_144	16	16	16	16	16	16	15	14	14	16	16	16	16	16	16	16
LOC_145	18	18	21	21	20	20	20	20	20	22	20	20	20	20	19	20
LOC_146	19	19	20	20	19	18	18	19	19	19	19	20	20	19	20	20
LOC_147	21	21	21	24	20	22	22	21	21	23	21	21	20	21	21	21
LOC_148	10	10	14	14	14	16	14	14	16	14	14	16	14	14	14	14
LOC_149	18	20	19	20	18	18	18	19	18	18	18	20	19	19	18	18
LOC_150	15	15	15	15	15	17	15	15	15	15	18	16	15	16	15	15
LOC_151	17	16	16	16	17	17	16	16	15	16	16	17	17	18	18	16
LOC_152	22	19	19	20	20	21	19	20	20	20	23	18	18	18	18	20
LOC_153	19	20	20	20	22	19	20	23	23	21	21	21	21	23	19	20
LOC_154	18	18	24	23	25	23	23	23	23	24	23	22	25	22	22	18
LOC_155	21	21	21	21	20	21	21	24	22	19	19	20	21	20	20	21
LOC_156	17	17	17	17	18	17	17	18	16	17	17	19	20	18	18	17
LOC_157	17	17	18	17	18	19	19	17	19	18	18	18	18	18	18	17
LOC_158	23	23	21	22	23	22	21	22	22	22	25	21	21	21	21	22
LOC_159	15	15	16	16	16	15	16	19	17	16	16	18	18	16	16	15
LOC_160	19	19	21	19	18	17	17	17	17	17	19	18	18	18	19	19
LOC_161	23	23	20	21	18	21	21	21	21	21	21	21	21	22	21	21
LOC_162	22	22	21	21	19	20	20	20	20	18	18	20	20	20	20	20
LOC_163	20	20	18	18	19	19	19	17	17	18	18	19	19	17	19	18
LOC_164	20	20	20	20	19	21	21	21	21	22	22	18	20	19	19	20
LOC_165	15	15	15	15	16	15	15	15	15	15	16	15	14	19	16	15
LOC_166	18	16	17	17	17	17	17	17	17	17	19	16	16	16	16	17
LOC_167	16	16	17	16	16	14	15	15	17	18	16	17	17	16	16	16
LOC_168	29	29	27	25	29	28	25	29	27	26	30	30	30	27	28	28
LOC_169	22	23	22	20	24	22	22	21	22	25	24	29	28	24	24	23
LOC_170	18	17	18	18	16	19	20	19	15	18	18	17	18	17	17	19
LOC_171	25	24	22	23	26	23	23	23	25	23	22	21	21	20	21	23
LOC_172	22	22	25	24	25	26	25	25	26	24	24	23	24	23	24	22
LOC_173	16	16	18	19	18	17	17	17	17	16	16	17	17	17	17	16
LOC_174	22	24	21	22	22	22	22	22	22	21	21	19	21	22	23	22
LOC_175	27	26	26	28	24	28	30	29	31	26	26	23	22	23	23	27
LOC_176	14	14	14	14	14	14	14	14	15	14	14	14	14	14	14	14
LOC_177	24	22	21	22	24	21	21	22	22	25	24	22	22	22	22	24
LOC_178	22	19	22	22	21	24	20	22	21	23	22	24	24	20	19	23
LOC_179	23	24	23	23	23	23	23	23	22	23	23	23	23	23	21	23
LOC_180	22	22	22	21	20	21	21	23	23	24	22	20	21	20	20	22
LOC_181	18	18	18	18	19	19	18	20	19	21	21	18	18	18	18	18
LOC_182	24	24	25	25	24	24	24	24	25	21	20	24	23	23	22	23
LOC_183	25	23	26	28	25	29	29	27	27	25	26	24	25	23	24	25
LOC_184	16	16	21	19	16	15	16	17	19	16	16	17	17	17	17	16
LOC_185	20	20	20	21	20	22	23	21	21	19	20	19	20	20	20	20
LOC_186	16	16	16	16	18	16	16	17	19	16	16	19	16	16	16	16
LOC_187	21	21	22	22	21	21	22	21	21	21	21	21	20	20	20	21
LOC_188	24	22	21	24	25	24	24	24	24	24	24	23	25	24	24	25
LOC_189	14	14	14	14	14	12	14	14	14	14	14	17	15	16	16	14
LOC_190	20	20	23	22	20	21	21	20	20	21	21	22	22	20	20	22
LOC_191	16	17	18	18	15	17	17	17	19	16	16	15	15	15	15	17
LOC_192	19	20	21	21	21	24	24	25	23	21	21	22	23	25	25	21
LOC_193	15	15	16	15	15	15	17	15	15	15	15	16	15	15	15	15
LOC_194	19	20	18	20	19	19	19	19	18	18	18	20	20	19	20	18
LOC_195	18	18	18	18	18	18	18	18	18	18	18	17	21	19	18	18
LOC_196	22	22	22	21	23	22	21	23	23	21	21	23	22	21	21	22
LOC_197	22	21	21	21	22	21	21	21	21	21	20	23	22	21	23	21
LOC_198	29	30	30	28	28	27	27	26	25	29	28	27	30	29	30	27
LOC_199	14	14	13	13	13	15	15	15	15	13	14	13	13	13	13	14
LOC_200	23	23	23	23	22	22	22	21	22	22	22	18	18	23	23	23
LOC_201	22	24	23	24	25	24	23	23	22	26	27	27	26	22	23	24
LOC_202	18	18	17	17	17	17	18	17	18	17	16	14	15	17	17	17
LOC_203	18	18	20	18	17	18	18	18	20	17	17	17	17	16	16	18
LOC_204	18	19	20	20	19	20	20	19	19	20	18	19	20	19	19	18
LOC_205	14	14	14	14	14	14	14	14	14	14	13	14	14	14	16	14
LOC_206	18	18	21	20	21	17	17	19	19	19	19	22	21	21	21	20
LOC_207	14	14	15	14	15	14	14	14	14	14	14	16	16	16	17	14
LOC_208	13	14	15	14	14	14	14	14	14	14	14	13	13	13	13	14
LOC_209	18	17	17	17	17	17	17	18	17	17	17	17	17	17	17	17
LOC_210	22	21	22	22	21	23	23	25	24	22	22	21	20	21	21	22
LOC_211	23	23	24	25	25	22	22	22	22	23	24	23	23	23	23	24
LOC_212	23	23	22	22	24	25	25	25	25	23	24	24	24	23	22	24
LOC_213	19	21	20	19	14	19	18	18	18	18	15	15	15	15	15	19
LOC_214	17	17	16	18	18	18	18	18	18	18	18	19	19	19	19	17
LOC_215	16	16	16	16	16	15	17	17	17	16	16	16	18	16	16	16
LOC_216	17	16	21	22	22	22	22	22	23	20	20	20	20	20	20	20
LOC_217	23	24	27	28	28	27	29	32	32	28	26	27	26	29	28	25
LOC_218	17	17	17	17	17	17	17	18	19	20	19	17	17	17	18	17
LOC_219	15	15	16	15	15	15	15	15	15	15	15	14	14	16	16	15
LOC_220	18	18	15	15	17	18	18	18	18	18	14	18	19	19	19	18
LOC_221	24	23	21	23	27	27	29	25	25	23	24	26	28	28	28	24
LOC_222	26	26	24	24	30	27	28	28	27	25	25	29	30	30	30	28
LOC_223	14	14	14	14	15	12	16	12	14	16	15	15	15	15	15	14
LOC_224	16	16	16	16	16	16	16	16	16	15	15	17	16	16	16	16
LOC_225	21	23	23	24	23	24	25	24	23	23	23	23	23	24	23	21
LOC_226	16	16	16	16	17	16	16	16	13	16	16	16	16	16	16	16
LOC_227	7	7	7	7	5	5	5	5	5	5	5	5	5	5	5	7
LOC_228	16	17	16	17	17	15	16	16	16	16	16	14	14	15	15	16
LOC_229	17	17	17	17	14	21	17	17	17	14	14	14	14	15	14	17
LOC_230	19	19	19	19	18	21	23	18	19	18	18	18	18	18	18	19
LOC_231	19	19	22	22	20	23	23	23	22	21	21	22	23	20	20	19
LOC_232	17	17	19	19	20	20	20	20	20	20	20	20	21	20	20	18
LOC_233	15	15	16	16	15	14	14	15	15	15	16	15	15	12	14	15
LOC_234	15	15	15	15	15	15	15	15	16	15	20	21	20	17	16	15
LOC_235	22	22	21	21	17	20	19	21	21	21	21	18	18	18	18	22
LOC_236	17	17	17	17	16	16	16	16	16	15	15	16	16	16	16	17
LOC_237	20	20	20	20	21	20	22	18	19	21	21	23	18	21	22	20
LOC_238	21	21	21	21	21	21	22	21	25	22	22	23	22	22	22	21
LOC_239	22	22	22	22	22	23	22	21	21	22	22	22	21	21	24	22
LOC_240	14	14	15	15	14	14	14	14	14	14	15	16	16	16	16	14
LOC_241	18	18	18	18	18	23	20	17	18	17	17	17	17	17	17	18
LOC_242	18	19	15	15	16	17	17	16	16	13	13	16	17	16	16	17
LOC_243	20	19	19	19	19	19	18	22	23	19	19	16	19	20	18	19
LOC_244	14	14	14	14	14	16	14	14	15	13	13	14	14	14	14	14
LOC_245	23	24	22	26	22	24	23	24	21	22	23	22	22	21	20	24
LOC_246	22	23	26	28	25	28	27	26	27	28	25	30	27	27	26	24
LOC_247	17	17	16	16	16	16	16	16	16	16	16	16	17	17	17	16
LOC_248	18	18	18	17	18	18	18	18	18	18	19	19	20	19	19	18
LOC_249	23	23	22	22	20	21	21	22	20	24	22	18	17	17	17	24
LOC_250	26	28	27	27	26	26	26	30	29	28	24	23	22	26	24	27
LOC_251	17	17	17	15	17	17	17	19	18	17	17	18	17	17	17	17
LOC_252	23	24	20	21	22	20	20	20	20	22	22	21	21	20	20	22
LOC_253	14	14	14	14	14	14	14	14	14	13	13	14	14	14	14	14
LOC_254	16	16	16	16	18	19	19	20	18	17	17	18	18	17	17	16
LOC_255	22	23	23	23	27	22	20	21	22	23	24	22	20	22	22	23
LOC_256	19	19	19	19	20	18	19	19	19	20	19	20	19	18	18	19
LOC_257	20	19	19	19	19	20	21	20	20	20	20	20	21	20	20	20
LOC_258	13	13	13	13	13	13	13	13	13	13	13	13	13	13	13	13
LOC_259	21	21	17	19	20	19	17	19	20	20	21	20	22	20	19	20
LOC_260	21	23	21	21	22	20	20	20	20	21	21	22	22	19	22	22
LOC_261	15	15	17	17	19	21	19	19	19	19	19	19	19	17	19	15
LOC_262	14	13	12	13	13	13	13	13	13	13	14	13	13	13	13	13
LOC_263	18	18	16	16	16	16	16	16	16	16	16	16	16	15	17	16
LOC_264	22	22	22	22	21	23	23	24	24	23	23	20	18	21	19	22
LOC_265	22	22	24	24	28	25	26	24	24	24	24	26	25	26	27	24
LOC_266	19	19	19	21	18	20	23	19	19	19	19	17	17	17	17	19
LOC_267	18	18	18	17	21	19	19	17	17	19	19	19	19	20	21	18
LOC_268	17	17	18	18	20	18	18	18	18	18	18	22	22	21	21	17
LOC_269	16	14	16	15	16	18	17	17	16	16	16	16	16	16	16	16
LOC_270	20	19	19	19	19	19	19	19	19	20	19	19	19	22	23	19
LOC_271	24	25	25	24	23	22	22	22	22	22	21	23	23	20	22	24
LOC_272	22	22	22	22	21	19	19	20	19	20	19	21	21	20	20	23
LOC_273	24	30	22	22	22	21	23	22	21	21	21	21	21	20	22	24
LOC_274	20	20	19	19	21	21	22	22	22	21	21	23	21	21	21	22
LOC_275	15	15	14	15	16	16	17	17	17	16	16	16	16	16	16	15
LOC_276	19	20	22	23	22	19	19	19	20	21	21	20	24	21	21	20
LOC_277	15	14	13	13	13	13	13	13	13	13	13	13	11	13	13	14
LOC_278	14	14	14	14	14	14	14	15	14	14	14	14	14	14	14	14
LOC_279	15	15	11	14	14	14	14	14	14	14	14	14	14	14	14	15
LOC_280	21	20	19	19	21	21	21	21	23	21	21	24	22	21	22	20
LOC_281	21	20	20	20	19	21	21	21	21	18	20	20	22	20	20	20
LOC_282	15	15	15	15	15	15	15	15	15	15	15	15	15	14	14	15
LOC_283	16	16	13	14	14	14	14	14	14	14	14	13	13	14	14	14
LOC_284	14	14	17	17	14	14	14	14	14	14	14	12	12	14	14	14
LOC_285	29	31	29	29	30	32	29	28	27	27	27	32	28	30	31	29
LOC_286	18	18	19	19	21	20	20	20	20	20	19	20	19	20	20	18
LOC_287	27	27	30	29	33	29	28	29	28	33	30	28	27	27	32	28
LOC_288	16	17	15	16	20	18	17	18	17	19	18	21	22	24	24	17
LOC_289	16	15	17	17	15	17	17	15	15	15	15	14	15	15	15	15
LOC_290	19	19	20	20	20	21	21	20	19	20	20	20	20	19	19	19
LOC_291	18	18	20	20	20	19	19	19	19	19	19	16	16	17	19	18
LOC_292	19	20	19	19	19	19	20	19	19	20	18	19	19	19	19	19
LOC_293	15	15	15	15	18	16	16	16	16	15	15	15	15	15	15	15
LOC_294	27	27	26	26	23	25	25	28	26	26	25	24	23	23	23	25
LOC_295	18	18	20	18	19	18	18	18	19	20	18	19	18	19	19	18
LOC_296	14	14	14	14	13	13	13	14	15	14	12	13	13	13	13	14
LOC_297	15	15	16	16	16	17	17	16	16	17	16	16	16	16	16	15
LOC_298	19	17	15	16	18	17	17	18	16	17	17	18	18	16	16	17
LOC_299	16	16	16	16	19	21	22	22	22	19	15	19	19	19	19	16
LOC_300	17	17	17	17	17	19	17	17	17	17	17	17	18	17	17	17
LOC_301	21	20	20	22	20	21	20	21	21	20	20	20	20	22	20	20
LOC_302	24	23	25	26	22	25	25	24	24	23	23	23	24	23	23	24
LOC_303	18	18	19	19	17	18	18	18	18	18	18	18	17	17	17	18
LOC_304	14	14	14	14	13	15	15	14	14	14	14	13	13	14	14	14
LOC_305	17	17	17	17	18	17	17	16	16	18	18	17	17	18	18	17
LOC_306	23	23	24	24	26	24	24	25	24	25	24	28	28	27	26	26
LOC_307	22	22	20	20	21	22	22	24	24	19	19	19	19	23	19	22
LOC_308	21	21	21	21	21	23	22	21	21	21	20	21	22	21	20	22
LOC_309	22	22	23	23	21	21	21	21	20	22	22	21	19	21	21	22
LOC_310	15	15	15	15	15	15	15	15	15	15	15	17	16	17	16	15
LOC_311	18	20	17	17	18	17	17	17	17	18	17	18	19	18	18	18
LOC_312	18	18	18	18	19	20	18	18	18	20	19	20	19	19	19	18
LOC_313	16	19	15	15	15	18	20	18	18	15	15	15	14	15	15	16
LOC_314	15	15	15	15	14	16	16	16	16	16	16	15	15	15	15	15
LOC_315	13	14	15	15	15	15	15	15	15	15	15	16	16	16	17	15
LOC_316	26	27	26	27	25	27	26	27	26	26	27	25	25	25	25	26
LOC_317	21	22	20	21	23	17	17	22	22	21	21	22	22	25	22	21
LOC_318	22	22	21	21	22	26	25	25	26	25	25	25	24	24	28	22
LOC_319	23	24	22	21	24	26	25	25	26	26	27	24	24	22	23	22
LOC_320	21	21	16	16	15	16	16	16	16	18	18	18	18	16	16	21
LOC_321	16	16	15	16	15	15	15	15	15	15	17	15	15	15	15	16
LOC_322	13	13	12	12	12	12	12	12	12	12	12	11	11	12	11	12
LOC_323	14	14	14	14	13	12	14	13	13	13	13	13	13	13	13	14
LOC_324	21	21	23	23	22	23	24	23	23	23	24	21	21	21	21	21
LOC_325	15	16	16	16	16	16	16	16	16	16	16	16	16	16	16	16
LOC_326	16	18	16	16	16	16	18	16	17	14	15	16	16	16	18	16
LOC_327	17	15	15	15	15	16	16	15	15	15	15	15	15	14	15	15
LOC_328	21	20	20	20	21	21	21	21	21	21	21	26	24	24	23	20
LOC_329	23	22	22	23	23	23	23	23	23	24	25	26	27	25	24	23
LOC_330	22	21	22	23	20	22	22	22	22	20	20	20	21	20	20	22
LOC_331	23	23	23	24	24	23	23	23	23	25	25	23	22	25	26	23
LOC_332	15	15	15	15	14	15	15	15	15	14	14	14	14	14	16	15
LOC_333	15	15	14	14	15	18	16	14	14	16	16	13	14	14	11	14
LOC_334	19	19	19	19	21	21	21	21	21	21	21	18	18	21	19	19
LOC_335	25	24	23	23	23	25	27	25	24	22	23	23	23	23	23	23
LOC_336	24	24	24	25	22	24	25	23	24	25	24	28	25	23	24	24
LOC_337	20	20	19	19	19	21	21	21	19	19	19	20	20	20	20	20
LOC_338	19	20	19	19	19	20	20	20	20	20	20	19	19	19	19	19
LOC_339	17	17	21	19	18	17	17	17	17	17	17	18	18	17	18	17
LOC_340	11	13	13	13	13	13	13	13	13	14	14	13	13	13	13	13
LOC_341	20	20	21	20	19	17	15	17	17	19	19	18	18	19	19	20
LOC_342	14	14	14	14	15	14	14	14	14	14	14	14	14	14	14	14
LOC_343	20	20	22	22	20	20	20	21	21	20	19	20	21	20	20	20
LOC_344	18	17	17	17	19	20	20	19	19	19	19	19	19	15	19	17
LOC_345	15	14	15	15	17	15	15	15	15	15	15	16	16	16	16	15
LOC_346	24	23	24	23	21	22	20	22	22	21	22	22	22	23	23	23
LOC_347	22	23	24	24	20	21	21	19	19	20	21	22	21	22	23	20
LOC_348	20	20	20	20	20	18	18	19	19	17	20	20	20	20	20	20
LOC_349	15	15	15	15	14	15	14	15	14	14	14	15	13	14	13	15
LOC_350	17	17	17	16	16	18	18	17	17	16	16	16	16	16	17	17
LOC_351	26	26	25	26	27	28	25	26	27	30	28	22	25	29	28	26
LOC_352	22	20	20	20	18	20	20	20	20	19	19	18	18	17	17	20
LOC_353	18	19	17	17	18	19	19	18	18	18	18	17	17	16	16	18
LOC_354	15	15	15	15	18	15	15	15	15	18	18	20	20	20	20	15
LOC_355	14	14	14	14	14	14	14	14	14	15	14	16	16	15	15	14
LOC_356	17	17	17	17	17	17	17	17	17	17	17	17	17	17	17	17
LOC_357	16	16	16	16	17	18	17	17	17	17	17	16	17	17	17	16
LOC_358	8	7	7	7	10	7	7	7	7	7	7	8	10	8	8	7
LOC_359	19	19	20	20	18	19	19	19	20	19	19	18	18	18	18	19
LOC_360	24	24	25	23	25	21	23	22	23	24	24	23	22	23	23	24
LOC_361	21	21	22	21	18	19	20	19	19	19	19	18	18	18	18	21
LOC_362	23	22	22	20	24	22	22	24	24	21	21	24	24	24	24	22
LOC_363	8	8	9	9	8	8	8	8	8	8	8	8	8	10	10	8
LOC_364	14	14	14	14	18	14	14	15	15	14	14	18	18	19	18	14
LOC_365	24	25	24	24	24	23	22	22	23	25	25	24	24	24	17	25
LOC_366	17	17	17	17	18	16	16	14	14	17	17	17	17	17	17	17
LOC_367	16	17	17	17	20	20	20	20	20	18	19	18	20	21	20	16
LOC_368	23	23	24	24	24	22	23	23	24	24	24	25	25	24	25	24
LOC_369	27	27	28	27	29	27	26	25	26	29	29	28	27	28	28	28
LOC_370	18	18	18	18	18	17	16	17	17	18	19	18	17	18	18	18
LOC_371	22	23	21	24	25	22	22	21	23	24	23	22	21	22	22	23
LOC_372	21	21	22	22	25	22	22	23	22	22	23	28	25	25	25	21
LOC_373	14	17	14	14	10	13	13	12	12	10	10	10	10	10	11	14
LOC_374	15	15	14	15	18	18	18	16	17	19	19	18	18	17	17	15
LOC_375	18	18	18	18	18	20	19	22	19	19	19	19	19	20	19	18
LOC_376	20	22	19	21	20	21	21	20	20	20	20	19	18	19	20	20
LOC_377	23	23	25	25	24	27	28	27	28	23	25	23	21	23	23	23
LOC_378	23	24	20	23	24	23	23	23	23	24	26	22	22	22	24	23
LOC_379	22	18	16	16	18	18	18	18	18	18	18	17	17	18	19	18
LOC_380	17	18	18	18	18	21	19	20	18	15	18	18	18	19	18	18
LOC_381	15	14	14	14	13	14	14	14	14	14	14	15	14	14	14	14
LOC_382	19	19	19	16	18	18	18	18	18	17	17	21	21	19	19	18
LOC_383	17	17	17	16	17	16	16	16	16	18	16	16	16	16	16	17
LOC_384	14	14	14	14	14	17	15	14	14	14	15	17	14	14	14	14
LOC_385	23	17	18	18	20	18	21	18	18	19	19	17	17	17	17	18
LOC_386	19	19	19	19	19	18	17	17	15	19	19	19	19	20	19	19
LOC_387	17	17	17	17	19	17	15	18	17	17	17	19	19	18	18	17
LOC_388	29	28	31	31	27	29	27	28	29	29	28	21	22	24	23	28
LOC_389	18	18	19	18	19	19	18	18	18	19	19	21	21	20	20	18
LOC_390	7	7	7	7	7	7	7	7	7	7	7	7	7	7	7	7
LOC_391	21	21	22	24	22	18	20	20	22	23	25	21	21	21	21	22
LOC_392	24	25	21	21	20	20	22	23	23	22	22	21	20	20	21	22
LOC_393	16	16	15	18	15	16	16	15	13	14	14	14	15	15	15	15
LOC_394	15	16	16	16	16	16	16	16	16	16	16	16	16	16	12	16
LOC_395	20	20	21	21	19	20	20	19	20	19	19	17	17	19	19	20
LOC_396	17	17	17	17	19	16	16	16	16	21	21	18	18	18	18	17
LOC_397	17	18	20	19	21	20	20	20	20	20	20	21	20	23	22	19
LOC_398	21	18	17	19	17	17	17	17	17	17	17	16	18	17	17	17
LOC_399	31	31	29	28	29	30	29	33	33	30	30	30	28	26	27	29
LOC_400	15	15	19	15	15	15	14	15	15	15	15	15	15	15	15	15
LOC_401	13	13	13	13	19	17	17	16	17	17	15	19	19	19	19	13
LOC_402	14	14	14	14	15	14	14	14	14	14	15	15	15	15	15	14
LOC_403	14	14	14	14	17	15	15	15	15	15	15	17	18	17	17	14
LOC_404	10	10	8	10	10	10	11	10	10	10	10	10	10	10	10	10
LOC_405	16	16	16	15	18	18	18	18	18	16	16	17	17	17	17	16
LOC_406	19	19	20	22	20	20	21	20	20	18	18	21	20	20	21	19
LOC_407	17	17	17	16	17	18	18	17	18	17	17	17	17	17	17	17
LOC_408	14	14	14	14	14	14	14	14	14	14	14	18	18	18	18	14
LOC_409	15	15	15	15	15	13	13	15	15	15	15	15	15	15	15	15
LOC_410	16	19	16	16	16	16	15	16	16	16	16	16	16	12	12	16
LOC_411	14	14	14	14	14	15	15	14	13	14	14	14	14	14	14	14
LOC_412	19	21	18	18	20	22	22	21	24	20	20	22	22	22	23	19
LOC_413	18	19	21	21	20	19	19	20	20	20	20	22	22	22	22	20
LOC_414	15	15	14	16	16	16	16	16	16	16	16	16	16	15	16	15
LOC_415	15	15	14	14	13	13	13	13	13	14	14	13	13	13	13	14
LOC_416	17	17	17	18	17	17	17	17	17	16	16	16	16	17	17	17
LOC_417	14	14	14	15	15	15	15	15	15	11	15	18	18	18	18	14
LOC_418	14	14	14	15	15	13	13	14	14	15	14	15	15	16	17	14
LOC_419	14	14	16	14	17	15	15	15	16	15	15	17	18	18	18	15
LOC_420	13	13	13	13	13	13	13	13	13	13	13	13	13	13	13	13
LOC_421	17	17	16	15	16	16	14	17	17	17	16	16	16	16	15	17
LOC_422	24	24	22	20	18	21	23	27	25	22	21	18	18	17	18	23
LOC_423	9	9	11	10	10	9	9	9	9	10	10	9	10	10	10	9
LOC_424	20	20	19	20	22	22	22	23	21	21	21	21	20	21	19	20
LOC_425	16	16	16	16	18	16	16	16	16	18	18	19	19	19	20	16
LOC_426	17	18	17	17	17	17	17	17	17	16	16	15	13	17	17	17
LOC_427	20	20	20	20	19	18	19	19	19	18	18	19	19	17	21	20
LOC_428	13	14	16	16	15	15	15	17	16	16	13	15	15	15	15	16
LOC_429	19	20	19	20	21	20	20	20	19	21	21	20	19	19	19	19
LOC_430	19	19	24	22	17	19	20	19	19	20	20	18	18	18	18	19
LOC_431	19	17	18	18	19	19	19	19	20	19	19	19	18	23	22	19
LOC_432	14	15	15	14	15	15	15	15	15	14	14	15	15	15	16	14
LOC_433	23	23	22	23	24	22	23	22	22	24	23	22	22	20	20	23
LOC_434	19	19	19	19	18	17	17	18	19	18	15	18	18	18	18	19
LOC_435	24	23	26	26	25	26	26	27	26	24	25	26	27	25	26	25
LOC_436	23	23	26	26	25	24	23	25	24	27	27	24	24	24	25	24
LOC_437	21	21	22	22	22	25	22	24	22	22	21	23	21	21	21	22
LOC_438	24	20	22	22	27	24	26	24	24	27	26	27	26	26	25	23
LOC_439	16	16	19	19	15	17	16	16	15	17	18	15	15	15	15	16
LOC_440	21	20	19	19	18	17	16	19	19	18	18	18	18	18	19	20
LOC_441	17	17	17	17	17	16	16	15	15	16	16	16	17	17	17	16
LOC_442	23	23	21	22	24	22	24	22	22	24	22	23	22	22	22	22
LOC_443	19	19	18	19	19	18	18	18	18	18	18	17	18	17	17	18
LOC_444	20	20	19	19	22	22	23	21	21	21	23	22	21	23	22	20
LOC_445	21	22	22	19	21	25	24	23	23	19	22	21	20	21	20	22
LOC_446	18	18	19	18	18	16	16	16	16	18	19	20	19	18	16	18
LOC_447	18	16	18	18	17	18	18	17	17	18	18	17	17	18	20	18
LOC_448	28	27	25	25	27	28	28	27	29	26	28	26	29	28	29	28
LOC_449	17	18	17	17	17	17	17	17	17	17	17	19	18	16	16	17
LOC_450	20	20	18	20	18	20	20	21	21	20	20	17	17	16	16	20
LOC_451	14	14	14	14	14	14	14	14	14	14	14	15	14	14	14	14
LOC_452	21	19	19	19	20	19	21	19	19	19	19	20	19	20	20	19
LOC_453	18	18	18	19	18	18	18	16	16	19	19	18	18	19	19	18
LOC_454	25	21	19	19	20	20	22	22	21	21	22	20	20	20	20	21
LOC_455	16	16	15	15	16	15	15	15	15	15	15	16	16	16	17	16
LOC_456	17	17	15	15	15	15	15	15	15	15	15	18	16	16	16	15
LOC_457	27	25	20	22	22	24	24	24	23	26	23	21	21	22	20	22
LOC_458	17	16	16	16	16	17	16	16	16	14	16	16	16	17	17	16
LOC_459	7	7	7	7	7	7	7	7	7	7	7	7	7	7	7	7
LOC_460	18	18	20	18	18	18	17	20	20	20	20	18	18	18	18	18
LOC_461	14	14	14	14	14	14	14	14	14	14	14	16	16	15	15	14
LOC_462	21	21	25	23	20	23	22	21	21	21	20	20	21	20	22	21
LOC_463	25	25	26	27	26	29	29	29	29	22	25	24	25	26	23	25
LOC_464	18	18	19	19	15	18	18	18	18	15	15	15	15	16	15	18
LOC_465	25	23	30	27	25	25	24	25	25	24	24	26	25	26	27	25
LOC_466	26	24	23	22	27	26	24	21	22	20	23	23	28	26	26	24
LOC_467	19	21	19	17	19	20	20	20	20	19	19	19	19	20	20	19
LOC_468	14	14	14	14	14	14	14	14	14	14	14	16	16	16	16	14
LOC_469	23	23	22	22	22	22	22	22	22	23	23	23	23	22	22	23
LOC_470	24	27	23	24	24	21	23	25	25	23	23	22	24	23	23	23
LOC_471	19	19	19	19	20	22	21	22	22	22	21	20	20	20	20	19
LOC_472	16	17	16	16	21	17	17	20	19	18	18	20	20	20	20	16
LOC_473	21	21	22	22	20	21	21	21	21	20	20	21	21	21	21	21
LOC_474	14	15	14	15	14	15	15	15	15	14	14	14	14	15	17	15
LOC_475	16	17	16	16	16	16	16	16	17	17	17	17	16	15	15	16
LOC_476	16	16	15	16	16	15	15	15	15	16	17	17	17	17	17	16
LOC_477	19	19	18	18	20	18	19	18	18	20	20	21	20	19	20	19
LOC_478	16	16	17	18	16	21	20	20	20	16	16	18	16	15	15	16
LOC_479	16	17	18	18	18	18	18	18	18	18	18	18	18	18	18	17
LOC_480	17	17	17	17	18	18	18	16	18	20	19	17	18	17	18	17
LOC_481	16	16	16	16	16	16	16	17	17	16	16	18	17	15	16	16
LOC_482	18	17	18	19	18	17	17	17	18	17	17	17	13	17	17	17
LOC_483	25	26	24	23	23	25	24	19	23	23	24	23	24	23	23	24
LOC_484	24	24	22	23	21	27	27	28	26	23	23	28	26	27	26	25
LOC_485	18	18	16	17	17	17	17	17	17	17	18	17	17	17	17	17
LOC_486	23	23	24	23	24	23	24	22	22	24	23	22	22	23	23	23
LOC_487	17	17	18	18	19	17	17	17	17	17	17	18	18	18	19	17
LOC_488	23	23	21	22	22	22	23	25	24	22	22	23	23	22	22	23
LOC_489	17	18	18	18	18	17	17	18	18	18	18	18	18	18	18	18
LOC_490	15	15	14	14	15	17	18	16	16	15	15	16	16	17	16	14
LOC_491	22	21	20	20	18	20	20	20	20	20	19	18	18	20	20	21
LOC_492	20	22	18	18	20	18	18	20	21	21	20	20	26	21	20	20
LOC_493	27	28	28	27	27	25	22	27	24	24	25	25	25	24	24	27
LOC_494	17	17	18	18	16	16	15	18	16	18	16	19	19	19	19	17
LOC_495	24	25	22	25	20	21	21	21	21	21	20	20	20	20	20	23
LOC_496	22	23	24	24	24	23	22	23	22	24	24	25	24	25	24	22
LOC_497	20	20	21	21	21	21	20	21	20	22	20	21	20	21	21	20
LOC_498	8	8	8	8	9	8	8	8	8	8	8	9	9	9	9	8
LOC_499	21	21	20	20	22	22	22	22	22	20	21	19	19	22	21	21
LOC_500	19	19	19	19	20	18	18	19	19	21	20	19	19	19	19	19
LOC_501	16	19	17	17	19	17	17	16	17	19	18	18	17	18	18	17
LOC_502	30	28	25	25	24	27	26	28	29	27	25	22	22	23	21	27
LOC_503	7	7	7	7	7	7	7	7	7	7	7	7	7	7	7	7
LOC_504	15	15	14	14	13	13	13	13	13	13	13	13	13	14	14	15
LOC_505	24	22	22	22	23	27	23	21	22	24	22	23	23	24	23	21
LOC_506	14	14	14	14	13	14	14	14	14	14	14	13	13	14	13	14
LOC_507	14	15	14	14	15	15	15	16	15	15	15	15	15	14	15	14
LOC_508	18	18	21	22	22	23	23	22	22	23	22	21	23	20	21	18
LOC_509	19	20	19	19	19	19	20	21	19	19	19	18	18	18	18	19
LOC_510	20	19	20	20	19	21	21	21	23	19	19	17	18	19	19	20
LOC_511	20	20	19	21	17	19	18	19	19	18	20	17	17	18	17	20
LOC_512	23	23	23	23	23	20	20	21	21	22	22	22	22	20	20	23
