names	Run1_C_4	Run1_C_5	Run1_C_6	Run1_C_7	root
LOC_1	20	19	22	23	19
LOC_2	21	21	20	20	20
LOC_3	7	7	7	7	7
LOC_4	7	7	7	7	7
LOC_5	7	7	7	7	7
LOC_6	18	16	17	16	16
LOC_7	13	13	13	13	13
LOC_8	19	22	18	20	22
LOC_9	15	16	15	15	15
LOC_10	17	17	18	18	17
LOC_11	24	24	23	23	23
LOC_12	17	17	17	17	17
LOC_13	17	17	18	18	17
LOC_14	18	18	18	18	18
LOC_15	26	26	26	28	27
LOC_16	14	14	14	14	14
LOC_17	15	15	15	15	15
LOC_18	23	23	23	23	23
LOC_19	24	22	22	21	22
LOC_20	16	16	15	15	15
LOC_21	13	13	13	13	13
LOC_22	22	19	21	21	21
LOC_23	15	16	15	16	16
LOC_24	23	22	23	23	23
LOC_25	22	22	22	21	22
LOC_26	15	15	15	15	15
LOC_27	18	17	19	17	17
LOC_28	21	21	21	22	21
LOC_29	25	25	27	26	25
LOC_30	20	19	19	19	19
LOC_31	26	27	24	27	26
LOC_32	20	20	20	20	20
LOC_33	15	17	15	15	15
LOC_34	14	15	14	14	14
LOC_35	19	19	19	19	19
LOC_36	20	20	20	21	20
LOC_37	22	22	22	21	21
LOC_38	11	12	15	15	16
LOC_39	21	21	20	20	20
LOC_40	14	14	14	14	14
LOC_41	21	21	24	21	21
LOC_42	21	21	21	21	21
LOC_43	18	17	18	19	18
LOC_44	18	18	18	18	18
LOC_45	18	18	17	17	18
LOC_46	19	20	21	21	20
LOC_47	13	13	15	15	15
LOC_48	17	17	17	16	17
LOC_49	16	16	15	15	15
LOC_50	16	16	16	16	16
LOC_51	20	19	20	22	20
LOC_52	19	19	17	17	19
LOC_53	22	22	23	23	23
LOC_54	20	20	21	18	20
LOC_55	21	20	20	21	20
LOC_56	19	19	19	19	19
LOC_57	23	23	24	24	23
LOC_58	21	22	21	20	21
LOC_59	9	11	8	8	9
LOC_60	20	20	20	20	20
LOC_61	24	24	25	23	24
LOC_62	18	18	18	18	18
LOC_63	18	17	17	18	17
LOC_64	17	17	17	17	17
LOC_65	17	17	18	19	17
LOC_66	19	19	20	21	21
LOC_67	21	22	22	22	22
LOC_68	15	16	16	16	16
LOC_69	22	21	19	19	21
LOC_70	23	25	22	23	23
LOC_71	17	17	16	16	16
LOC_72	21	21	21	22	20
LOC_73	17	19	19	19	19
LOC_74	22	24	22	22	22
LOC_75	25	23	24	25	23
LOC_76	20	20	21	21	21
LOC_77	14	14	14	14	14
LOC_78	22	22	22	22	22
LOC_79	15	15	15	15	15
LOC_80	25	26	24	23	24
LOC_81	17	17	16	16	16
LOC_82	20	21	19	20	20
LOC_83	17	18	19	19	18
LOC_84	16	14	16	16	16
LOC_85	21	21	21	21	21
LOC_86	16	16	16	16	16
LOC_87	20	22	22	23	20
LOC_88	22	22	23	22	22
LOC_89	26	27	26	27	26
LOC_90	20	20	18	20	20
LOC_91	16	17	17	17	17
LOC_92	19	19	19	19	19
LOC_93	10	13	12	12	12
LOC_94	15	15	15	15	15
LOC_95	13	13	13	13	13
LOC_96	20	21	21	20	20
LOC_97	20	21	20	20	20
LOC_98	17	18	15	15	15
LOC_99	18	17	16	16	16
LOC_100	14	14	14	14	14
LOC_101	21	22	23	22	21
LOC_102	18	18	19	19	19
LOC_103	14	15	15	16	14
LOC_104	23	22	21	20	21
LOC_105	13	13	15	15	16
LOC_106	27	27	26	27	28
LOC_107	14	13	15	15	15
LOC_108	23	22	23	23	23
LOC_109	14	14	14	14	14
LOC_110	16	16	19	16	16
LOC_111	15	15	16	16	15
LOC_112	21	22	19	21	21
LOC_113	14	14	14	14	14
LOC_114	17	17	17	17	17
LOC_115	14	14	14	14	14
LOC_116	16	15	14	14	14
LOC_117	19	18	19	19	19
LOC_118	16	16	17	15	16
LOC_119	23	23	23	22	23
LOC_120	18	18	17	18	18
LOC_121	21	21	19	19	18
LOC_122	19	19	19	19	19
LOC_123	24	25	24	24	24
LOC_124	22	22	22	23	22
LOC_125	28	26	25	26	27
LOC_126	14	14	13	14	14
LOC_127	22	22	23	23	22
LOC_128	20	20	20	24	20
LOC_129	19	20	19	18	19
LOC_130	23	24	24	25	24
LOC_131	15	15	15	15	15
LOC_132	23	21	21	21	21
LOC_133	23	23	22	22	22
LOC_134	23	23	24	23	23
LOC_135	14	14	14	14	14
LOC_136	15	15	15	15	15
LOC_137	26	26	25	23	24
LOC_138	20	21	21	21	21
LOC_139	17	17	17	17	17
LOC_140	17	16	15	17	17
LOC_141	15	15	15	15	15
LOC_142	28	29	23	28	27
LOC_143	21	21	21	21	21
LOC_144	16	16	16	16	16
LOC_145	20	20	20	20	20
LOC_146	20	20	22	20	20
LOC_147	21	21	20	20	21
LOC_148	15	14	14	14	14
LOC_149	18	18	20	18	18
LOC_150	16	16	15	15	15
LOC_151	16	17	17	16	16
LOC_152	20	23	20	20	20
LOC_153	20	20	20	20	20
LOC_154	18	18	18	18	18
LOC_155	21	21	21	21	21
LOC_156	17	17	17	17	17
LOC_157	18	19	17	18	17
LOC_158	23	22	24	21	22
LOC_159	15	15	15	15	15
LOC_160	21	21	19	19	19
LOC_161	21	20	21	20	21
LOC_162	20	20	18	18	20
LOC_163	18	18	21	18	18
LOC_164	20	20	20	20	20
LOC_165	15	17	15	15	15
LOC_166	17	17	17	17	17
LOC_167	16	16	16	16	16
LOC_168	28	27	28	32	28
LOC_169	23	23	23	24	23
LOC_170	18	18	18	19	19
LOC_171	23	23	23	23	23
LOC_172	23	22	22	23	22
LOC_173	17	15	18	18	16
LOC_174	24	25	22	22	22
LOC_175	27	26	27	27	27
LOC_176	14	14	15	15	14
LOC_177	24	24	25	28	24
LOC_178	23	23	23	23	23
LOC_179	25	25	23	23	23
LOC_180	22	22	23	22	22
LOC_181	18	18	18	18	18
LOC_182	24	24	24	23	23
LOC_183	24	24	24	26	25
LOC_184	15	15	16	16	16
LOC_185	20	20	19	19	20
LOC_186	16	16	16	16	16
LOC_187	22	22	25	23	21
LOC_188	25	25	23	25	25
LOC_189	14	14	16	14	14
LOC_190	20	19	21	21	22
LOC_191	16	16	17	17	17
LOC_192	21	21	21	21	21
LOC_193	15	15	16	16	15
LOC_194	18	17	20	18	18
LOC_195	19	19	17	18	18
LOC_196	24	23	21	21	22
LOC_197	21	21	21	20	21
LOC_198	30	28	27	25	27
LOC_199	15	14	14	14	14
LOC_200	19	19	23	24	23
LOC_201	24	25	24	23	24
LOC_202	18	18	17	16	17
LOC_203	18	18	18	20	18
LOC_204	18	18	18	18	18
LOC_205	14	14	16	14	14
LOC_206	20	20	21	20	20
LOC_207	16	15	13	13	14
LOC_208	13	14	15	14	14
LOC_209	17	18	17	17	17
LOC_210	21	20	22	22	22
LOC_211	25	25	26	25	24
LOC_212	25	24	24	23	24
LOC_213	19	19	19	19	19
LOC_214	17	17	17	17	17
LOC_215	14	15	16	16	16
LOC_216	20	20	20	20	20
LOC_217	29	28	25	24	25
LOC_218	17	17	16	17	17
LOC_219	15	15	15	16	15
LOC_220	18	18	18	18	18
LOC_221	23	24	25	23	24
LOC_222	29	27	27	27	28
LOC_223	15	14	14	14	14
LOC_224	16	16	14	14	16
LOC_225	21	21	19	20	21
LOC_226	16	17	16	16	16
LOC_227	7	8	7	7	7
LOC_228	16	16	16	16	16
LOC_229	17	17	16	16	17
LOC_230	19	19	19	18	19
LOC_231	19	19	19	20	19
LOC_232	18	18	18	18	18
LOC_233	15	15	14	14	15
LOC_234	15	15	15	15	15
LOC_235	22	22	23	22	22
LOC_236	17	17	17	17	17
LOC_237	19	19	21	21	20
LOC_238	20	21	20	21	21
LOC_239	22	22	19	21	22
LOC_240	14	14	14	14	14
LOC_241	19	18	18	17	18
LOC_242	18	18	16	19	17
LOC_243	19	22	19	19	19
LOC_244	14	14	14	14	14
LOC_245	26	25	24	24	24
LOC_246	23	25	26	25	24
LOC_247	16	16	16	15	16
LOC_248	18	18	18	17	18
LOC_249	22	22	24	25	24
LOC_250	25	26	27	27	27
LOC_251	19	17	17	17	17
LOC_252	26	26	22	22	22
LOC_253	14	13	14	14	14
LOC_254	16	16	18	18	16
LOC_255	23	22	23	23	23
LOC_256	21	21	19	21	19
LOC_257	20	20	21	18	20
LOC_258	14	14	13	13	13
LOC_259	20	20	20	20	20
LOC_260	22	20	20	22	22
LOC_261	15	15	15	15	15
LOC_262	13	13	13	12	13
LOC_263	16	19	15	15	16
LOC_264	22	22	21	21	22
LOC_265	24	24	24	24	24
LOC_266	18	18	19	19	19
LOC_267	18	18	17	17	18
LOC_268	17	17	17	17	17
LOC_269	16	16	16	16	16
LOC_270	18	18	19	19	19
LOC_271	23	23	23	23	24
LOC_272	23	23	25	24	23
LOC_273	25	25	23	24	24
LOC_274	22	22	25	24	22
LOC_275	15	14	15	15	15
LOC_276	20	20	20	20	20
LOC_277	14	14	14	14	14
LOC_278	14	14	11	11	14
LOC_279	15	15	15	15	15
LOC_280	20	19	20	20	20
LOC_281	19	22	20	20	20
LOC_282	15	15	15	15	15
LOC_283	14	14	13	14	14
LOC_284	14	14	13	13	14
LOC_285	29	32	28	28	29
LOC_286	18	18	17	18	18
LOC_287	28	26	27	28	28
LOC_288	17	17	17	17	17
LOC_289	15	17	15	15	15
LOC_290	20	20	18	18	19
LOC_291	18	18	18	18	18
LOC_292	19	19	19	19	19
LOC_293	15	15	14	14	15
LOC_294	27	26	26	25	25
LOC_295	18	18	19	20	18
LOC_296	14	14	14	14	14
LOC_297	12	17	13	13	15
LOC_298	17	17	17	17	17
LOC_299	16	16	16	16	16
LOC_300	17	17	17	17	17
LOC_301	20	20	20	20	20
LOC_302	24	24	25	24	24
LOC_303	16	18	18	18	18
LOC_304	14	14	14	14	14
LOC_305	17	19	17	17	17
LOC_306	25	29	25	28	26
LOC_307	23	23	21	21	22
LOC_308	24	24	23	22	22
LOC_309	21	21	23	23	22
LOC_310	15	15	15	15	15
LOC_311	18	17	18	18	18
LOC_312	19	18	18	18	18
LOC_313	16	16	17	16	16
LOC_314	15	15	15	15	15
LOC_315	15	15	15	15	15
LOC_316	29	30	26	26	26
LOC_317	20	21	21	21	21
LOC_318	23	22	22	22	22
LOC_319	20	21	22	23	22
LOC_320	21	21	23	20	21
LOC_321	16	17	16	16	16
LOC_322	12	12	12	12	12
LOC_323	14	14	14	15	14
LOC_324	21	21	21	21	21
LOC_325	16	16	16	16	16
LOC_326	16	16	16	16	16
LOC_327	15	15	17	15	15
LOC_328	21	20	20	20	20
LOC_329	24	21	23	24	23
LOC_330	22	19	23	22	22
LOC_331	23	23	23	23	23
LOC_332	15	15	16	16	15
LOC_333	14	14	14	14	14
LOC_334	18	19	19	19	19
LOC_335	23	24	25	25	23
LOC_336	24	25	24	25	24
LOC_337	22	21	21	20	20
LOC_338	20	21	21	21	19
LOC_339	17	18	17	17	17
LOC_340	13	13	14	13	13
LOC_341	20	20	20	20	20
LOC_342	14	14	15	15	14
LOC_343	18	20	20	19	20
LOC_344	17	17	17	17	17
LOC_345	15	15	14	15	15
LOC_346	23	23	22	22	23
LOC_347	20	20	23	20	20
LOC_348	20	20	20	20	20
LOC_349	14	14	15	15	15
LOC_350	18	18	17	16	17
LOC_351	28	28	25	24	26
LOC_352	20	21	20	20	20
LOC_353	18	18	17	17	18
LOC_354	15	15	15	15	15
LOC_355	16	14	14	14	14
LOC_356	17	16	18	19	17
LOC_357	16	16	16	14	16
LOC_358	9	9	8	7	7
LOC_359	18	18	19	19	19
LOC_360	24	24	25	25	24
LOC_361	20	21	21	21	21
LOC_362	22	22	21	20	22
LOC_363	8	8	8	8	8
LOC_364	14	14	14	14	14
LOC_365	25	27	26	26	25
LOC_366	17	17	16	17	17
LOC_367	16	16	16	16	16
LOC_368	24	26	24	25	24
LOC_369	26	27	27	28	28
LOC_370	18	18	19	18	18
LOC_371	24	23	24	21	23
LOC_372	19	21	20	20	21
LOC_373	14	14	14	14	14
LOC_374	15	15	14	14	15
LOC_375	18	19	20	18	18
LOC_376	24	24	20	20	20
LOC_377	23	23	23	23	23
LOC_378	23	23	23	22	23
LOC_379	18	18	19	19	18
LOC_380	18	17	18	18	18
LOC_381	15	15	14	14	14
LOC_382	18	18	19	18	18
LOC_383	17	17	18	17	17
LOC_384	14	16	14	14	14
LOC_385	18	18	18	18	18
LOC_386	19	17	18	18	19
LOC_387	18	18	17	18	17
LOC_388	26	26	27	30	28
LOC_389	17	17	18	18	18
LOC_390	7	7	7	7	7
LOC_391	22	24	22	23	22
LOC_392	21	21	23	20	22
LOC_393	15	15	15	15	15
LOC_394	14	14	16	16	16
LOC_395	20	20	20	20	20
LOC_396	18	18	17	17	17
LOC_397	21	22	19	19	19
LOC_398	18	17	17	17	17
LOC_399	29	30	28	29	29
LOC_400	15	15	15	16	15
LOC_401	13	13	12	13	13
LOC_402	14	14	14	14	14
LOC_403	14	15	14	14	14
LOC_404	11	11	9	10	10
LOC_405	16	16	17	17	16
LOC_406	20	19	19	19	19
LOC_407	16	17	17	17	17
LOC_408	14	14	15	15	14
LOC_409	16	16	16	15	15
LOC_410	16	16	18	16	16
LOC_411	14	14	14	14	14
LOC_412	20	20	20	20	19
LOC_413	20	21	20	20	20
LOC_414	15	15	15	16	15
LOC_415	14	14	12	14	14
LOC_416	18	18	17	17	17
LOC_417	14	14	14	15	14
LOC_418	15	14	14	14	14
LOC_419	15	15	15	15	15
LOC_420	13	13	13	13	13
LOC_421	17	17	17	15	17
LOC_422	25	24	23	25	23
LOC_423	8	9	9	9	9
LOC_424	20	20	21	19	20
LOC_425	17	16	16	16	16
LOC_426	17	17	17	17	17
LOC_427	20	20	20	20	20
LOC_428	16	16	16	16	16
LOC_429	19	19	18	19	19
LOC_430	19	19	18	19	19
LOC_431	20	19	19	23	19
LOC_432	14	15	13	14	14
LOC_433	23	23	23	23	23
LOC_434	19	19	18	18	19
LOC_435	22	25	27	25	25
LOC_436	24	24	24	23	24
LOC_437	23	23	20	20	22
LOC_438	21	23	23	23	23
LOC_439	16	16	16	16	16
LOC_440	21	21	20	20	20
LOC_441	16	16	15	16	16
LOC_442	23	25	21	22	22
LOC_443	18	18	18	18	18
LOC_444	20	20	19	19	20
LOC_445	20	20	23	24	22
LOC_446	18	18	18	18	18
LOC_447	18	18	18	19	18
LOC_448	27	28	28	28	28
LOC_449	17	17	17	17	17
LOC_450	21	20	20	20	20
LOC_451	13	13	14	14	14
LOC_452	22	22	20	19	19
LOC_453	20	19	18	18	18
LOC_454	21	21	17	17	21
LOC_455	17	17	16	15	16
LOC_456	15	15	15	15	15
LOC_457	21	20	23	22	22
LOC_458	15	15	16	16	16
LOC_459	7	7	8	7	7
LOC_460	18	18	18	18	18
LOC_461	14	14	14	14	14
LOC_462	23	20	22	22	21
LOC_463	25	24	27	24	25
LOC_464	19	19	18	18	18
LOC_465	21	23	24	24	25
LOC_466	22	24	23	24	24
LOC_467	19	22	19	19	19
LOC_468	14	14	14	14	14
LOC_469	24	24	25	24	23
LOC_470	23	23	23	23	23
LOC_471	18	19	19	19	19
LOC_472	16	16	16	17	16
LOC_473	21	21	21	21	21
LOC_474	17	17	15	15	15
LOC_475	16	16	16	16	16
LOC_476	16	17	16	15	16
LOC_477	19	20	19	19	19
LOC_478	16	16	16	16	16
LOC_479	17	16	17	17	17
LOC_480	17	17	17	17	17
LOC_481	13	13	16	16	16
LOC_482	18	18	18	17	17
LOC_483	24	24	24	25	24
LOC_484	25	23	24	25	25
LOC_485	16	17	17	18	17
LOC_486	22	23	23	23	23
LOC_487	17	16	17	17	17
LOC_488	25	24	23	24	23
LOC_489	18	18	18	18	18
LOC_490	14	14	17	14	14
LOC_491	21	21	21	21	21
LOC_492	20	20	20	20	20
LOC_493	27	26	27	27	27
LOC_494	17	17	17	16	17
LOC_495	23	23	21	24	23
LOC_496	22	23	23	22	22
LOC_497	20	19	21	21	20
LOC_498	8	8	8	8	8
LOC_499	22	22	21	21	21
LOC_500	19	20	19	19	19
LOC_501	17	17	19	18	17
LOC_502	26	23	27	27	27
LOC_503	7	7	7	7	7
LOC_504	18	18	15	15	15
LOC_505	21	21	21	21	21
LOC_506	14	14	14	14	14
LOC_507	14	14	14	14	14
LOC_508	18	18	18	19	18
LOC_509	19	19	21	21	19
LOC_510	20	20	22	21	20
LOC_511	21	21	21	20	20
LOC_512	21	23	23	22	23
LOC_513	16	16	16	16	16
LOC_514	14	14	14	14	14
LOC_515	18	18	18	18	18
LOC_516	18	21	18	18	18
LOC_517	19	19	19	17	19
LOC_518	21	19	22	22	21
LOC_519	18	18	17	17	17
LOC_520	20	20	20	20	20
LOC_521	16	16	16	16	16
LOC_522	19	19	19	19	19
LOC_523	18	19	18	18	18
LOC_524	22	23	22	22	22
LOC_525	18	17	18	18	18
LOC_526	14	14	14	14	14
LOC_527	18	18	18	20	18
LOC_528	17	17	18	18	18
LOC_529	16	16	16	16	16
LOC_530	14	14	15	15	14
LOC_531	22	22	22	23	22
LOC_532	16	17	16	16	16
LOC_533	18	21	21	21	19
LOC_534	18	18	18	18	18
LOC_535	19	19	20	20	20
LOC_536	16	16	15	16	16
LOC_537	21	22	21	19	21
LOC_538	21	21	21	21	21
LOC_539	33	33	29	30	30
LOC_540	24	26	27	28	27
LOC_541	16	16	14	14	14
LOC_542	17	19	15	17	17
LOC_543	20	22	20	20	20
LOC_544	12	12	12	12	12
LOC_545	17	17	17	17	17
LOC_546	20	20	18	18	18
LOC_547	22	22	20	22	22
LOC_548	28	27	28	30	28
LOC_549	16	16	17	17	16
LOC_550	24	25	23	24	24
LOC_551	15	15	15	15	15
LOC_552	17	15	15	16	16
LOC_553	19	20	18	18	18
LOC_554	14	16	14	14	14
LOC_555	21	21	22	23	22
LOC_556	17	17	17	17	17
LOC_557	19	20	20	20	21
LOC_558	18	18	19	18	18
LOC_559	17	20	16	16	16
LOC_560	21	21	21	22	21
LOC_561	23	23	23	24	24
LOC_562	23	23	23	22	22
LOC_563	28	27	27	27	27
LOC_564	19	19	18	18	18
LOC_565	19	20	18	18	19
LOC_566	15	15	15	14	15
LOC_567	23	23	24	23	23
LOC_568	18	18	18	18	18
LOC_569	17	17	18	18	17
LOC_570	19	20	19	19	19
LOC_571	17	17	17	17	17
LOC_572	17	17	19	17	17
LOC_573	19	19	17	17	19
LOC_574	20	20	21	21	21
LOC_575	18	18	19	17	17
LOC_576	18	18	18	17	18
LOC_577	12	12	12	12	12
LOC_578	14	14	14	14	14
LOC_579	20	20	20	20	20
LOC_580	14	14	14	14	14
LOC_581	18	19	18	18	18
LOC_582	19	18	18	18	18
LOC_583	14	14	15	14	14
LOC_584	19	20	20	20	20
LOC_585	14	14	14	14	14
LOC_586	20	20	20	20	20
LOC_587	12	12	12	12	12
LOC_588	28	28	31	33	28
LOC_589	8	8	8	8	8
LOC_590	14	14	14	14	14
LOC_591	17	17	18	17	17
LOC_592	12	12	11	11	11
LOC_593	14	14	15	14	14
LOC_594	26	26	26	26	26
LOC_595	18	18	18	18	18
LOC_596	28	23	26	26	26
LOC_597	20	20	20	20	20
LOC_598	21	21	21	21	21
LOC_599	25	25	29	30	29
LOC_600	25	25	25	25	26
LOC_601	14	14	14	14	14
LOC_602	14	14	14	14	14
LOC_603	18	18	17	19	17
LOC_604	25	27	25	26	26
LOC_605	24	23	22	23	23
LOC_606	14	14	14	14	14
LOC_607	19	19	19	19	19
LOC_608	22	22	24	24	24
LOC_609	32	30	31	31	30
LOC_610	16	16	16	16	16
LOC_611	22	24	23	22	22
LOC_612	15	15	17	16	15
LOC_613	26	26	27	28	27
LOC_614	30	29	30	29	29
LOC_615	19	20	19	19	18
LOC_616	21	23	22	22	22
LOC_617	26	29	32	29	29
LOC_618	18	18	19	18	19
LOC_619	22	22	26	21	21
LOC_620	25	22	23	24	24
LOC_621	26	25	25	25	25
LOC_622	25	23	24	22	23
LOC_623	23	24	23	25	23
LOC_624	20	20	19	19	20
LOC_625	14	14	14	14	14
LOC_626	16	16	17	16	16
LOC_627	14	14	14	14	14
LOC_628	18	17	17	17	17
LOC_629	22	22	20	20	20
LOC_630	16	16	16	17	16
LOC_631	19	19	19	19	19
LOC_632	17	16	15	16	16
LOC_633	20	20	20	22	20
LOC_634	22	22	23	24	22
LOC_635	18	18	18	18	18
LOC_636	17	17	18	18	17
LOC_637	15	15	15	17	15
LOC_638	18	18	17	17	18
LOC_639	23	23	25	23	24
LOC_640	20	20	20	19	20
LOC_641	20	21	20	20	20
LOC_642	27	27	28	25	28
LOC_643	20	21	21	21	22
LOC_644	22	23	24	23	22
LOC_645	18	18	18	18	18
LOC_646	16	16	16	16	16
LOC_647	14	14	13	13	14
LOC_648	15	15	14	15	15
LOC_649	16	16	17	17	17
LOC_650	21	22	23	22	24
LOC_651	15	14	15	15	15
LOC_652	16	17	14	16	16
LOC_653	25	25	22	22	24
LOC_654	19	21	19	22	21
LOC_655	25	24	23	23	24
LOC_656	15	15	15	15	15
LOC_657	14	14	16	16	16
LOC_658	24	24	26	26	25
LOC_659	18	18	22	21	18
LOC_660	16	16	16	16	16
LOC_661	10	11	9	9	9
LOC_662	16	16	16	16	16
LOC_663	18	18	21	18	18
LOC_664	24	25	24	25	26
LOC_665	12	12	12	12	12
LOC_666	24	24	24	24	23
LOC_667	17	17	17	20	17
LOC_668	20	20	20	21	20
LOC_669	21	21	24	23	23
LOC_670	14	14	16	15	14
LOC_671	16	16	16	16	16
LOC_672	22	22	20	22	21
LOC_673	21	21	20	21	21
LOC_674	20	21	23	21	21
LOC_675	18	17	17	17	18
LOC_676	20	20	21	20	20
LOC_677	16	16	16	16	16
LOC_678	18	21	20	21	20
LOC_679	16	16	15	13	15
LOC_680	18	18	17	18	18
LOC_681	17	16	16	16	16
LOC_682	15	15	14	17	14
LOC_683	21	22	24	24	22
LOC_684	29	29	28	28	28
LOC_685	23	23	23	23	23
LOC_686	15	17	17	17	17
LOC_687	21	21	21	21	21
LOC_688	23	24	24	23	24
LOC_689	23	23	25	23	23
LOC_690	22	22	19	22	21
LOC_691	21	20	21	21	20
LOC_692	20	20	20	20	19
LOC_693	19	18	18	19	19
LOC_694	16	16	16	16	16
LOC_695	17	17	16	16	17
LOC_696	24	24	23	23	23
LOC_697	23	23	21	21	22
LOC_698	31	29	32	29	28
LOC_699	15	15	15	15	15
LOC_700	17	17	17	17	17
LOC_701	16	16	17	16	16
LOC_702	22	22	19	21	21
LOC_703	31	30	28	28	29
LOC_704	28	29	26	25	28
LOC_705	19	19	19	19	19
LOC_706	19	23	21	21	21
LOC_707	19	18	22	19	18
LOC_708	28	27	32	33	30
LOC_709	30	28	32	28	29
LOC_710	20	20	20	20	20
LOC_711	12	12	13	13	12
LOC_712	23	25	24	22	23
LOC_713	23	23	23	23	23
LOC_714	15	15	15	15	15
LOC_715	17	17	18	18	16
LOC_716	26	27	28	28	28
LOC_717	30	30	28	27	30
LOC_718	18	18	19	18	17
LOC_719	28	28	30	28	29
LOC_720	30	30	29	28	30
LOC_721	29	29	28	27	28
LOC_722	16	16	16	15	16
LOC_723	21	21	21	21	21
LOC_724	29	30	28	33	28
LOC_725	18	19	19	19	19
LOC_726	24	24	22	23	23
LOC_727	23	22	21	21	21
LOC_728	18	19	16	15	18
LOC_729	31	28	29	26	27
LOC_730	28	30	28	28	30
LOC_731	26	24	27	24	27
LOC_732	16	16	18	18	17
LOC_733	22	22	22	21	22
LOC_734	26	25	28	27	27
LOC_735	29	29	26	28	28
LOC_736	20	20	20	20	20
LOC_737	20	19	17	17	17
LOC_738	26	25	30	30	27
LOC_739	17	15	16	16	16
LOC_740	22	21	22	21	21
LOC_741	24	22	26	24	25
LOC_742	22	21	22	22	22
LOC_743	20	21	20	20	20
LOC_744	14	14	16	16	14
LOC_745	18	16	16	16	16
LOC_746	28	25	27	27	28
LOC_747	16	16	16	16	16
LOC_748	15	15	15	15	15
LOC_749	24	22	21	21	21
LOC_750	23	22	22	20	22
LOC_751	18	19	17	17	18
LOC_752	24	24	23	22	23
LOC_753	21	22	21	21	22
LOC_754	26	28	25	28	27
LOC_755	16	16	16	14	16
LOC_756	17	16	17	17	16
LOC_757	17	17	16	16	16
LOC_758	13	12	13	13	13
LOC_759	19	19	19	20	19
LOC_760	16	16	16	16	16
LOC_761	21	20	20	19	20
LOC_762	16	16	18	18	16
LOC_763	27	28	23	23	26
LOC_764	21	21	21	22	22
LOC_765	29	29	28	25	27
LOC_766	15	15	15	15	15
LOC_767	18	18	18	18	18
LOC_768	25	25	24	26	26
LOC_769	24	24	25	25	25
LOC_770	26	26	27	27	26
LOC_771	22	23	23	23	23
LOC_772	21	22	21	20	21
LOC_773	16	16	16	17	16
LOC_774	26	24	25	24	25
LOC_775	18	21	19	19	20
LOC_776	21	20	21	20	21
LOC_777	25	25	25	24	26
LOC_778	16	17	16	14	16
LOC_779	20	20	20	20	20
LOC_780	27	27	26	25	26
LOC_781	24	25	25	25	26
LOC_782	14	14	14	14	14
LOC_783	25	26	26	26	26
LOC_784	24	24	26	26	26
LOC_785	24	24	24	24	24
LOC_786	26	26	27	26	26
LOC_787	21	24	21	21	21
LOC_788	28	27	26	28	26
LOC_789	18	18	18	18	18
LOC_790	26	26	25	26	26
LOC_791	26	26	26	25	26
LOC_792	16	16	16	16	16
LOC_793	19	20	19	19	19
LOC_794	20	20	20	20	20
LOC_795	22	22	21	21	21
LOC_796	18	18	18	17	18
LOC_797	27	26	26	26	27
LOC_798	26	28	27	25	26
LOC_799	26	28	25	26	26
LOC_800	9	9	9	9	9
LOC_801	26	26	26	25	26
LOC_802	28	27	25	26	26
LOC_803	20	20	19	20	20
LOC_804	16	16	16	16	16
LOC_805	16	16	16	16	16
LOC_806	17	17	17	17	17
LOC_807	16	16	16	15	16
LOC_808	20	18	20	21	20
LOC_809	26	26	23	25	26
LOC_810	15	17	17	17	17
LOC_811	19	19	20	19	19
LOC_812	19	19	19	20	19
LOC_813	26	27	26	26	26
LOC_814	27	26	26	26	26
LOC_815	25	27	26	26	26
LOC_816	14	14	16	15	16
LOC_817	25	22	22	22	22
LOC_818	24	27	25	25	25
LOC_819	7	9	7	7	7
LOC_820	16	16	17	18	16
LOC_821	27	26	24	26	28
LOC_822	25	25	24	26	25
LOC_823	15	15	15	15	15
LOC_824	21	21	21	21	21
LOC_825	24	24	27	26	25
LOC_826	17	17	18	18	18
LOC_827	21	21	21	21	21
LOC_828	19	19	18	19	19
LOC_829	16	16	16	16	16
LOC_830	26	25	25	26	25
LOC_831	25	26	25	25	25
LOC_832	16	16	15	15	16
LOC_833	12	12	14	14	14
LOC_834	21	21	21	21	21
LOC_835	24	25	26	25	25
LOC_836	16	14	15	15	15
LOC_837	12	12	12	12	12
LOC_838	24	26	22	21	23
LOC_839	19	19	18	19	18
LOC_840	21	20	20	20	20
LOC_841	14	14	15	14	14
LOC_842	25	25	27	24	25
LOC_843	20	18	17	18	17
LOC_844	26	27	25	25	26
LOC_845	26	28	25	25	25
LOC_846	18	18	18	20	18
LOC_847	25	26	26	27	25
LOC_848	19	19	19	20	19
LOC_849	24	24	27	26	25
LOC_850	17	17	18	18	17
LOC_851	25	25	23	24	23
LOC_852	15	15	16	18	15
LOC_853	26	24	26	24	25
LOC_854	25	26	25	23	25
LOC_855	18	18	17	18	18
LOC_856	28	24	25	24	26
LOC_857	29	29	29	28	29
LOC_858	14	14	14	14	14
LOC_859	14	14	14	15	14
LOC_860	22	22	22	23	22
LOC_861	17	17	17	17	17
LOC_862	15	14	15	15	15
LOC_863	18	20	20	20	20
LOC_864	25	24	21	21	24
LOC_865	27	25	24	25	25
LOC_866	25	24	28	29	25
LOC_867	18	18	18	18	18
LOC_868	26	28	27	26	25
LOC_869	21	21	21	22	21
LOC_870	13	13	13	13	13
LOC_871	14	14	14	15	14
LOC_872	26	24	26	26	25
LOC_873	18	16	17	17	17
LOC_874	23	23	24	23	24
LOC_875	18	20	19	19	18
LOC_876	17	17	16	15	17
LOC_877	23	25	22	25	25
LOC_878	25	25	25	25	25
LOC_879	22	23	25	26	25
LOC_880	26	26	26	26	25
LOC_881	17	17	16	15	17
LOC_882	20	20	20	20	20
LOC_883	26	27	27	30	25
LOC_884	14	15	15	16	15
LOC_885	17	17	17	17	17
LOC_886	27	27	27	25	25
LOC_887	26	25	24	24	25
LOC_888	28	26	25	25	25
LOC_889	23	25	22	22	23
LOC_890	24	23	23	23	22
LOC_891	25	25	25	23	25
LOC_892	22	24	22	22	22
LOC_893	20	19	19	19	19
LOC_894	20	20	18	18	18
LOC_895	24	24	21	21	24
LOC_896	26	26	23	25	25
LOC_897	14	15	17	17	17
LOC_898	24	24	26	25	25
LOC_899	27	26	25	25	25
LOC_900	24	24	25	25	24
LOC_901	24	26	27	25	25
LOC_902	22	23	23	23	23
LOC_903	26	27	24	22	25
LOC_904	14	14	14	16	14
LOC_905	25	23	25	27	25
LOC_906	16	15	15	15	15
LOC_907	18	18	20	20	18
LOC_908	22	22	23	22	22
LOC_909	25	25	26	25	25
LOC_910	17	14	17	17	17
LOC_911	19	20	19	19	19
LOC_912	11	11	11	11	11
LOC_913	18	18	18	18	18
LOC_914	25	22	26	25	25
LOC_915	24	27	24	25	25
LOC_916	18	19	18	18	18
LOC_917	15	16	14	14	15
LOC_918	16	16	17	16	16
LOC_919	14	14	15	14	14
LOC_920	19	18	17	18	18
LOC_921	16	16	16	16	16
LOC_922	22	23	22	21	22
LOC_923	26	25	26	29	25
LOC_924	24	25	26	26	25
LOC_925	15	14	14	14	14
LOC_926	25	25	25	26	25
LOC_927	25	26	26	24	25
LOC_928	25	26	25	26	25
LOC_929	16	15	14	14	15
LOC_930	10	10	10	10	10
LOC_931	21	21	24	23	24
LOC_932	23	24	25	26	24
LOC_933	24	25	22	23	24
LOC_934	26	25	24	25	24
LOC_935	17	17	17	18	17
LOC_936	23	23	22	24	23
LOC_937	25	24	22	22	24
LOC_938	17	17	18	17	17
LOC_939	21	19	20	19	19
LOC_940	21	19	19	19	19
LOC_941	14	14	15	15	14
LOC_942	24	24	23	23	24
LOC_943	19	20	20	20	20
LOC_944	17	17	19	17	18
LOC_945	17	17	17	17	17
LOC_946	24	27	23	24	24
LOC_947	26	25	25	24	24
LOC_948	20	22	20	20	20
LOC_949	23	23	25	23	23
LOC_950	24	24	24	24	24
LOC_951	19	19	20	20	20
LOC_952	19	19	20	20	20
LOC_953	23	23	25	24	24
LOC_954	21	22	23	23	22
LOC_955	26	23	25	25	24
LOC_956	25	25	24	24	24
LOC_957	23	22	25	25	24
LOC_958	16	16	16	16	16
LOC_959	18	18	18	16	18
LOC_960	24	25	25	25	24
LOC_961	28	25	26	26	25
LOC_962	23	23	24	25	24
LOC_963	25	25	27	25	24
LOC_964	14	14	16	16	16
LOC_965	22	22	23	24	23
LOC_966	22	20	17	19	20
LOC_967	24	24	25	25	24
LOC_968	24	24	23	23	24
LOC_969	19	19	18	18	18
LOC_970	19	19	19	19	19
LOC_971	23	23	24	25	24
LOC_972	24	24	27	25	24
LOC_973	30	32	28	30	30
LOC_974	14	14	14	14	14
LOC_975	14	14	14	14	14
LOC_976	27	32	29	28	29
LOC_977	17	17	16	17	17
LOC_978	18	18	17	18	17
LOC_979	27	26	23	23	25
LOC_980	17	17	16	16	16
LOC_981	23	22	22	21	22
LOC_982	14	14	14	14	14
LOC_983	26	25	24	23	24
LOC_984	23	24	23	21	24
LOC_985	15	15	14	14	14
LOC_986	17	16	17	17	17
LOC_987	21	24	24	24	24
LOC_988	17	17	20	20	18
LOC_989	24	26	24	23	24
LOC_990	24	24	24	26	24
LOC_991	15	15	16	15	15
LOC_992	23	24	24	21	23
LOC_993	18	18	20	19	19
LOC_994	25	25	24	24	24
LOC_995	25	25	24	24	24
LOC_996	24	24	21	21	24
LOC_997	22	21	22	23	24
LOC_998	14	14	14	16	14
LOC_999	23	23	25	25	24
LOC_1000	23	22	21	23	21
LOC_1001	19	19	19	19	19
LOC_1002	22	23	25	24	24
LOC_1003	24	24	25	28	24
LOC_1004	19	16	17	17	17
LOC_1005	7	7	8	8	7
LOC_1006	26	23	24	27	24
LOC_1007	20	19	18	18	18
LOC_1008	21	21	22	21	21
LOC_1009	23	24	24	25	24
LOC_1010	15	15	15	15	15
LOC_1011	26	24	24	23	24
LOC_1012	24	24	22	22	24
LOC_1013	25	27	22	23	24
LOC_1014	23	23	23	24	23
LOC_1015	16	16	17	17	16
LOC_1016	14	14	14	14	14
LOC_1017	24	24	24	24	24
LOC_1018	24	24	24	24	24
LOC_1019	15	15	15	16	15
LOC_1020	21	23	23	23	23
LOC_1021	16	16	15	15	15
LOC_1022	24	25	21	20	24
LOC_1023	23	23	23	23	24
LOC_1024	31	30	29	28	29
LOC_1025	14	14	14	14	14
LOC_1026	22	21	22	22	22
LOC_1027	24	24	23	24	24
LOC_1028	7	7	7	7	7
LOC_1029	19	19	19	19	19
LOC_1030	23	24	24	24	24
LOC_1031	23	22	23	23	23
LOC_1032	10	10	10	10	10
LOC_1033	21	23	22	24	24
LOC_1034	25	24	24	25	24
LOC_1035	24	23	23	22	23
LOC_1036	13	13	15	15	15
LOC_1037	23	22	23	23	24
LOC_1038	20	20	21	21	20
LOC_1039	15	15	15	15	15
LOC_1040	22	21	22	21	21
LOC_1041	23	25	25	26	24
LOC_1042	12	12	12	12	12
LOC_1043	16	16	16	16	16
LOC_1044	14	14	14	14	14
LOC_1045	23	24	23	24	24
LOC_1046	25	26	23	23	24
LOC_1047	21	21	20	21	21
LOC_1048	21	21	22	20	21
LOC_1049	23	26	22	23	24
LOC_1050	26	26	24	24	24
LOC_1051	23	23	25	23	23
LOC_1052	18	18	19	19	18
LOC_1053	16	17	17	19	17
LOC_1054	23	24	23	24	24
LOC_1055	14	14	14	14	14
LOC_1056	21	21	22	22	21
LOC_1057	22	22	22	22	22
LOC_1058	17	16	16	16	16
LOC_1059	21	21	21	21	21
LOC_1060	26	24	19	24	24
LOC_1061	25	24	24	24	24
LOC_1062	19	19	19	19	19
LOC_1063	23	22	22	24	23
LOC_1064	14	14	15	15	14
LOC_1065	27	26	24	24	24
LOC_1066	23	23	24	24	24
LOC_1067	16	16	15	15	15
LOC_1068	23	23	23	23	23
LOC_1069	16	16	16	16	16
LOC_1070	17	17	17	16	17
LOC_1071	23	25	26	26	23
LOC_1072	23	23	25	23	23
LOC_1073	25	26	25	23	23
LOC_1074	16	16	16	16	16
LOC_1075	17	17	16	20	17
LOC_1076	25	25	24	25	24
LOC_1077	14	14	15	16	15
LOC_1078	24	25	24	24	24
LOC_1079	18	18	18	18	17
LOC_1080	18	18	18	18	18
LOC_1081	19	20	21	20	20
LOC_1082	16	16	16	18	16
LOC_1083	19	19	19	19	19
LOC_1084	15	15	16	16	16
LOC_1085	23	24	23	23	23
LOC_1086	21	22	22	22	22
LOC_1087	20	20	20	20	20
LOC_1088	23	23	26	24	24
LOC_1089	24	23	24	25	26
LOC_1090	23	23	23	23	23
LOC_1091	18	18	18	18	18
LOC_1092	21	20	20	20	20
LOC_1093	17	17	17	17	17
LOC_1094	16	16	16	16	16
LOC_1095	16	16	18	15	16
LOC_1096	14	14	16	16	14
LOC_1097	23	24	21	21	21
LOC_1098	24	24	23	23	23
LOC_1099	22	22	23	23	23
LOC_1100	24	23	23	23	23
LOC_1101	22	23	22	23	23
LOC_1102	23	23	23	23	23
LOC_1103	14	14	14	14	14
LOC_1104	24	24	25	25	23
LOC_1105	25	23	24	24	23
LOC_1106	20	20	21	21	21
LOC_1107	25	23	22	23	23
LOC_1108	23	23	21	21	23
LOC_1109	23	23	24	22	23
LOC_1110	16	16	17	15	16
LOC_1111	26	24	27	29	25
LOC_1112	17	15	15	15	15
LOC_1113	15	15	16	16	16
LOC_1114	17	17	17	17	17
LOC_1115	15	15	15	13	15
LOC_1116	25	24	23	23	23
LOC_1117	19	18	19	19	19
LOC_1118	24	21	23	23	24
LOC_1119	23	23	23	24	23
LOC_1120	27	26	29	29	28
LOC_1121	25	23	23	20	23
LOC_1122	23	24	24	24	23
LOC_1123	20	22	20	20	20
LOC_1124	14	14	14	14	14
LOC_1125	18	18	18	18	18
LOC_1126	15	15	17	15	15
LOC_1127	24	24	23	23	23
LOC_1128	22	23	23	23	23
LOC_1129	24	24	22	23	23
LOC_1130	14	16	14	14	14
LOC_1131	14	15	14	14	14
LOC_1132	23	23	24	24	23
LOC_1133	14	14	14	14	14
LOC_1134	14	15	15	15	15
LOC_1135	16	16	17	16	16
LOC_1136	14	15	14	14	14
LOC_1137	12	11	12	12	12
LOC_1138	27	24	24	26	24
LOC_1139	19	19	19	19	19
LOC_1140	24	24	24	24	24
LOC_1141	25	24	21	20	21
LOC_1142	28	29	26	27	29
LOC_1143	23	24	23	23	23
LOC_1144	27	26	25	26	24
LOC_1145	24	24	23	24	23
LOC_1146	23	23	25	25	23
LOC_1147	26	28	27	26	27
LOC_1148	21	24	20	20	23
LOC_1149	23	23	20	20	23
LOC_1150	16	16	16	16	16
LOC_1151	19	20	19	20	20
LOC_1152	22	23	24	21	23
LOC_1153	22	23	24	23	23
LOC_1154	21	21	23	23	23
LOC_1155	32	32	29	29	29
LOC_1156	17	16	18	17	17
LOC_1157	21	19	20	20	21
LOC_1158	17	17	17	17	17
LOC_1159	22	22	23	23	23
LOC_1160	14	14	14	14	14
LOC_1161	6	6	7	7	7
LOC_1162	13	13	13	13	13
LOC_1163	17	15	14	14	15
LOC_1164	17	17	18	19	18
LOC_1165	26	25	23	23	23
LOC_1166	23	23	23	23	23
LOC_1167	15	15	17	17	15
LOC_1168	23	23	24	25	23
LOC_1169	22	21	21	21	22
LOC_1170	16	16	16	13	16
LOC_1171	23	22	23	23	23
LOC_1172	23	23	23	23	23
LOC_1173	15	15	16	16	15
LOC_1174	23	23	25	24	23
LOC_1175	22	22	22	22	22
LOC_1176	18	18	18	18	18
LOC_1177	15	15	17	17	17
LOC_1178	16	17	16	16	16
LOC_1179	24	24	21	23	23
LOC_1180	23	24	21	23	23
LOC_1181	18	21	19	19	19
LOC_1182	22	23	23	24	23
LOC_1183	23	23	23	22	23
LOC_1184	23	22	23	23	23
LOC_1185	21	23	23	19	22
LOC_1186	16	16	16	18	16
LOC_1187	15	15	15	15	15
LOC_1188	21	23	23	22	23
LOC_1189	14	15	15	16	15
LOC_1190	19	19	19	19	19
LOC_1191	23	23	23	23	23
LOC_1192	22	24	22	22	23
LOC_1193	15	15	15	15	15
LOC_1194	20	20	20	20	20
LOC_1195	13	13	15	14	14
LOC_1196	15	15	15	15	15
LOC_1197	26	26	23	24	24
LOC_1198	17	17	16	17	16
LOC_1199	16	16	15	16	15
LOC_1200	21	21	20	20	20
LOC_1201	16	16	15	15	16
LOC_1202	15	15	14	14	14
LOC_1203	17	16	17	16	16
LOC_1204	24	23	23	22	23
LOC_1205	19	18	19	19	19
LOC_1206	17	17	17	18	17
LOC_1207	20	21	20	22	21
LOC_1208	17	18	18	18	18
LOC_1209	15	15	15	15	15
LOC_1210	23	23	23	22	23
LOC_1211	22	22	23	22	22
LOC_1212	22	22	23	23	22
LOC_1213	27	28	26	25	26
LOC_1214	19	19	18	19	19
LOC_1215	23	23	20	22	23
LOC_1216	16	16	16	16	16
LOC_1217	14	14	13	14	14
LOC_1218	20	19	19	19	19
LOC_1219	16	16	16	16	16
LOC_1220	19	21	22	20	21
LOC_1221	22	23	23	23	23
LOC_1222	23	23	22	24	23
LOC_1223	13	13	13	13	13
LOC_1224	24	23	24	25	25
LOC_1225	22	21	21	21	21
LOC_1226	23	23	24	24	23
LOC_1227	18	18	18	18	18
LOC_1228	15	15	15	15	15
LOC_1229	23	23	22	24	23
LOC_1230	19	19	19	22	19
LOC_1231	24	24	24	24	24
LOC_1232	16	16	16	16	16
LOC_1233	19	19	20	19	19
LOC_1234	19	21	18	18	18
LOC_1235	21	20	21	21	20
LOC_1236	20	20	20	20	20
LOC_1237	23	23	23	23	23
LOC_1238	24	23	24	22	23
LOC_1239	28	27	28	27	28
LOC_1240	24	23	22	22	23
LOC_1241	15	15	14	14	15
LOC_1242	14	14	14	14	14
LOC_1243	15	15	17	16	15
LOC_1244	22	22	24	24	25
LOC_1245	18	18	17	17	17
LOC_1246	22	22	22	22	22
LOC_1247	13	14	14	14	14
LOC_1248	27	29	27	26	28
LOC_1249	24	23	23	23	23
LOC_1250	22	19	21	21	21
LOC_1251	24	24	24	24	24
LOC_1252	17	17	17	17	17
LOC_1253	25	24	24	23	23
LOC_1254	18	19	22	21	20
LOC_1255	23	23	23	23	23
LOC_1256	17	17	21	21	21
LOC_1257	27	25	25	24	24
LOC_1258	18	19	18	18	18
LOC_1259	23	22	24	24	23
LOC_1260	20	20	19	19	20
LOC_1261	17	17	17	17	17
LOC_1262	17	17	17	17	17
LOC_1263	17	17	17	16	17
LOC_1264	17	17	17	20	17
LOC_1265	18	18	15	15	15
LOC_1266	15	15	16	16	16
LOC_1267	23	26	21	21	23
LOC_1268	15	15	17	16	15
LOC_1269	29	29	30	30	27
LOC_1270	19	19	18	19	19
LOC_1271	23	23	23	23	23
LOC_1272	22	23	24	24	23
LOC_1273	20	20	20	20	20
LOC_1274	22	23	22	23	23
LOC_1275	19	19	19	19	19
LOC_1276	17	17	17	18	17
LOC_1277	16	16	16	16	16
LOC_1278	15	14	14	17	15
LOC_1279	19	19	19	19	19
LOC_1280	20	16	15	16	16
LOC_1281	22	22	22	23	23
LOC_1282	23	23	24	24	23
LOC_1283	23	23	23	23	23
LOC_1284	23	23	22	22	23
LOC_1285	23	23	21	23	23
LOC_1286	14	14	14	14	14
LOC_1287	14	14	15	15	15
LOC_1288	23	23	24	22	23
LOC_1289	23	23	22	23	23
LOC_1290	20	20	20	20	20
LOC_1291	24	24	23	23	23
LOC_1292	26	25	23	21	23
LOC_1293	23	23	21	23	23
LOC_1294	24	22	25	25	25
LOC_1295	20	20	19	19	20
LOC_1296	21	22	23	22	22
LOC_1297	24	24	25	25	23
LOC_1298	22	23	21	22	23
LOC_1299	15	15	15	15	15
LOC_1300	24	23	21	21	23
LOC_1301	24	24	22	23	23
LOC_1302	23	23	24	23	23
LOC_1303	15	15	15	15	16
LOC_1304	24	22	22	22	22
LOC_1305	21	22	25	23	22
LOC_1306	21	21	21	21	21
LOC_1307	14	14	14	14	14
LOC_1308	23	23	23	22	23
LOC_1309	20	19	19	19	19
LOC_1310	16	16	16	16	16
LOC_1311	23	23	22	22	23
LOC_1312	15	16	15	15	15
LOC_1313	22	23	21	22	22
LOC_1314	15	15	16	15	15
LOC_1315	17	17	16	16	16
LOC_1316	17	17	17	16	17
LOC_1317	17	18	16	17	17
LOC_1318	23	23	23	23	23
LOC_1319	18	16	18	18	18
LOC_1320	19	19	19	19	19
LOC_1321	23	22	23	22	21
LOC_1322	26	26	27	26	25
LOC_1323	23	23	22	22	23
LOC_1324	22	22	22	23	22
LOC_1325	17	17	16	16	16
LOC_1326	18	18	19	18	19
LOC_1327	23	22	24	25	23
LOC_1328	19	18	19	18	18
LOC_1329	16	16	16	16	16
LOC_1330	23	23	24	24	23
LOC_1331	23	23	25	24	23
LOC_1332	15	15	15	15	15
LOC_1333	17	16	17	17	17
LOC_1334	19	19	19	19	19
LOC_1335	13	14	14	14	14
LOC_1336	23	24	24	24	24
LOC_1337	18	19	17	17	18
LOC_1338	24	24	23	22	23
LOC_1339	12	12	12	12	12
LOC_1340	18	19	20	21	19
LOC_1341	22	25	22	22	22
LOC_1342	21	22	23	23	22
LOC_1343	16	17	19	19	17
LOC_1344	25	25	27	27	25
LOC_1345	19	18	18	18	18
LOC_1346	24	21	23	23	22
LOC_1347	17	18	19	18	18
LOC_1348	19	18	18	18	18
LOC_1349	18	18	17	17	17
LOC_1350	20	20	20	18	20
LOC_1351	16	16	16	16	16
LOC_1352	19	19	20	20	20
LOC_1353	25	24	25	25	25
LOC_1354	21	21	21	21	21
LOC_1355	21	19	19	19	19
LOC_1356	22	22	21	22	22
LOC_1357	23	22	22	22	22
LOC_1358	21	21	21	22	22
LOC_1359	14	14	13	13	14
LOC_1360	22	22	22	23	22
LOC_1361	21	23	22	22	22
LOC_1362	18	18	18	18	18
LOC_1363	24	21	27	22	22
LOC_1364	15	15	15	15	15
LOC_1365	22	22	21	21	22
LOC_1366	16	17	16	19	16
LOC_1367	15	14	14	14	15
LOC_1368	20	18	18	16	18
LOC_1369	22	22	22	22	22
LOC_1370	20	20	18	18	20
LOC_1371	19	21	19	19	20
LOC_1372	24	24	24	24	24
LOC_1373	7	7	7	7	7
LOC_1374	24	22	23	22	22
LOC_1375	14	16	14	14	14
LOC_1376	23	23	23	23	23
LOC_1377	16	16	17	17	17
LOC_1378	17	17	16	14	15
LOC_1379	16	16	16	16	16
LOC_1380	21	20	19	19	21
LOC_1381	24	24	22	22	23
LOC_1382	21	21	21	23	21
LOC_1383	15	14	14	14	14
LOC_1384	19	19	19	19	19
LOC_1385	22	23	22	22	22
LOC_1386	14	14	14	12	14
LOC_1387	21	21	22	21	21
LOC_1388	24	24	22	22	22
LOC_1389	24	21	23	22	22
LOC_1390	18	16	17	17	17
LOC_1391	15	15	14	14	14
LOC_1392	19	19	19	19	19
LOC_1393	25	27	24	24	24
LOC_1394	22	22	22	22	22
LOC_1395	16	16	16	16	16
LOC_1396	22	22	21	22	22
LOC_1397	19	19	19	19	19
LOC_1398	14	14	16	14	14
LOC_1399	18	18	17	17	17
LOC_1400	14	14	14	14	14
LOC_1401	14	13	16	14	14
LOC_1402	22	22	22	22	22
LOC_1403	17	17	18	17	17
LOC_1404	17	19	18	17	17
LOC_1405	16	16	16	16	16
LOC_1406	22	21	22	23	22
LOC_1407	22	20	22	22	22
LOC_1408	22	22	22	22	22
LOC_1409	18	22	18	18	18
LOC_1410	7	7	7	7	7
LOC_1411	17	17	15	15	17
LOC_1412	17	17	17	17	17
LOC_1413	18	18	17	17	18
LOC_1414	20	20	19	19	20
LOC_1415	15	15	15	15	15
LOC_1416	19	17	18	19	19
LOC_1417	24	22	21	22	22
LOC_1418	18	18	17	18	17
LOC_1419	19	19	18	18	18
LOC_1420	21	22	21	21	21
LOC_1421	16	16	18	18	16
LOC_1422	19	19	17	20	18
LOC_1423	23	25	22	22	22
LOC_1424	24	24	23	22	22
LOC_1425	22	22	20	20	21
LOC_1426	18	18	18	18	18
LOC_1427	20	20	21	21	20
LOC_1428	23	22	23	22	22
LOC_1429	21	21	21	22	22
LOC_1430	20	19	22	22	22
LOC_1431	25	21	21	21	22
LOC_1432	19	15	17	17	17
LOC_1433	22	22	22	23	22
LOC_1434	17	17	17	17	17
LOC_1435	18	17	17	17	17
LOC_1436	15	14	15	15	15
LOC_1437	22	22	22	22	22
LOC_1438	23	23	21	22	22
LOC_1439	19	18	21	20	20
LOC_1440	17	17	17	17	17
LOC_1441	22	22	23	23	23
LOC_1442	22	22	22	22	22
LOC_1443	23	23	23	23	23
LOC_1444	21	21	22	22	21
LOC_1445	22	22	19	22	22
LOC_1446	26	27	26	24	26
LOC_1447	25	24	23	23	22
LOC_1448	22	22	25	25	22
LOC_1449	22	22	22	22	22
LOC_1450	20	20	20	20	20
LOC_1451	22	19	22	22	22
LOC_1452	16	15	16	17	16
LOC_1453	18	19	19	19	19
LOC_1454	21	21	22	21	22
LOC_1455	22	20	22	23	22
LOC_1456	19	20	18	18	19
LOC_1457	17	17	17	17	17
LOC_1458	22	22	22	22	22
LOC_1459	22	22	22	22	22
LOC_1460	24	23	26	26	24
LOC_1461	22	23	22	22	22
LOC_1462	24	23	22	22	22
LOC_1463	14	14	14	14	14
LOC_1464	24	24	25	26	25
LOC_1465	28	26	23	23	26
LOC_1466	22	22	20	20	22
LOC_1467	17	17	19	19	19
LOC_1468	22	21	21	23	22
LOC_1469	22	22	22	22	22
LOC_1470	20	23	20	20	20
LOC_1471	20	20	18	20	20
LOC_1472	22	22	21	21	22
LOC_1473	25	25	21	21	23
LOC_1474	15	15	15	18	15
LOC_1475	18	18	17	18	18
LOC_1476	18	18	19	18	18
LOC_1477	18	19	18	18	18
LOC_1478	17	17	19	19	19
LOC_1479	23	21	21	22	21
LOC_1480	22	22	22	23	22
LOC_1481	21	22	22	22	22
LOC_1482	25	26	27	28	25
LOC_1483	22	22	22	22	22
LOC_1484	21	18	21	20	21
LOC_1485	23	22	21	22	22
LOC_1486	22	22	22	23	22
LOC_1487	14	14	14	14	14
LOC_1488	21	20	19	21	21
LOC_1489	22	22	24	22	22
LOC_1490	22	22	22	21	22
LOC_1491	24	23	23	22	22
LOC_1492	22	22	22	22	22
LOC_1493	22	21	22	22	22
LOC_1494	22	22	24	24	24
LOC_1495	22	21	24	21	22
LOC_1496	20	20	21	20	20
LOC_1497	22	22	24	21	22
LOC_1498	23	20	21	22	22
LOC_1499	18	17	16	18	16
LOC_1500	17	17	17	17	17
LOC_1501	22	23	22	22	22
LOC_1502	22	22	22	22	22
LOC_1503	22	22	22	22	22
LOC_1504	17	17	17	17	17
LOC_1505	21	22	22	22	22
LOC_1506	17	17	17	17	17
LOC_1507	22	20	20	20	20
LOC_1508	23	22	21	21	22
LOC_1509	20	20	18	19	20
LOC_1510	22	21	21	21	21
LOC_1511	23	22	22	23	22
LOC_1512	19	22	19	19	19
LOC_1513	15	15	15	15	15
LOC_1514	22	24	22	22	22
LOC_1515	19	19	19	19	19
LOC_1516	21	22	22	24	22
LOC_1517	16	16	15	16	16
LOC_1518	22	22	24	23	23
LOC_1519	20	21	22	18	20
LOC_1520	22	22	21	23	22
LOC_1521	17	17	17	19	17
LOC_1522	22	23	22	22	22
LOC_1523	19	19	19	19	19
LOC_1524	21	21	21	21	21
LOC_1525	22	20	26	22	22
LOC_1526	20	20	20	20	20
LOC_1527	22	24	22	25	22
LOC_1528	16	16	15	15	15
LOC_1529	22	23	19	22	22
LOC_1530	17	17	16	16	16
LOC_1531	22	22	22	19	22
LOC_1532	22	23	22	22	22
LOC_1533	17	16	16	16	16
LOC_1534	22	22	22	23	22
LOC_1535	22	22	19	23	22
LOC_1536	14	14	14	12	14
LOC_1537	20	25	22	22	22
LOC_1538	16	16	16	15	16
LOC_1539	29	29	33	33	29
LOC_1540	23	22	22	22	22
LOC_1541	15	15	15	15	15
LOC_1542	22	22	22	24	22
LOC_1543	17	17	17	16	17
LOC_1544	21	20	23	23	23
LOC_1545	22	21	22	23	22
LOC_1546	22	22	22	24	22
LOC_1547	29	27	27	28	28
LOC_1548	24	24	24	26	24
LOC_1549	24	22	22	22	22
LOC_1550	16	16	15	17	15
LOC_1551	21	22	23	23	22
LOC_1552	33	28	29	28	30
LOC_1553	22	19	21	21	21
LOC_1554	19	19	20	19	19
LOC_1555	18	18	18	18	18
LOC_1556	22	24	24	25	23
LOC_1557	20	19	19	19	19
LOC_1558	22	22	22	22	22
LOC_1559	20	20	20	21	22
LOC_1560	20	20	20	20	20
LOC_1561	23	22	22	21	22
LOC_1562	12	14	17	17	17
LOC_1563	14	14	14	14	14
LOC_1564	20	20	22	22	21
LOC_1565	25	27	26	26	27
LOC_1566	21	21	20	21	21
LOC_1567	23	24	24	22	23
LOC_1568	26	27	24	25	24
LOC_1569	23	24	21	25	22
LOC_1570	16	17	16	16	16
LOC_1571	21	22	23	22	22
LOC_1572	21	21	23	22	21
LOC_1573	19	19	19	19	19
LOC_1574	20	20	20	20	20
LOC_1575	13	15	14	14	15
LOC_1576	21	21	23	22	21
LOC_1577	14	14	14	14	14
LOC_1578	23	22	24	25	22
LOC_1579	23	20	22	21	22
LOC_1580	23	21	22	22	22
LOC_1581	19	19	19	19	19
LOC_1582	21	20	23	22	22
LOC_1583	10	10	10	10	10
LOC_1584	15	15	18	18	15
LOC_1585	22	23	23	24	22
LOC_1586	24	23	23	23	23
LOC_1587	22	20	23	22	22
LOC_1588	19	19	20	19	19
LOC_1589	16	17	19	19	19
LOC_1590	22	21	23	24	22
LOC_1591	19	19	17	17	17
LOC_1592	26	26	26	26	25
LOC_1593	22	22	22	23	22
LOC_1594	22	21	21	21	22
LOC_1595	25	28	27	25	26
LOC_1596	17	17	17	17	17
LOC_1597	14	14	14	14	14
LOC_1598	21	21	19	18	21
LOC_1599	15	16	16	13	16
LOC_1600	21	20	20	20	20
LOC_1601	20	20	20	20	20
LOC_1602	23	23	24	22	23
LOC_1603	21	21	22	22	21
LOC_1604	14	14	14	14	14
LOC_1605	14	15	15	15	15
LOC_1606	15	15	15	15	15
LOC_1607	21	21	21	21	21
LOC_1608	23	21	23	23	21
LOC_1609	14	14	14	14	14
LOC_1610	21	21	21	21	21
LOC_1611	16	16	16	16	16
LOC_1612	15	15	15	15	15
LOC_1613	27	31	30	27	27
LOC_1614	14	13	14	14	13
LOC_1615	21	21	22	22	21
LOC_1616	14	14	14	14	14
LOC_1617	14	14	14	14	14
LOC_1618	21	21	21	23	21
LOC_1619	13	13	14	13	13
LOC_1620	18	18	18	18	18
LOC_1621	17	17	17	17	17
LOC_1622	21	23	20	21	21
LOC_1623	21	21	23	22	21
LOC_1624	18	18	17	17	17
LOC_1625	21	21	22	21	21
LOC_1626	19	20	18	18	19
LOC_1627	16	15	14	15	15
LOC_1628	17	17	19	18	17
LOC_1629	22	22	21	21	22
LOC_1630	21	21	20	21	21
LOC_1631	22	22	22	22	22
LOC_1632	17	17	17	17	17
LOC_1633	21	20	20	21	21
LOC_1634	17	17	17	17	17
LOC_1635	9	9	9	9	9
LOC_1636	26	26	24	27	24
LOC_1637	16	16	14	16	16
LOC_1638	29	30	26	27	29
LOC_1639	21	21	21	21	21
LOC_1640	16	16	16	16	16
LOC_1641	18	18	18	18	18
LOC_1642	20	21	17	15	20
LOC_1643	18	18	18	19	18
LOC_1644	18	17	17	17	17
LOC_1645	20	21	21	22	21
LOC_1646	18	18	18	18	18
LOC_1647	12	14	13	12	12
LOC_1648	22	20	22	22	21
LOC_1649	12	13	17	13	12
LOC_1650	17	17	17	18	17
LOC_1651	16	16	16	16	16
LOC_1652	17	17	16	17	17
LOC_1653	27	24	25	24	24
LOC_1654	14	14	14	14	14
LOC_1655	14	14	14	14	14
LOC_1656	16	16	17	16	17
LOC_1657	26	27	27	28	27
LOC_1658	21	21	21	21	21
LOC_1659	21	21	21	20	21
LOC_1660	18	16	17	17	17
LOC_1661	21	21	22	23	21
LOC_1662	20	20	21	21	21
LOC_1663	23	23	22	22	22
LOC_1664	19	20	16	18	18
LOC_1665	15	15	15	15	15
LOC_1666	12	12	12	12	12
LOC_1667	14	14	14	14	14
LOC_1668	21	21	20	21	21
LOC_1669	21	22	22	22	22
LOC_1670	18	18	19	19	19
LOC_1671	15	15	15	15	15
LOC_1672	21	21	24	22	21
LOC_1673	23	21	19	21	21
LOC_1674	20	21	19	19	20
LOC_1675	18	17	18	18	18
LOC_1676	22	22	21	21	21
LOC_1677	14	14	14	14	14
LOC_1678	21	20	21	19	21
LOC_1679	18	18	18	22	18
LOC_1680	20	21	22	22	21
LOC_1681	21	21	20	21	21
LOC_1682	13	15	14	13	14
LOC_1683	21	20	21	17	21
LOC_1684	18	18	20	20	18
LOC_1685	17	17	17	17	17
LOC_1686	19	19	16	18	18
LOC_1687	17	17	17	17	17
LOC_1688	14	14	14	16	14
LOC_1689	18	18	17	18	18
LOC_1690	15	17	15	15	15
LOC_1691	18	18	18	18	18
LOC_1692	21	22	21	21	21
LOC_1693	21	23	21	21	21
LOC_1694	14	14	16	16	16
LOC_1695	22	21	21	21	21
LOC_1696	8	8	8	8	8
LOC_1697	20	21	21	20	21
LOC_1698	13	14	14	14	14
LOC_1699	21	23	22	22	21
LOC_1700	22	22	21	21	21
LOC_1701	12	12	12	12	12
LOC_1702	21	22	22	21	21
LOC_1703	15	15	14	14	14
LOC_1704	21	20	21	21	21
LOC_1705	21	21	23	20	21
LOC_1706	17	17	16	16	16
LOC_1707	20	21	21	21	21
LOC_1708	13	13	13	13	13
LOC_1709	20	21	20	20	21
LOC_1710	13	13	13	13	13
LOC_1711	21	21	21	21	21
LOC_1712	18	19	19	19	20
LOC_1713	18	18	18	18	18
LOC_1714	14	14	15	14	14
LOC_1715	17	17	17	17	17
LOC_1716	16	16	16	16	16
LOC_1717	11	11	11	11	11
LOC_1718	18	17	17	17	17
LOC_1719	19	18	18	18	18
LOC_1720	18	18	18	18	18
LOC_1721	19	22	21	21	19
LOC_1722	20	20	20	20	20
LOC_1723	21	18	20	20	20
LOC_1724	16	18	15	16	16
LOC_1725	14	14	14	14	14
LOC_1726	27	29	30	29	29
LOC_1727	22	21	20	21	21
LOC_1728	14	14	14	14	14
LOC_1729	18	18	17	17	18
LOC_1730	21	21	21	21	21
LOC_1731	21	23	21	21	21
LOC_1732	25	24	22	23	25
LOC_1733	21	19	22	21	21
LOC_1734	24	24	22	21	21
LOC_1735	16	16	16	16	16
LOC_1736	21	21	22	22	21
LOC_1737	21	21	19	21	21
LOC_1738	16	16	14	16	16
LOC_1739	21	23	21	21	21
LOC_1740	17	18	17	17	17
LOC_1741	19	18	17	18	18
LOC_1742	18	18	18	18	18
LOC_1743	21	21	21	19	21
LOC_1744	17	17	17	17	17
LOC_1745	16	16	16	17	16
LOC_1746	22	22	22	23	22
LOC_1747	15	15	17	17	17
LOC_1748	18	18	17	17	18
LOC_1749	23	23	21	21	21
LOC_1750	18	18	18	18	18
LOC_1751	21	21	20	16	21
LOC_1752	13	13	13	15	13
LOC_1753	21	21	23	22	21
LOC_1754	21	21	21	21	21
LOC_1755	21	22	20	21	21
LOC_1756	19	19	18	20	18
LOC_1757	18	18	15	15	18
LOC_1758	22	23	20	22	21
LOC_1759	17	18	17	17	17
LOC_1760	21	22	20	20	21
LOC_1761	23	23	23	23	23
LOC_1762	21	20	20	20	19
LOC_1763	16	17	17	17	17
LOC_1764	16	16	16	16	16
LOC_1765	21	21	21	21	21
LOC_1766	17	16	17	17	17
LOC_1767	21	21	18	21	21
LOC_1768	14	14	12	12	14
LOC_1769	18	16	21	19	18
LOC_1770	20	23	18	18	21
LOC_1771	19	18	18	17	18
LOC_1772	16	16	16	16	16
LOC_1773	20	22	20	20	20
LOC_1774	18	19	18	18	18
LOC_1775	18	18	19	19	18
LOC_1776	22	22	20	20	21
LOC_1777	16	16	16	16	16
LOC_1778	21	21	21	21	21
LOC_1779	18	19	15	15	18
LOC_1780	23	23	23	25	23
LOC_1781	21	21	22	23	21
LOC_1782	15	14	14	13	14
LOC_1783	21	21	22	21	21
LOC_1784	17	17	17	17	17
LOC_1785	17	17	18	18	17
LOC_1786	10	10	10	10	10
LOC_1787	13	14	13	13	13
LOC_1788	21	22	21	21	21
LOC_1789	25	24	23	24	25
LOC_1790	18	18	18	18	18
LOC_1791	11	11	12	13	11
LOC_1792	17	19	18	18	19
LOC_1793	16	16	16	16	16
LOC_1794	20	20	24	25	21
LOC_1795	16	19	15	16	16
LOC_1796	11	11	11	11	11
LOC_1797	19	17	17	17	17
LOC_1798	21	21	20	21	21
LOC_1799	16	16	17	17	16
LOC_1800	20	20	21	21	21
LOC_1801	22	21	21	21	21
LOC_1802	18	18	18	18	18
LOC_1803	19	17	17	17	17
LOC_1804	23	23	20	20	21
LOC_1805	18	18	18	18	18
LOC_1806	19	22	18	18	21
LOC_1807	21	20	21	21	21
LOC_1808	15	13	15	15	15
LOC_1809	21	21	22	21	21
LOC_1810	18	18	18	18	18
LOC_1811	26	26	25	25	25
LOC_1812	15	15	15	15	15
LOC_1813	15	14	14	14	14
LOC_1814	14	13	13	13	13
LOC_1815	15	15	15	16	15
LOC_1816	21	21	23	23	21
LOC_1817	15	15	15	15	15
LOC_1818	23	22	21	22	22
LOC_1819	22	20	18	18	18
LOC_1820	21	22	23	24	23
LOC_1821	17	17	18	18	17
LOC_1822	23	23	21	20	21
LOC_1823	15	15	16	16	16
LOC_1824	15	15	15	15	15
LOC_1825	21	21	21	21	21
LOC_1826	15	15	16	17	15
LOC_1827	22	23	23	23	23
LOC_1828	15	15	18	18	16
LOC_1829	12	12	12	12	12
LOC_1830	16	16	17	17	16
LOC_1831	17	17	17	17	17
LOC_1832	15	16	18	15	15
LOC_1833	23	20	21	21	21
LOC_1834	17	17	17	17	17
LOC_1835	13	13	15	15	15
LOC_1836	17	17	16	17	17
LOC_1837	19	19	20	20	19
LOC_1838	13	14	14	13	13
LOC_1839	19	20	23	20	20
LOC_1840	18	18	18	19	18
LOC_1841	13	13	13	13	13
LOC_1842	18	18	17	17	17
LOC_1843	21	21	21	22	21
LOC_1844	21	21	23	21	21
LOC_1845	13	13	12	13	13
LOC_1846	22	21	22	21	21
LOC_1847	16	16	16	16	16
LOC_1848	18	18	18	19	18
LOC_1849	13	13	13	13	13
LOC_1850	16	15	16	17	16
LOC_1851	21	21	21	18	21
LOC_1852	21	20	19	19	19
LOC_1853	12	12	12	12	12
LOC_1854	24	23	21	20	21
LOC_1855	17	18	18	18	18
LOC_1856	14	14	15	15	14
LOC_1857	19	16	17	17	17
LOC_1858	15	16	15	15	15
LOC_1859	17	17	17	17	17
LOC_1860	17	17	17	17	17
LOC_1861	18	18	19	19	18
LOC_1862	21	21	21	22	21
LOC_1863	14	14	15	15	14
LOC_1864	15	15	14	14	14
LOC_1865	14	14	13	14	14
LOC_1866	14	14	14	14	14
LOC_1867	21	21	20	21	21
LOC_1868	19	18	18	18	18
LOC_1869	18	18	18	20	18
LOC_1870	14	14	14	14	14
LOC_1871	18	19	19	19	19
LOC_1872	19	19	19	19	19
LOC_1873	15	12	15	15	15
LOC_1874	15	15	16	15	15
LOC_1875	17	17	16	16	17
LOC_1876	16	16	15	15	15
LOC_1877	21	21	22	22	21
LOC_1878	21	20	18	18	19
LOC_1879	21	23	21	22	22
LOC_1880	16	15	14	14	14
LOC_1881	16	16	16	16	16
LOC_1882	18	19	18	18	18
LOC_1883	25	19	21	21	20
LOC_1884	16	16	17	17	16
LOC_1885	18	17	18	18	18
LOC_1886	18	17	17	18	18
LOC_1887	17	17	17	18	17
LOC_1888	22	22	23	24	22
LOC_1889	18	18	18	18	18
LOC_1890	17	17	17	17	17
LOC_1891	14	15	14	14	14
LOC_1892	13	13	13	14	13
LOC_1893	21	21	21	22	21
LOC_1894	17	17	16	15	17
LOC_1895	18	18	18	18	18
LOC_1896	23	23	22	22	22
LOC_1897	13	13	13	13	13
LOC_1898	14	15	14	14	14
LOC_1899	16	16	16	16	16
LOC_1900	20	23	19	19	20
LOC_1901	17	15	16	16	16
LOC_1902	18	18	18	18	18
LOC_1903	19	20	20	20	20
LOC_1904	21	21	20	21	21
LOC_1905	20	20	21	20	20
LOC_1906	15	16	16	16	16
LOC_1907	22	22	21	20	21
LOC_1908	21	21	19	21	21
LOC_1909	15	15	17	15	16
LOC_1910	16	16	17	17	16
LOC_1911	17	17	18	19	17
LOC_1912	20	21	20	21	21
LOC_1913	23	23	21	21	22
LOC_1914	20	21	20	20	20
LOC_1915	21	21	21	19	21
LOC_1916	8	8	7	7	8
LOC_1917	20	21	23	22	20
LOC_1918	21	21	19	19	19
LOC_1919	20	20	20	20	20
LOC_1920	24	23	24	24	23
LOC_1921	15	15	15	15	15
LOC_1922	13	13	15	17	13
LOC_1923	20	20	20	20	20
LOC_1924	20	20	20	18	20
LOC_1925	22	22	22	22	22
LOC_1926	17	17	16	16	17
LOC_1927	14	14	15	17	15
LOC_1928	19	19	19	19	19
LOC_1929	22	22	20	24	23
LOC_1930	19	20	19	20	20
LOC_1931	16	16	16	16	16
LOC_1932	15	14	15	15	14
LOC_1933	16	16	16	16	16
LOC_1934	20	19	20	20	20
LOC_1935	18	18	15	15	18
LOC_1936	18	18	17	17	18
LOC_1937	14	14	14	14	14
LOC_1938	20	20	19	20	19
LOC_1939	20	19	18	18	19
LOC_1940	22	22	21	21	22
LOC_1941	12	12	12	12	12
LOC_1942	21	20	22	20	20
LOC_1943	22	25	21	21	21
LOC_1944	21	20	23	22	23
LOC_1945	16	17	14	14	17
LOC_1946	21	20	20	20	20
LOC_1947	20	22	20	20	20
LOC_1948	21	22	23	22	21
LOC_1949	15	15	16	15	15
LOC_1950	26	26	25	27	27
LOC_1951	19	18	19	19	18
LOC_1952	20	20	20	20	20
LOC_1953	21	21	21	21	20
LOC_1954	14	15	14	14	14
LOC_1955	14	14	15	14	14
LOC_1956	13	13	13	13	13
LOC_1957	20	20	19	20	20
LOC_1958	19	20	20	20	20
LOC_1959	17	17	17	17	17
LOC_1960	14	14	14	14	14
LOC_1961	16	16	16	17	16
LOC_1962	20	19	21	20	20
LOC_1963	15	15	14	15	15
LOC_1964	18	18	18	19	18
LOC_1965	13	13	14	14	14
LOC_1966	20	21	20	20	20
LOC_1967	14	15	16	15	16
LOC_1968	21	22	21	20	20
LOC_1969	17	18	17	18	17
LOC_1970	23	23	24	22	23
LOC_1971	20	20	18	19	18
LOC_1972	17	18	18	18	18
LOC_1973	16	18	18	17	18
LOC_1974	14	14	13	12	14
LOC_1975	17	17	21	17	17
LOC_1976	21	21	21	20	21
LOC_1977	14	14	14	12	14
LOC_1978	19	19	16	16	16
LOC_1979	23	22	22	20	22
LOC_1980	14	14	14	14	14
LOC_1981	15	14	15	15	14
LOC_1982	18	19	17	17	17
LOC_1983	21	19	20	20	20
LOC_1984	20	20	20	20	20
LOC_1985	20	20	20	20	20
LOC_1986	15	15	16	16	15
LOC_1987	20	20	20	20	20
LOC_1988	13	13	13	13	13
LOC_1989	20	20	21	21	20
LOC_1990	17	17	20	20	20
LOC_1991	20	18	20	20	20
LOC_1992	17	17	18	18	17
LOC_1993	16	16	16	16	16
LOC_1994	25	25	25	26	27
LOC_1995	23	22	21	21	21
LOC_1996	22	20	20	20	20
LOC_1997	20	20	20	20	20
LOC_1998	18	18	18	19	18
LOC_1999	17	17	15	15	17
LOC_2000	13	13	13	13	13
LOC_2001	17	18	18	16	17
LOC_2002	20	20	23	23	20
LOC_2003	17	17	21	20	20
LOC_2004	23	22	23	23	23
LOC_2005	13	13	13	13	13
LOC_2006	20	21	24	22	20
LOC_2007	19	19	21	20	20
LOC_2008	14	14	15	15	14
LOC_2009	18	18	18	16	18
LOC_2010	19	19	19	19	19
LOC_2011	19	20	20	21	20
LOC_2012	16	16	16	16	16
LOC_2013	20	20	20	20	20
LOC_2014	22	23	19	20	21
LOC_2015	17	17	20	20	19
LOC_2016	17	17	18	18	18
LOC_2017	19	19	21	21	19
LOC_2018	15	15	15	15	15
LOC_2019	20	21	21	20	20
LOC_2020	29	29	26	27	29
LOC_2021	18	18	18	18	18
LOC_2022	18	18	18	18	18
LOC_2023	14	15	15	15	15
LOC_2024	22	22	25	23	23
LOC_2025	19	19	16	16	16
LOC_2026	21	21	16	20	22
LOC_2027	20	20	21	20	20
LOC_2028	14	14	14	14	14
LOC_2029	20	20	20	21	20
LOC_2030	19	19	17	17	17
LOC_2031	20	16	16	17	17
LOC_2032	24	23	25	25	23
LOC_2033	21	20	20	20	20
LOC_2034	19	20	19	20	19
LOC_2035	20	20	20	19	20
LOC_2036	13	13	16	14	13
LOC_2037	20	19	22	21	20
LOC_2038	20	19	20	20	20
LOC_2039	20	20	20	20	20
LOC_2040	22	20	20	19	20
LOC_2041	15	16	15	15	15
LOC_2042	7	7	7	7	7
LOC_2043	18	18	18	18	18
LOC_2044	13	13	13	13	13
LOC_2045	20	20	20	20	20
LOC_2046	21	17	15	15	17
LOC_2047	24	23	23	23	23
LOC_2048	20	20	20	20	20
LOC_2049	14	14	14	14	14
LOC_2050	20	20	20	20	20
LOC_2051	14	14	14	14	14
LOC_2052	13	13	13	13	13
LOC_2053	13	13	13	13	13
LOC_2054	18	17	17	16	17
LOC_2055	20	17	20	19	20
LOC_2056	15	15	16	16	15
LOC_2057	15	15	15	16	15
LOC_2058	15	14	15	15	15
LOC_2059	18	18	18	18	18
LOC_2060	20	20	21	20	20
LOC_2061	15	16	15	15	15
LOC_2062	16	16	16	16	16
LOC_2063	18	18	18	18	18
LOC_2064	14	14	14	13	14
LOC_2065	8	8	8	8	8
LOC_2066	20	19	20	21	20
LOC_2067	15	15	14	14	14
LOC_2068	12	12	12	12	12
LOC_2069	21	21	20	20	20
LOC_2070	20	20	20	20	20
LOC_2071	13	13	13	13	13
LOC_2072	24	25	23	24	25
LOC_2073	20	20	17	16	18
LOC_2074	11	11	11	11	11
LOC_2075	20	23	20	20	20
LOC_2076	15	16	16	15	15
LOC_2077	24	24	27	25	27
LOC_2078	15	16	15	15	15
LOC_2079	21	20	21	21	20
LOC_2080	20	20	20	20	20
LOC_2081	14	14	17	16	14
LOC_2082	20	20	20	20	20
LOC_2083	17	17	17	17	17
LOC_2084	29	27	27	27	29
LOC_2085	15	15	15	15	15
LOC_2086	17	16	18	18	18
LOC_2087	16	16	16	16	16
LOC_2088	21	21	20	20	20
LOC_2089	17	17	18	18	17
LOC_2090	14	14	14	14	14
LOC_2091	17	17	17	17	17
LOC_2092	8	7	7	7	7
LOC_2093	13	12	12	11	12
LOC_2094	16	17	15	15	15
LOC_2095	15	15	15	15	15
LOC_2096	17	17	15	15	15
LOC_2097	13	13	14	13	13
LOC_2098	13	14	14	15	15
LOC_2099	14	18	12	12	12
LOC_2100	14	14	13	13	13
LOC_2101	20	20	20	20	20
LOC_2102	21	21	21	21	21
LOC_2103	18	18	18	18	18
LOC_2104	17	15	16	16	17
LOC_2105	16	16	16	16	16
LOC_2106	17	17	17	17	17
LOC_2107	13	13	14	13	13
LOC_2108	14	14	16	16	14
LOC_2109	21	20	19	19	19
LOC_2110	20	21	20	20	20
LOC_2111	30	29	32	30	30
LOC_2112	17	17	18	18	17
LOC_2113	12	12	12	12	12
LOC_2114	15	15	14	16	15
LOC_2115	18	18	17	17	17
LOC_2116	14	16	16	16	16
LOC_2117	16	16	17	17	16
LOC_2118	15	15	15	15	15
LOC_2119	15	15	14	14	14
LOC_2120	17	17	18	18	17
LOC_2121	8	8	8	8	8
LOC_2122	17	17	20	20	18
LOC_2123	16	18	18	18	18
LOC_2124	20	20	20	20	20
LOC_2125	15	17	16	16	15
LOC_2126	20	21	19	20	20
LOC_2127	28	30	30	28	28
LOC_2128	20	21	20	20	20
LOC_2129	18	18	19	19	18
LOC_2130	14	14	16	16	14
LOC_2131	12	12	11	11	12
LOC_2132	17	17	18	18	17
LOC_2133	17	18	18	18	18
LOC_2134	13	13	14	14	13
LOC_2135	20	20	20	21	20
LOC_2136	21	21	19	19	20
LOC_2137	19	16	16	16	16
LOC_2138	13	13	14	13	13
LOC_2139	11	11	15	14	14
LOC_2140	22	22	22	23	22
LOC_2141	15	15	16	15	15
LOC_2142	19	17	18	18	18
LOC_2143	17	17	17	16	17
LOC_2144	14	14	14	14	14
LOC_2145	16	16	16	16	16
LOC_2146	16	12	16	16	16
LOC_2147	20	20	19	19	19
LOC_2148	20	20	20	20	20
LOC_2149	14	15	15	15	14
LOC_2150	16	16	16	16	16
LOC_2151	16	16	17	17	17
LOC_2152	14	15	13	15	14
LOC_2153	20	20	23	20	20
LOC_2154	29	26	27	27	26
LOC_2155	24	24	23	24	24
LOC_2156	13	13	13	14	13
LOC_2157	20	20	20	19	20
LOC_2158	21	21	21	19	21
LOC_2159	19	19	19	19	20
LOC_2160	21	18	21	21	20
LOC_2161	16	16	16	16	16
LOC_2162	21	21	20	20	20
LOC_2163	25	24	25	26	24
LOC_2164	19	20	19	20	20
LOC_2165	22	23	22	24	22
LOC_2166	20	20	20	18	20
LOC_2167	15	15	15	15	15
LOC_2168	8	8	8	8	8
LOC_2169	19	18	18	18	18
LOC_2170	15	16	15	15	15
LOC_2171	19	18	17	18	18
LOC_2172	18	18	18	18	18
LOC_2173	14	13	13	13	13
LOC_2174	13	13	13	13	13
LOC_2175	14	15	14	14	14
LOC_2176	21	20	20	20	20
LOC_2177	21	24	24	24	24
LOC_2178	20	20	20	20	20
LOC_2179	20	21	20	20	20
LOC_2180	18	18	20	20	20
LOC_2181	19	18	18	18	18
LOC_2182	15	15	15	15	15
LOC_2183	20	20	22	22	20
LOC_2184	20	20	21	21	20
LOC_2185	20	20	18	18	20
LOC_2186	16	16	16	16	16
LOC_2187	15	15	15	15	15
LOC_2188	9	9	9	9	9
LOC_2189	12	12	12	12	12
LOC_2190	18	16	18	18	18
LOC_2191	15	15	16	16	16
LOC_2192	19	17	17	17	17
LOC_2193	17	18	18	20	18
LOC_2194	14	14	15	14	14
LOC_2195	20	20	22	22	20
LOC_2196	15	15	15	15	15
LOC_2197	21	21	19	19	20
LOC_2198	14	16	15	15	15
LOC_2199	18	18	18	20	18
LOC_2200	21	20	19	20	20
LOC_2201	15	15	18	19	15
LOC_2202	17	17	17	17	17
LOC_2203	19	20	20	20	20
LOC_2204	13	13	13	13	13
LOC_2205	21	21	23	23	21
LOC_2206	12	12	12	12	12
LOC_2207	14	14	15	15	15
LOC_2208	15	14	17	17	14
LOC_2209	19	18	19	18	19
LOC_2210	14	14	14	15	14
LOC_2211	25	25	24	25	24
LOC_2212	18	18	18	18	18
LOC_2213	14	14	14	14	14
LOC_2214	16	16	16	16	16
LOC_2215	20	21	20	20	20
LOC_2216	21	20	19	20	20
LOC_2217	20	20	22	20	20
LOC_2218	20	21	20	20	20
LOC_2219	14	14	14	13	14
LOC_2220	17	17	15	13	15
LOC_2221	14	14	10	11	14
LOC_2222	17	17	17	17	17
LOC_2223	20	20	20	20	20
LOC_2224	13	14	14	14	14
LOC_2225	20	21	21	21	20
LOC_2226	16	16	15	15	16
LOC_2227	21	19	18	19	19
LOC_2228	18	20	18	19	18
LOC_2229	16	17	17	17	17
LOC_2230	18	18	18	20	18
LOC_2231	16	16	15	15	16
LOC_2232	16	16	16	16	16
LOC_2233	15	16	16	16	16
LOC_2234	29	24	25	25	27
LOC_2235	19	22	18	19	19
LOC_2236	19	20	22	20	20
LOC_2237	14	14	15	14	14
LOC_2238	21	21	20	20	20
LOC_2239	18	18	19	19	18
LOC_2240	17	18	18	16	18
LOC_2241	17	18	17	17	17
LOC_2242	14	14	14	12	14
LOC_2243	8	8	8	8	8
LOC_2244	20	20	20	20	20
LOC_2245	17	17	17	16	17
LOC_2246	18	18	18	18	18
LOC_2247	21	21	20	20	20
LOC_2248	20	20	21	21	20
LOC_2249	27	30	27	28	27
LOC_2250	21	20	19	18	20
LOC_2251	18	18	18	18	18
LOC_2252	17	20	24	22	23
LOC_2253	19	19	19	19	19
LOC_2254	16	16	16	16	16
LOC_2255	20	20	18	20	20
LOC_2256	15	15	15	16	15
LOC_2257	16	16	16	17	16
LOC_2258	20	19	20	21	20
LOC_2259	18	18	16	16	16
LOC_2260	20	21	20	20	20
LOC_2261	20	20	20	19	20
LOC_2262	20	20	19	20	20
LOC_2263	15	15	15	15	15
LOC_2264	20	20	20	20	20
LOC_2265	22	21	20	20	20
LOC_2266	14	14	14	14	14
LOC_2267	21	21	20	24	20
LOC_2268	27	25	24	25	26
LOC_2269	19	19	18	18	18
LOC_2270	21	21	20	20	20
LOC_2271	18	20	20	18	20
LOC_2272	17	17	17	19	17
LOC_2273	19	19	20	19	19
LOC_2274	17	16	17	16	16
LOC_2275	20	20	21	21	20
LOC_2276	20	21	23	20	20
LOC_2277	20	20	20	20	20
LOC_2278	20	20	21	22	20
LOC_2279	18	18	17	17	18
LOC_2280	20	20	20	21	20
LOC_2281	21	23	19	19	21
LOC_2282	19	19	19	19	19
LOC_2283	14	12	15	15	14
LOC_2284	14	14	14	14	14
LOC_2285	20	20	21	20	20
LOC_2286	21	22	24	21	21
LOC_2287	17	15	22	20	17
LOC_2288	11	10	11	11	11
LOC_2289	25	24	23	23	23
LOC_2290	18	25	18	15	18
LOC_2291	21	21	19	19	19
LOC_2292	15	15	15	15	15
LOC_2293	13	13	15	14	14
LOC_2294	19	19	19	20	19
LOC_2295	19	19	19	19	19
LOC_2296	14	14	14	14	14
LOC_2297	15	15	17	15	15
LOC_2298	15	15	15	15	15
LOC_2299	17	17	17	17	17
LOC_2300	16	17	17	17	17
LOC_2301	19	19	19	19	19
LOC_2302	15	15	16	15	15
LOC_2303	19	19	19	17	19
LOC_2304	12	12	14	13	13
LOC_2305	18	19	20	19	19
LOC_2306	16	16	16	16	16
LOC_2307	17	16	16	16	17
LOC_2308	16	16	16	16	16
LOC_2309	19	19	20	19	19
LOC_2310	21	21	21	22	21
LOC_2311	24	24	25	25	25
LOC_2312	15	15	15	15	15
LOC_2313	19	19	19	19	19
LOC_2314	18	17	18	17	17
LOC_2315	15	14	14	14	14
LOC_2316	19	19	18	19	19
LOC_2317	11	11	12	12	12
LOC_2318	18	18	17	17	16
LOC_2319	19	20	18	19	19
LOC_2320	19	19	20	19	19
LOC_2321	18	18	18	19	18
LOC_2322	19	19	21	21	19
LOC_2323	17	16	17	17	17
LOC_2324	17	17	17	17	17
LOC_2325	20	19	19	20	19
LOC_2326	17	17	17	18	17
LOC_2327	12	14	14	13	12
LOC_2328	19	19	17	17	19
LOC_2329	20	19	21	20	19
LOC_2330	21	22	23	21	21
LOC_2331	21	20	19	18	19
LOC_2332	19	19	19	17	19
LOC_2333	19	19	19	19	19
LOC_2334	18	19	19	19	19
LOC_2335	19	19	18	18	19
LOC_2336	15	15	15	16	14
LOC_2337	17	17	15	15	15
LOC_2338	20	20	19	21	21
LOC_2339	16	16	16	16	16
LOC_2340	19	20	24	19	19
LOC_2341	18	19	19	19	19
LOC_2342	18	18	18	18	18
LOC_2343	19	19	19	20	19
LOC_2344	26	25	24	24	25
LOC_2345	23	23	23	23	23
LOC_2346	19	19	20	20	19
LOC_2347	19	22	19	19	19
LOC_2348	22	20	21	22	22
LOC_2349	18	18	21	18	18
LOC_2350	18	19	19	18	19
LOC_2351	14	14	14	14	14
LOC_2352	25	25	25	26	25
LOC_2353	13	13	13	13	13
LOC_2354	19	19	19	19	19
LOC_2355	20	19	19	19	19
LOC_2356	19	21	19	19	19
LOC_2357	17	17	17	17	17
LOC_2358	18	19	18	18	18
LOC_2359	23	24	24	23	23
LOC_2360	19	19	19	19	19
LOC_2361	16	16	15	15	16
LOC_2362	14	13	15	15	13
LOC_2363	18	18	18	18	19
LOC_2364	19	19	19	19	19
LOC_2365	16	16	16	16	16
LOC_2366	21	19	18	19	19
LOC_2367	17	17	17	19	17
LOC_2368	17	18	17	17	17
LOC_2369	15	15	15	15	15
LOC_2370	17	17	18	18	17
LOC_2371	16	16	17	16	16
LOC_2372	19	19	24	21	19
LOC_2373	15	15	15	15	15
LOC_2374	13	13	15	14	14
LOC_2375	19	19	26	24	19
LOC_2376	19	18	19	19	19
LOC_2377	20	20	20	20	20
LOC_2378	19	19	19	19	19
LOC_2379	14	14	14	14	14
LOC_2380	26	24	24	24	25
LOC_2381	19	20	19	18	19
LOC_2382	15	15	15	15	15
LOC_2383	19	19	19	19	19
LOC_2384	14	14	13	13	13
LOC_2385	19	19	19	19	19
LOC_2386	15	15	18	18	15
LOC_2387	18	18	16	17	16
LOC_2388	19	19	20	19	19
LOC_2389	18	18	18	18	18
LOC_2390	18	18	17	18	18
LOC_2391	15	14	14	14	14
LOC_2392	23	25	22	21	22
LOC_2393	19	19	19	19	19
LOC_2394	20	19	19	19	19
LOC_2395	19	19	18	19	19
LOC_2396	21	21	21	21	21
LOC_2397	20	19	19	20	19
LOC_2398	19	19	21	19	19
LOC_2399	17	14	14	14	14
LOC_2400	15	15	16	16	16
LOC_2401	30	28	28	28	29
LOC_2402	18	18	18	18	18
LOC_2403	16	17	15	15	17
LOC_2404	19	19	19	21	19
LOC_2405	16	16	15	15	15
LOC_2406	17	17	17	17	17
LOC_2407	20	19	20	20	20
LOC_2408	19	19	20	19	19
LOC_2409	20	18	20	20	19
LOC_2410	21	20	20	20	19
LOC_2411	15	13	17	17	17
LOC_2412	14	14	12	12	12
LOC_2413	19	18	19	19	19
LOC_2414	15	15	15	15	15
LOC_2415	16	16	15	15	15
LOC_2416	19	19	19	20	19
LOC_2417	19	19	20	20	19
LOC_2418	18	18	18	20	19
LOC_2419	16	18	19	19	19
LOC_2420	15	15	15	15	15
LOC_2421	18	18	20	18	18
LOC_2422	20	20	21	20	20
LOC_2423	27	27	26	28	25
LOC_2424	19	20	20	17	19
LOC_2425	19	19	19	19	19
LOC_2426	17	17	17	17	17
LOC_2427	16	14	16	16	16
LOC_2428	15	17	15	15	15
LOC_2429	19	19	19	19	19
LOC_2430	19	19	19	18	19
LOC_2431	15	16	15	15	15
LOC_2432	15	15	15	15	15
LOC_2433	19	19	18	18	19
LOC_2434	18	18	19	19	19
LOC_2435	18	17	18	19	18
LOC_2436	18	18	22	22	18
LOC_2437	23	23	23	23	23
LOC_2438	17	16	16	19	16
LOC_2439	16	16	16	15	16
LOC_2440	12	12	12	12	12
LOC_2441	19	19	19	19	19
LOC_2442	16	16	14	15	15
LOC_2443	16	16	16	16	16
LOC_2444	24	22	27	24	25
LOC_2445	18	18	19	18	18
LOC_2446	27	28	26	28	27
LOC_2447	19	19	19	19	19
LOC_2448	24	24	23	22	23
LOC_2449	19	19	19	20	19
LOC_2450	19	19	16	19	19
LOC_2451	17	18	17	16	17
LOC_2452	21	19	17	23	19
LOC_2453	14	14	14	14	14
LOC_2454	20	20	20	20	20
LOC_2455	19	19	20	20	19
LOC_2456	19	19	19	19	19
LOC_2457	22	22	25	25	22
LOC_2458	20	20	19	19	19
LOC_2459	18	18	20	18	18
LOC_2460	14	14	14	14	14
LOC_2461	19	19	21	20	19
LOC_2462	19	19	21	21	20
LOC_2463	18	18	16	16	18
LOC_2464	18	19	19	19	19
LOC_2465	19	19	19	19	19
LOC_2466	19	20	21	21	19
LOC_2467	17	17	17	18	17
LOC_2468	20	22	20	21	20
LOC_2469	19	19	18	16	19
LOC_2470	19	19	19	19	19
LOC_2471	19	19	20	20	19
LOC_2472	20	21	19	19	19
LOC_2473	18	18	19	18	18
LOC_2474	17	17	17	17	17
LOC_2475	19	20	19	18	19
LOC_2476	15	15	16	17	15
LOC_2477	19	17	19	19	19
LOC_2478	20	20	19	19	19
LOC_2479	15	15	15	14	15
LOC_2480	15	15	15	15	15
LOC_2481	14	14	14	14	14
LOC_2482	17	17	18	18	17
LOC_2483	19	19	19	19	19
LOC_2484	22	21	20	20	20
LOC_2485	24	25	23	23	23
LOC_2486	16	18	19	18	18
LOC_2487	22	22	22	21	22
LOC_2488	14	15	14	15	15
LOC_2489	17	19	19	19	19
LOC_2490	19	19	20	22	19
LOC_2491	13	9	13	13	13
LOC_2492	15	15	14	14	14
LOC_2493	19	19	18	17	19
LOC_2494	14	14	14	14	14
LOC_2495	25	25	25	26	24
LOC_2496	19	19	20	20	19
LOC_2497	16	16	16	16	16
LOC_2498	14	14	14	14	14
LOC_2499	23	23	24	24	25
LOC_2500	15	14	15	14	14
LOC_2501	16	16	19	18	17
LOC_2502	23	23	24	23	23
LOC_2503	20	18	18	17	18
LOC_2504	19	20	19	18	19
LOC_2505	19	19	19	19	19
LOC_2506	19	19	16	19	19
LOC_2507	20	20	22	20	20
LOC_2508	19	20	19	19	19
LOC_2509	18	19	22	18	19
LOC_2510	19	19	19	19	19
LOC_2511	18	18	18	18	18
LOC_2512	20	19	20	20	19
LOC_2513	19	19	19	19	19
LOC_2514	19	19	18	18	19
LOC_2515	16	16	16	16	16
LOC_2516	25	27	22	23	26
LOC_2517	18	18	18	19	19
LOC_2518	18	18	18	18	18
LOC_2519	19	19	21	22	19
LOC_2520	19	20	21	21	19
LOC_2521	26	23	22	22	22
LOC_2522	18	19	19	18	19
LOC_2523	19	19	18	19	19
LOC_2524	15	14	13	14	14
LOC_2525	19	19	19	19	19
LOC_2526	18	19	19	19	19
LOC_2527	19	19	20	21	20
LOC_2528	19	20	19	20	19
LOC_2529	19	19	19	19	19
LOC_2530	19	21	19	19	19
LOC_2531	19	20	19	19	19
LOC_2532	18	18	22	21	18
LOC_2533	19	19	21	19	19
LOC_2534	16	16	18	18	16
LOC_2535	18	18	18	18	19
LOC_2536	15	15	15	15	15
LOC_2537	24	23	28	27	25
LOC_2538	17	18	18	18	18
LOC_2539	19	19	19	19	19
LOC_2540	19	19	19	19	19
LOC_2541	24	24	23	22	23
LOC_2542	21	19	18	18	19
LOC_2543	28	29	29	29	30
LOC_2544	19	21	19	19	19
LOC_2545	26	27	24	25	26
LOC_2546	20	20	19	19	19
LOC_2547	22	19	19	18	19
LOC_2548	20	18	17	15	17
LOC_2549	19	19	20	19	19
LOC_2550	16	18	16	16	16
LOC_2551	19	19	20	22	21
LOC_2552	18	18	17	17	18
LOC_2553	20	19	19	19	19
LOC_2554	16	16	16	16	16
LOC_2555	24	24	24	24	25
LOC_2556	21	21	19	19	19
LOC_2557	20	22	18	18	19
LOC_2558	19	20	20	20	19
LOC_2559	17	20	17	18	17
LOC_2560	22	22	20	20	22
LOC_2561	17	17	16	16	16
LOC_2562	19	19	19	19	19
LOC_2563	14	14	14	14	14
LOC_2564	23	24	22	22	24
LOC_2565	14	13	14	14	14
LOC_2566	25	26	26	26	25
LOC_2567	14	15	14	14	14
LOC_2568	16	15	15	15	15
LOC_2569	19	19	19	20	19
LOC_2570	18	18	20	20	20
LOC_2571	14	14	15	13	14
LOC_2572	14	14	14	14	14
LOC_2573	19	19	18	18	19
LOC_2574	16	18	18	18	18
LOC_2575	19	20	19	19	19
LOC_2576	22	22	20	20	21
LOC_2577	21	21	21	20	21
LOC_2578	21	21	21	22	21
LOC_2579	17	17	17	16	17
LOC_2580	15	16	19	18	16
LOC_2581	19	19	19	19	19
LOC_2582	19	19	19	19	19
LOC_2583	15	16	14	14	16
LOC_2584	20	19	19	19	19
LOC_2585	19	19	20	19	19
LOC_2586	19	18	19	19	19
LOC_2587	23	22	20	20	20
LOC_2588	22	22	22	22	22
LOC_2589	20	20	18	19	19
LOC_2590	17	17	17	17	16
LOC_2591	17	17	17	17	17
LOC_2592	25	23	22	22	23
LOC_2593	19	19	19	20	19
LOC_2594	19	19	19	19	19
LOC_2595	18	18	18	18	18
LOC_2596	13	13	13	13	13
LOC_2597	19	19	19	19	19
LOC_2598	22	23	23	22	23
LOC_2599	22	22	22	22	22
LOC_2600	17	17	17	17	17
LOC_2601	21	19	19	19	19
LOC_2602	21	21	22	25	21
LOC_2603	19	18	19	19	19
LOC_2604	17	18	18	18	19
LOC_2605	18	17	18	18	19
LOC_2606	14	14	14	14	14
LOC_2607	19	19	19	19	19
LOC_2608	17	17	17	17	17
LOC_2609	14	14	14	14	14
LOC_2610	20	19	19	16	19
LOC_2611	14	13	14	14	14
LOC_2612	18	18	19	19	19
LOC_2613	16	15	16	18	14
LOC_2614	19	17	19	19	19
LOC_2615	19	18	19	19	19
LOC_2616	15	15	15	16	15
LOC_2617	20	18	18	18	18
LOC_2618	18	17	19	19	18
LOC_2619	19	19	18	18	18
LOC_2620	18	18	16	20	19
LOC_2621	15	15	16	16	15
LOC_2622	18	18	18	18	18
LOC_2623	16	16	16	16	16
LOC_2624	18	18	18	18	18
LOC_2625	21	20	18	19	19
LOC_2626	14	14	14	14	14
LOC_2627	17	18	18	18	18
LOC_2628	22	23	25	25	25
LOC_2629	21	21	21	22	21
LOC_2630	19	19	19	19	19
LOC_2631	25	25	22	24	25
LOC_2632	10	10	10	10	10
LOC_2633	10	10	10	10	10
LOC_2634	20	20	17	18	18
LOC_2635	18	18	18	19	18
LOC_2636	15	16	16	16	16
LOC_2637	20	19	19	19	19
LOC_2638	21	17	19	19	19
LOC_2639	21	20	21	21	21
LOC_2640	15	15	17	16	16
LOC_2641	14	14	14	16	14
LOC_2642	18	18	18	18	18
LOC_2643	17	16	18	18	18
LOC_2644	16	16	18	17	17
LOC_2645	18	18	19	18	18
LOC_2646	21	18	18	20	18
LOC_2647	23	25	26	27	24
LOC_2648	19	16	16	15	16
LOC_2649	17	17	18	18	17
LOC_2650	22	22	21	21	21
LOC_2651	14	14	14	14	14
LOC_2652	17	17	19	17	18
LOC_2653	14	14	15	14	14
LOC_2654	18	18	20	19	18
LOC_2655	18	18	20	20	20
LOC_2656	18	18	17	18	18
LOC_2657	16	16	18	18	16
LOC_2658	10	8	8	6	8
LOC_2659	17	18	18	18	18
LOC_2660	19	18	17	17	18
LOC_2661	18	17	17	17	17
LOC_2662	16	13	14	14	14
LOC_2663	16	15	16	16	18
LOC_2664	15	16	16	15	15
LOC_2665	18	18	19	19	18
LOC_2666	18	18	18	18	18
LOC_2667	17	17	17	17	17
LOC_2668	17	17	17	17	17
LOC_2669	16	16	15	17	16
LOC_2670	18	18	18	18	18
LOC_2671	16	16	17	16	16
LOC_2672	18	18	18	18	18
LOC_2673	16	16	18	21	18
LOC_2674	18	18	17	18	18
LOC_2675	17	17	16	17	17
LOC_2676	17	17	18	18	18
LOC_2677	19	19	19	19	19
LOC_2678	23	23	26	22	22
LOC_2679	15	15	15	15	15
LOC_2680	18	18	18	18	18
LOC_2681	18	18	16	17	17
LOC_2682	18	18	19	18	18
LOC_2683	18	18	18	18	18
LOC_2684	20	22	20	19	20
LOC_2685	19	19	19	19	19
LOC_2686	19	18	18	18	18
LOC_2687	18	19	18	18	18
LOC_2688	18	18	17	19	18
LOC_2689	18	18	19	18	18
LOC_2690	23	23	23	23	22
LOC_2691	18	18	19	19	18
LOC_2692	14	13	14	14	14
LOC_2693	18	18	18	18	18
LOC_2694	18	18	19	17	18
LOC_2695	18	18	21	18	18
LOC_2696	20	17	20	20	20
LOC_2697	18	18	18	18	18
LOC_2698	18	18	18	18	18
LOC_2699	16	16	16	16	16
LOC_2700	18	18	18	18	18
LOC_2701	18	18	18	18	18
LOC_2702	17	18	17	19	18
LOC_2703	23	23	21	23	23
LOC_2704	18	18	18	18	18
LOC_2705	16	16	16	16	16
LOC_2706	15	15	15	15	15
LOC_2707	14	14	15	16	15
LOC_2708	15	14	16	15	15
LOC_2709	20	20	20	22	21
LOC_2710	18	18	18	18	18
LOC_2711	14	14	14	14	14
LOC_2712	28	28	26	23	25
LOC_2713	17	17	18	18	18
LOC_2714	19	19	19	22	21
LOC_2715	15	15	16	16	16
LOC_2716	26	27	26	27	26
LOC_2717	19	19	18	18	18
LOC_2718	22	22	23	23	23
LOC_2719	23	24	25	25	24
LOC_2720	19	19	18	14	18
LOC_2721	20	20	17	15	18
LOC_2722	18	18	18	18	18
LOC_2723	18	18	19	19	18
LOC_2724	18	19	18	17	18
LOC_2725	18	18	18	17	18
LOC_2726	16	16	16	16	16
LOC_2727	18	18	18	18	18
LOC_2728	18	18	18	18	18
LOC_2729	18	20	18	18	18
LOC_2730	15	15	15	15	15
LOC_2731	18	18	18	19	18
LOC_2732	19	21	19	19	19
LOC_2733	16	16	16	17	16
LOC_2734	7	7	7	8	7
LOC_2735	18	18	18	17	18
LOC_2736	20	18	18	18	18
LOC_2737	16	16	18	18	18
LOC_2738	19	19	18	18	18
LOC_2739	19	18	18	18	18
LOC_2740	18	18	18	18	18
LOC_2741	21	21	23	21	21
LOC_2742	18	19	18	18	18
LOC_2743	18	18	18	18	18
LOC_2744	18	18	18	18	18
LOC_2745	18	18	18	18	18
LOC_2746	25	22	23	23	23
LOC_2747	16	17	16	16	17
LOC_2748	21	21	20	18	21
LOC_2749	19	18	18	18	18
LOC_2750	15	16	16	16	16
LOC_2751	18	18	18	18	18
LOC_2752	16	16	16	16	16
LOC_2753	18	18	19	19	19
LOC_2754	23	21	20	22	22
LOC_2755	14	14	16	14	14
LOC_2756	18	18	18	18	18
LOC_2757	18	18	18	18	18
LOC_2758	16	18	18	18	18
LOC_2759	19	18	18	18	18
LOC_2760	18	18	18	18	18
LOC_2761	18	18	19	19	18
LOC_2762	18	18	18	18	18
LOC_2763	17	17	18	18	18
LOC_2764	18	18	20	20	18
LOC_2765	18	18	18	17	18
LOC_2766	21	21	20	20	20
LOC_2767	21	20	20	21	21
LOC_2768	18	18	20	16	17
LOC_2769	18	18	18	18	18
LOC_2770	20	18	18	18	18
LOC_2771	19	18	19	19	18
LOC_2772	20	20	21	20	20
LOC_2773	18	17	20	19	18
LOC_2774	18	19	19	19	19
LOC_2775	15	18	20	20	18
LOC_2776	18	17	17	17	17
LOC_2777	18	18	18	19	18
LOC_2778	18	17	18	19	18
LOC_2779	18	18	17	17	18
LOC_2780	17	17	18	18	17
LOC_2781	17	18	18	18	18
LOC_2782	18	18	20	18	18
LOC_2783	19	18	20	17	18
LOC_2784	16	16	16	16	16
LOC_2785	18	17	17	17	18
LOC_2786	19	18	18	23	18
LOC_2787	18	18	19	19	18
LOC_2788	18	18	18	18	18
LOC_2789	19	19	18	18	18
LOC_2790	18	18	16	19	18
LOC_2791	15	15	15	15	15
LOC_2792	21	22	25	25	24
LOC_2793	24	24	22	23	24
LOC_2794	15	15	15	15	15
LOC_2795	16	16	18	18	15
LOC_2796	22	22	21	21	21
LOC_2797	19	18	19	17	18
LOC_2798	14	14	14	14	14
LOC_2799	18	18	18	20	18
LOC_2800	11	13	14	15	14
LOC_2801	13	14	14	14	14
LOC_2802	19	19	17	17	18
LOC_2803	18	18	18	18	18
LOC_2804	18	18	18	18	18
LOC_2805	24	23	22	22	23
LOC_2806	19	19	22	22	19
LOC_2807	18	18	18	17	18
LOC_2808	15	15	18	18	18
LOC_2809	22	23	22	23	23
LOC_2810	25	23	26	28	25
LOC_2811	18	18	18	18	18
LOC_2812	17	18	18	18	18
LOC_2813	14	14	14	18	14
LOC_2814	19	18	18	19	18
LOC_2815	21	21	20	20	20
LOC_2816	19	19	18	18	18
LOC_2817	19	18	20	18	18
LOC_2818	18	19	18	18	18
LOC_2819	18	18	18	18	18
LOC_2820	18	18	18	16	18
LOC_2821	16	16	16	19	16
LOC_2822	18	18	18	18	18
LOC_2823	18	18	18	18	18
LOC_2824	22	22	22	22	22
LOC_2825	18	18	18	19	18
LOC_2826	25	24	26	28	26
LOC_2827	20	18	18	20	18
LOC_2828	24	23	24	24	24
LOC_2829	18	18	21	18	18
LOC_2830	19	20	20	20	20
LOC_2831	17	19	18	18	18
LOC_2832	18	18	19	19	18
LOC_2833	18	18	19	18	18
LOC_2834	18	19	18	18	18
LOC_2835	18	18	21	18	18
LOC_2836	21	21	22	22	22
LOC_2837	17	20	18	18	18
LOC_2838	14	14	14	14	14
LOC_2839	17	18	19	18	18
LOC_2840	18	19	18	18	18
LOC_2841	17	17	18	17	18
LOC_2842	26	27	27	28	28
LOC_2843	17	17	16	16	17
LOC_2844	18	18	18	19	18
LOC_2845	13	17	15	15	14
LOC_2846	24	24	22	24	22
LOC_2847	22	22	24	25	23
LOC_2848	19	19	18	18	18
LOC_2849	15	19	18	17	18
LOC_2850	21	20	22	21	21
LOC_2851	17	18	18	19	18
LOC_2852	15	15	16	16	15
LOC_2853	15	15	18	17	17
LOC_2854	18	18	18	18	18
LOC_2855	19	19	18	18	18
LOC_2856	18	18	18	18	18
LOC_2857	18	17	18	18	18
LOC_2858	18	18	17	17	18
LOC_2859	19	19	18	17	18
LOC_2860	18	18	18	19	18
LOC_2861	21	22	22	23	22
LOC_2862	25	25	25	25	25
LOC_2863	18	18	18	18	18
LOC_2864	15	16	15	15	15
LOC_2865	21	21	21	21	21
LOC_2866	18	18	19	18	18
LOC_2867	16	16	16	16	16
LOC_2868	17	18	18	18	18
LOC_2869	21	21	22	21	22
LOC_2870	19	19	20	20	19
LOC_2871	19	19	19	20	19
LOC_2872	18	18	17	17	18
LOC_2873	14	14	14	14	14
LOC_2874	14	14	14	14	14
LOC_2875	20	21	21	22	21
LOC_2876	18	19	17	17	18
LOC_2877	23	24	22	22	22
LOC_2878	15	17	18	18	18
LOC_2879	21	21	21	22	21
LOC_2880	19	19	18	18	18
LOC_2881	23	23	23	22	23
LOC_2882	16	17	17	16	16
LOC_2883	19	19	19	19	18
LOC_2884	21	20	21	21	21
LOC_2885	18	18	18	17	18
LOC_2886	24	25	23	24	24
LOC_2887	18	18	18	18	18
LOC_2888	21	22	22	22	22
LOC_2889	19	18	20	18	18
LOC_2890	18	18	18	18	18
LOC_2891	18	18	19	17	18
LOC_2892	19	19	18	18	18
LOC_2893	15	15	15	15	15
LOC_2894	18	16	18	18	18
LOC_2895	18	19	18	18	18
LOC_2896	19	19	18	18	18
LOC_2897	18	18	18	18	18
LOC_2898	18	18	18	18	18
LOC_2899	20	21	23	21	21
LOC_2900	20	17	17	17	17
LOC_2901	20	20	22	22	22
LOC_2902	14	14	16	16	16
LOC_2903	16	16	14	16	16
LOC_2904	18	18	15	15	15
LOC_2905	20	19	20	20	19
LOC_2906	16	17	17	17	17
LOC_2907	15	14	12	12	15
LOC_2908	18	18	18	18	18
LOC_2909	15	15	15	15	15
LOC_2910	18	18	19	18	18
LOC_2911	16	16	16	16	16
LOC_2912	19	19	19	18	18
LOC_2913	23	23	23	23	23
LOC_2914	17	17	17	17	17
LOC_2915	17	17	17	18	17
LOC_2916	21	21	21	21	21
LOC_2917	19	19	18	18	18
LOC_2918	18	18	17	17	17
LOC_2919	17	18	18	18	17
LOC_2920	19	19	19	19	19
LOC_2921	22	22	22	22	22
LOC_2922	18	17	17	18	17
LOC_2923	17	16	18	17	17
LOC_2924	25	25	24	26	25
LOC_2925	21	21	20	20	20
LOC_2926	14	14	14	14	14
LOC_2927	25	24	24	24	24
LOC_2928	16	15	16	16	16
LOC_2929	18	19	17	19	17
LOC_2930	18	18	18	17	17
LOC_2931	16	17	13	15	17
LOC_2932	16	16	16	16	16
LOC_2933	9	11	11	11	11
LOC_2934	17	17	17	17	17
LOC_2935	16	16	18	17	17
LOC_2936	17	16	17	17	17
LOC_2937	17	17	17	17	17
LOC_2938	23	23	22	23	23
LOC_2939	17	18	17	17	17
LOC_2940	14	14	14	14	14
LOC_2941	18	18	18	18	18
LOC_2942	17	17	17	17	17
LOC_2943	18	19	20	20	20
LOC_2944	17	17	17	17	17
LOC_2945	22	21	19	20	21
LOC_2946	25	22	23	21	22
LOC_2947	15	15	15	15	15
LOC_2948	17	17	17	17	17
LOC_2949	17	15	17	17	17
LOC_2950	17	17	17	17	17
LOC_2951	17	17	17	17	17
LOC_2952	20	20	19	19	19
LOC_2953	17	17	17	17	17
LOC_2954	17	17	18	18	17
LOC_2955	23	22	25	23	22
LOC_2956	18	17	17	17	17
LOC_2957	17	17	16	16	17
LOC_2958	23	23	20	19	20
LOC_2959	16	17	16	17	17
LOC_2960	17	17	16	17	17
LOC_2961	19	19	19	19	19
LOC_2962	17	18	18	18	18
LOC_2963	17	15	18	20	17
LOC_2964	18	17	17	15	17
LOC_2965	18	18	17	17	17
LOC_2966	23	23	22	22	21
LOC_2967	20	20	18	18	20
LOC_2968	18	18	17	17	17
LOC_2969	23	23	21	22	22
LOC_2970	16	16	16	16	16
LOC_2971	17	17	17	17	17
LOC_2972	21	20	21	21	21
LOC_2973	16	16	16	17	16
LOC_2974	17	18	15	17	16
LOC_2975	16	16	18	18	16
LOC_2976	18	19	18	17	18
LOC_2977	24	22	25	21	23
LOC_2978	17	14	17	17	17
LOC_2979	19	17	17	17	17
LOC_2980	14	17	16	15	17
LOC_2981	16	16	16	16	16
LOC_2982	18	17	17	17	17
LOC_2983	16	17	17	17	17
LOC_2984	23	22	22	22	22
LOC_2985	14	14	15	14	14
LOC_2986	18	18	16	16	17
LOC_2987	18	21	21	20	20
LOC_2988	19	18	18	18	18
LOC_2989	27	26	28	26	27
LOC_2990	22	21	22	21	21
LOC_2991	15	14	14	14	14
LOC_2992	20	21	20	20	20
LOC_2993	15	15	15	15	15
LOC_2994	17	17	18	18	17
LOC_2995	17	17	17	14	17
LOC_2996	16	16	21	17	16
LOC_2997	17	17	16	17	17
LOC_2998	18	18	20	19	18
LOC_2999	16	17	18	17	17
LOC_3000	19	19	19	19	19
LOC_3001	22	22	20	19	20
LOC_3002	17	17	14	15	17
LOC_3003	18	17	19	19	18
LOC_3004	20	18	20	21	20
LOC_3005	18	18	18	18	18
LOC_3006	19	21	20	19	20
LOC_3007	17	17	18	17	17
LOC_3008	14	14	14	15	14
LOC_3009	27	28	26	26	27
LOC_3010	17	17	17	17	17
LOC_3011	19	19	19	21	19
LOC_3012	20	22	20	20	20
LOC_3013	15	17	17	17	17
LOC_3014	17	17	17	20	17
LOC_3015	21	21	19	20	21
LOC_3016	17	17	17	17	17
LOC_3017	19	19	18	18	19
LOC_3018	15	15	17	17	15
LOC_3019	17	17	17	17	17
LOC_3020	19	19	19	16	19
LOC_3021	18	18	18	18	18
LOC_3022	22	23	22	21	22
LOC_3023	19	19	18	20	19
LOC_3024	16	18	18	18	18
LOC_3025	17	14	17	17	17
LOC_3026	15	15	16	15	15
LOC_3027	22	22	22	20	22
LOC_3028	17	17	15	17	17
LOC_3029	14	14	14	14	14
LOC_3030	18	17	16	17	17
LOC_3031	17	17	19	19	17
LOC_3032	19	19	18	18	18
LOC_3033	18	18	17	17	18
LOC_3034	17	17	17	16	17
LOC_3035	17	18	17	17	17
LOC_3036	22	22	21	21	21
LOC_3037	31	27	29	27	29
LOC_3038	23	22	19	19	21
LOC_3039	23	21	22	22	22
LOC_3040	17	17	17	17	17
LOC_3041	19	18	17	17	17
LOC_3042	21	21	21	21	21
LOC_3043	17	17	17	16	17
LOC_3044	18	18	18	18	18
LOC_3045	13	13	15	15	14
LOC_3046	17	17	16	17	17
LOC_3047	14	14	14	14	14
LOC_3048	21	21	21	20	21
LOC_3049	22	20	20	20	20
LOC_3050	19	21	21	21	21
LOC_3051	17	17	17	17	17
LOC_3052	18	17	16	18	17
LOC_3053	17	17	15	15	15
LOC_3054	20	17	17	17	17
LOC_3055	16	16	16	16	16
LOC_3056	23	23	22	22	22
LOC_3057	22	21	22	21	22
LOC_3058	19	17	17	17	17
LOC_3059	17	18	19	19	19
LOC_3060	23	23	22	20	22
LOC_3061	15	15	15	15	15
LOC_3062	20	20	20	20	20
LOC_3063	18	19	19	19	19
LOC_3064	17	17	15	15	17
LOC_3065	16	16	17	17	16
LOC_3066	17	17	18	18	17
LOC_3067	17	18	17	17	17
LOC_3068	18	17	17	17	17
LOC_3069	26	24	25	25	25
LOC_3070	19	18	19	19	19
LOC_3071	20	26	23	22	22
LOC_3072	21	20	21	21	21
LOC_3073	17	17	18	18	17
LOC_3074	17	18	16	16	16
LOC_3075	19	19	19	19	19
LOC_3076	17	17	17	17	17
LOC_3077	16	16	16	17	16
LOC_3078	24	24	22	22	22
LOC_3079	21	21	22	21	21
LOC_3080	17	17	17	19	17
LOC_3081	24	22	24	24	24
LOC_3082	17	15	18	17	17
LOC_3083	16	15	14	16	15
LOC_3084	17	18	17	17	17
LOC_3085	18	17	20	18	18
LOC_3086	17	17	17	17	17
LOC_3087	17	17	17	17	17
LOC_3088	21	21	20	20	20
LOC_3089	17	17	17	17	17
LOC_3090	15	15	15	15	15
LOC_3091	17	17	17	17	17
LOC_3092	22	22	21	22	22
LOC_3093	18	18	17	17	17
LOC_3094	20	20	19	20	20
LOC_3095	19	19	19	19	19
LOC_3096	20	19	18	19	18
LOC_3097	17	17	17	18	17
LOC_3098	18	18	17	20	18
LOC_3099	19	18	19	19	19
LOC_3100	19	19	19	19	19
LOC_3101	17	17	15	15	16
LOC_3102	15	15	15	16	15
LOC_3103	17	17	17	17	17
LOC_3104	21	20	18	18	19
LOC_3105	14	14	13	13	14
LOC_3106	17	17	17	17	17
LOC_3107	14	14	14	14	14
LOC_3108	15	15	15	15	14
LOC_3109	17	14	17	17	17
LOC_3110	17	17	17	17	17
LOC_3111	24	24	22	23	24
LOC_3112	17	17	18	17	17
LOC_3113	17	18	17	17	17
LOC_3114	17	17	17	17	17
LOC_3115	17	17	19	17	17
LOC_3116	21	18	17	18	18
LOC_3117	17	17	15	17	17
LOC_3118	17	17	17	17	17
LOC_3119	24	21	21	21	21
LOC_3120	17	17	17	19	17
LOC_3121	17	17	17	17	17
LOC_3122	15	16	16	16	15
LOC_3123	25	26	22	21	22
LOC_3124	14	14	14	14	14
LOC_3125	14	14	14	14	14
LOC_3126	14	17	16	17	16
LOC_3127	17	17	17	17	17
LOC_3128	16	16	17	17	17
LOC_3129	17	17	19	17	17
LOC_3130	26	27	30	27	28
LOC_3131	18	17	17	17	17
LOC_3132	15	15	15	15	15
LOC_3133	17	17	17	17	17
LOC_3134	22	22	22	24	22
LOC_3135	16	16	16	15	16
LOC_3136	14	14	15	15	14
LOC_3137	23	22	22	22	22
LOC_3138	17	17	17	18	17
LOC_3139	25	24	23	23	23
LOC_3140	17	17	17	17	17
LOC_3141	14	14	13	14	14
LOC_3142	17	17	17	17	17
LOC_3143	18	19	19	20	19
LOC_3144	18	19	19	19	19
LOC_3145	20	20	20	20	20
LOC_3146	15	15	15	15	15
LOC_3147	17	17	16	16	17
LOC_3148	17	17	18	17	17
LOC_3149	17	17	17	17	17
LOC_3150	20	20	21	21	20
LOC_3151	17	19	18	17	17
LOC_3152	17	17	17	17	17
LOC_3153	24	24	29	31	25
LOC_3154	19	17	17	17	17
LOC_3155	15	15	15	15	15
LOC_3156	18	16	17	18	17
LOC_3157	18	18	18	18	18
LOC_3158	21	21	21	20	21
LOC_3159	19	17	17	17	17
LOC_3160	17	17	18	18	17
LOC_3161	19	19	19	19	19
LOC_3162	17	17	18	18	17
LOC_3163	17	17	17	17	17
LOC_3164	16	17	17	17	17
LOC_3165	19	17	17	17	17
LOC_3166	15	15	15	15	15
LOC_3167	17	17	17	17	17
LOC_3168	16	16	16	16	16
LOC_3169	17	17	17	17	17
LOC_3170	17	17	17	18	17
LOC_3171	19	19	19	19	19
LOC_3172	18	19	19	18	18
LOC_3173	21	21	22	22	22
LOC_3174	16	16	17	15	17
LOC_3175	17	16	18	17	16
LOC_3176	18	19	18	18	18
LOC_3177	26	27	25	25	27
LOC_3178	22	22	22	21	21
LOC_3179	14	14	14	14	14
LOC_3180	17	17	17	17	17
LOC_3181	17	17	18	18	17
LOC_3182	17	17	17	17	17
LOC_3183	20	19	20	20	19
LOC_3184	18	18	17	17	17
LOC_3185	17	17	16	17	17
LOC_3186	19	19	17	17	17
LOC_3187	20	22	23	20	20
LOC_3188	18	18	16	16	16
LOC_3189	22	22	22	22	22
LOC_3190	14	14	16	14	14
LOC_3191	20	20	17	17	17
LOC_3192	19	20	21	21	21
LOC_3193	22	22	22	22	22
LOC_3194	19	17	18	18	19
LOC_3195	17	18	16	16	17
LOC_3196	24	24	26	26	25
LOC_3197	18	17	17	18	17
LOC_3198	14	14	13	14	14
LOC_3199	20	19	20	19	19
LOC_3200	23	20	24	24	23
LOC_3201	18	16	18	18	18
LOC_3202	20	20	20	21	20
LOC_3203	17	17	17	17	17
LOC_3204	22	25	21	21	21
LOC_3205	18	18	20	20	17
LOC_3206	23	24	22	22	23
LOC_3207	17	17	16	17	17
LOC_3208	18	17	18	17	17
LOC_3209	22	20	22	22	22
LOC_3210	16	16	17	17	17
LOC_3211	19	17	17	17	17
LOC_3212	17	16	17	17	17
LOC_3213	14	14	16	15	15
LOC_3214	27	27	30	28	28
LOC_3215	15	15	15	15	15
LOC_3216	17	17	17	16	17
LOC_3217	34	34	34	33	31
LOC_3218	18	18	18	17	17
LOC_3219	23	24	25	23	24
LOC_3220	16	18	17	17	17
LOC_3221	11	11	11	11	11
LOC_3222	22	22	23	22	22
LOC_3223	18	19	19	19	19
LOC_3224	16	16	15	15	15
LOC_3225	7	7	7	7	7
LOC_3226	14	14	17	17	17
LOC_3227	21	21	21	18	21
LOC_3228	21	20	19	19	19
LOC_3229	13	13	13	14	13
LOC_3230	16	17	17	17	17
LOC_3231	13	14	14	14	14
LOC_3232	19	19	19	19	19
LOC_3233	22	21	21	22	21
LOC_3234	17	17	16	16	17
LOC_3235	17	16	19	17	17
LOC_3236	24	24	25	26	23
LOC_3237	17	17	17	17	17
LOC_3238	18	18	17	17	17
LOC_3239	17	17	17	17	17
LOC_3240	20	17	17	16	17
LOC_3241	20	21	21	20	20
LOC_3242	21	22	24	22	21
LOC_3243	17	21	21	21	21
LOC_3244	17	17	18	18	17
LOC_3245	17	19	17	18	17
LOC_3246	17	17	17	17	17
LOC_3247	20	20	21	20	20
LOC_3248	17	17	17	17	17
LOC_3249	17	16	17	17	17
LOC_3250	16	16	16	16	16
LOC_3251	17	17	18	18	17
LOC_3252	16	17	17	18	17
LOC_3253	11	11	11	11	11
LOC_3254	19	19	21	21	19
LOC_3255	16	17	16	16	16
LOC_3256	14	15	15	15	15
LOC_3257	17	17	17	17	17
LOC_3258	17	17	17	17	17
LOC_3259	15	16	15	15	16
LOC_3260	17	17	17	17	17
LOC_3261	15	15	15	15	15
LOC_3262	17	17	17	17	17
LOC_3263	19	17	17	17	16
LOC_3264	16	16	16	16	16
LOC_3265	21	22	22	22	22
LOC_3266	18	18	16	16	16
LOC_3267	19	17	17	17	17
LOC_3268	16	16	16	16	16
LOC_3269	18	17	17	17	17
LOC_3270	17	15	16	17	16
LOC_3271	16	16	14	16	16
LOC_3272	18	18	18	22	18
LOC_3273	18	18	17	17	17
LOC_3274	14	15	15	20	15
LOC_3275	21	21	16	17	17
LOC_3276	16	15	15	15	15
LOC_3277	16	16	15	17	17
LOC_3278	16	16	16	16	16
LOC_3279	18	18	19	19	17
LOC_3280	17	16	17	17	17
LOC_3281	19	19	23	24	19
LOC_3282	18	18	18	19	18
LOC_3283	16	16	18	16	16
LOC_3284	20	20	17	19	19
LOC_3285	23	22	22	21	21
LOC_3286	16	16	17	17	16
LOC_3287	18	17	17	17	17
LOC_3288	27	25	29	28	24
LOC_3289	18	18	18	18	18
LOC_3290	15	16	16	17	16
LOC_3291	16	16	15	16	16
LOC_3292	23	23	24	25	23
LOC_3293	16	16	16	16	16
LOC_3294	26	24	24	24	24
LOC_3295	7	7	11	10	10
LOC_3296	16	16	16	16	16
LOC_3297	16	16	20	17	16
LOC_3298	18	18	17	17	17
LOC_3299	23	23	23	22	23
LOC_3300	17	17	16	16	16
LOC_3301	16	19	15	16	16
LOC_3302	14	14	14	14	14
LOC_3303	16	16	17	16	16
LOC_3304	16	16	16	16	16
LOC_3305	19	19	21	19	19
LOC_3306	16	15	16	16	16
LOC_3307	8	8	7	7	7
LOC_3308	16	16	15	16	16
LOC_3309	14	14	14	14	14
LOC_3310	16	16	17	17	16
LOC_3311	16	16	16	16	16
LOC_3312	18	18	18	18	18
LOC_3313	21	22	24	23	21
LOC_3314	18	18	18	18	18
LOC_3315	22	22	22	23	22
LOC_3316	10	8	8	8	8
LOC_3317	25	23	22	23	23
LOC_3318	17	16	16	16	16
LOC_3319	21	21	21	21	21
LOC_3320	22	20	20	21	20
LOC_3321	16	16	16	16	16
LOC_3322	16	16	16	16	16
LOC_3323	15	15	15	15	15
LOC_3324	23	26	22	23	23
LOC_3325	13	13	13	13	13
LOC_3326	17	17	17	17	17
LOC_3327	15	15	15	15	15
LOC_3328	24	23	22	22	23
LOC_3329	15	16	15	15	15
LOC_3330	16	16	16	16	16
LOC_3331	16	16	16	16	16
LOC_3332	30	28	26	28	28
LOC_3333	15	15	15	15	15
LOC_3334	19	19	18	19	18
LOC_3335	14	14	13	13	14
LOC_3336	17	17	16	16	16
LOC_3337	18	18	20	19	19
LOC_3338	15	16	16	16	16
LOC_3339	17	17	18	18	18
LOC_3340	19	17	18	18	18
LOC_3341	19	19	19	19	19
LOC_3342	16	16	16	16	16
LOC_3343	16	16	16	16	16
LOC_3344	16	16	16	16	16
LOC_3345	21	22	22	22	22
LOC_3346	24	24	17	19	23
LOC_3347	16	16	16	16	16
LOC_3348	20	20	19	19	19
LOC_3349	18	17	17	20	18
LOC_3350	23	21	23	22	22
LOC_3351	18	18	18	17	18
LOC_3352	25	22	22	22	22
LOC_3353	23	23	22	22	23
LOC_3354	18	18	19	19	19
LOC_3355	28	30	27	27	28
LOC_3356	16	19	18	16	16
LOC_3357	18	18	16	17	16
LOC_3358	16	16	16	15	16
LOC_3359	16	14	16	16	16
LOC_3360	15	15	15	16	16
LOC_3361	18	18	19	19	18
LOC_3362	21	20	21	21	21
LOC_3363	24	25	23	23	23
LOC_3364	21	22	22	20	22
LOC_3365	22	22	27	26	26
LOC_3366	14	14	14	14	14
LOC_3367	16	16	16	16	16
LOC_3368	16	16	16	16	16
LOC_3369	16	18	16	16	16
LOC_3370	16	16	17	17	16
LOC_3371	20	20	20	20	20
LOC_3372	26	26	27	25	26
LOC_3373	23	23	20	22	22
LOC_3374	17	17	18	18	17
LOC_3375	16	16	18	18	16
LOC_3376	20	19	20	20	20
LOC_3377	16	16	16	16	16
LOC_3378	18	18	18	18	18
LOC_3379	16	15	17	19	16
LOC_3380	21	21	20	22	21
LOC_3381	16	16	16	16	16
LOC_3382	18	17	14	14	16
LOC_3383	15	15	15	18	15
LOC_3384	17	17	17	17	17
LOC_3385	24	23	23	23	24
LOC_3386	16	16	14	13	16
LOC_3387	23	20	21	20	20
LOC_3388	19	19	20	17	19
LOC_3389	9	9	9	8	9
LOC_3390	15	14	16	16	16
LOC_3391	23	23	24	26	24
LOC_3392	22	20	22	22	21
LOC_3393	14	15	14	14	14
LOC_3394	18	19	18	17	17
LOC_3395	20	21	21	20	21
LOC_3396	17	18	19	19	18
LOC_3397	20	20	18	18	18
LOC_3398	16	16	16	16	16
LOC_3399	19	19	19	18	19
LOC_3400	25	26	24	25	24
LOC_3401	22	22	22	23	23
LOC_3402	19	19	19	19	19
LOC_3403	16	17	17	17	17
LOC_3404	16	16	18	18	16
LOC_3405	15	16	16	16	16
LOC_3406	14	15	16	17	14
LOC_3407	19	19	19	19	19
LOC_3408	25	26	24	25	28
LOC_3409	25	25	24	25	25
LOC_3410	21	21	23	23	23
LOC_3411	24	25	22	23	23
LOC_3412	16	16	16	14	16
LOC_3413	17	18	17	18	17
LOC_3414	15	15	16	16	15
LOC_3415	17	16	14	14	16
LOC_3416	27	27	26	25	26
LOC_3417	23	25	26	27	24
LOC_3418	16	13	20	20	20
LOC_3419	26	26	26	26	27
LOC_3420	21	21	20	20	21
LOC_3421	16	16	16	16	16
LOC_3422	18	19	20	19	19
LOC_3423	16	19	19	20	19
LOC_3424	16	16	16	18	16
LOC_3425	21	20	19	19	19
LOC_3426	20	20	20	23	20
LOC_3427	14	14	14	14	14
LOC_3428	17	17	17	17	17
LOC_3429	14	14	14	14	14
LOC_3430	25	25	26	26	25
LOC_3431	14	14	18	18	14
LOC_3432	27	28	28	26	27
LOC_3433	22	24	21	21	21
LOC_3434	20	20	21	21	21
LOC_3435	16	16	18	18	16
LOC_3436	13	14	14	14	14
LOC_3437	16	16	16	16	16
LOC_3438	16	16	15	16	16
LOC_3439	15	15	15	15	15
LOC_3440	16	17	20	20	18
LOC_3441	24	25	25	24	24
LOC_3442	16	16	18	18	16
LOC_3443	19	18	19	19	20
LOC_3444	10	10	8	8	8
LOC_3445	19	19	19	19	19
LOC_3446	16	18	16	16	16
LOC_3447	26	22	20	22	22
LOC_3448	12	12	12	13	12
LOC_3449	16	16	16	16	16
LOC_3450	16	16	16	16	16
LOC_3451	22	21	22	22	22
LOC_3452	16	16	16	13	16
LOC_3453	16	16	16	16	16
LOC_3454	19	19	18	18	19
LOC_3455	15	15	16	16	16
LOC_3456	16	17	15	15	16
LOC_3457	15	16	16	15	15
LOC_3458	16	16	16	16	16
LOC_3459	15	15	16	18	16
LOC_3460	16	16	16	16	16
LOC_3461	16	16	16	16	16
LOC_3462	34	32	32	32	32
LOC_3463	15	15	15	15	15
LOC_3464	17	16	18	18	17
LOC_3465	13	13	13	14	13
LOC_3466	16	16	16	16	16
LOC_3467	16	16	16	15	16
LOC_3468	19	21	17	17	19
LOC_3469	19	19	19	19	19
LOC_3470	16	16	15	16	16
LOC_3471	26	25	26	24	26
LOC_3472	19	19	22	20	20
LOC_3473	16	16	16	16	16
LOC_3474	16	16	16	17	16
LOC_3475	14	15	16	16	16
LOC_3476	22	23	23	23	22
LOC_3477	18	18	18	18	18
LOC_3478	21	21	22	22	22
LOC_3479	16	16	16	16	16
LOC_3480	16	15	15	16	16
LOC_3481	25	25	29	28	25
LOC_3482	16	17	16	17	16
LOC_3483	15	15	16	16	16
LOC_3484	16	16	16	14	16
LOC_3485	16	16	17	16	16
LOC_3486	16	16	16	16	16
LOC_3487	15	16	16	20	16
LOC_3488	27	27	28	27	29
LOC_3489	16	16	16	16	16
LOC_3490	16	16	16	16	16
LOC_3491	15	15	15	15	15
LOC_3492	25	23	25	25	26
LOC_3493	16	16	16	16	16
LOC_3494	23	24	21	23	23
LOC_3495	19	16	16	16	16
LOC_3496	15	14	15	15	14
LOC_3497	16	16	17	17	16
LOC_3498	18	18	19	20	18
LOC_3499	19	15	15	17	15
LOC_3500	16	16	16	17	16
LOC_3501	19	19	17	18	18
LOC_3502	21	21	23	21	21
LOC_3503	16	16	16	16	16
LOC_3504	16	16	15	15	16
LOC_3505	16	16	16	16	16
LOC_3506	28	28	26	27	27
LOC_3507	16	16	16	16	16
LOC_3508	18	16	18	18	18
LOC_3509	16	16	16	16	16
LOC_3510	27	31	26	26	27
LOC_3511	16	16	15	15	16
LOC_3512	16	16	16	16	16
LOC_3513	16	16	17	19	16
LOC_3514	16	16	16	16	16
LOC_3515	22	21	21	21	21
LOC_3516	27	28	26	26	28
LOC_3517	16	16	16	16	16
LOC_3518	16	16	16	16	16
LOC_3519	16	16	16	17	16
LOC_3520	17	17	16	16	16
LOC_3521	21	21	21	24	21
LOC_3522	16	16	16	16	16
LOC_3523	21	21	20	19	21
LOC_3524	18	18	18	18	18
LOC_3525	23	22	24	25	23
LOC_3526	14	14	14	14	14
LOC_3527	21	23	24	22	24
LOC_3528	21	19	21	21	21
LOC_3529	22	21	24	21	21
LOC_3530	18	18	18	18	18
LOC_3531	21	20	16	15	16
LOC_3532	14	14	14	14	14
LOC_3533	15	15	16	16	15
LOC_3534	16	16	17	16	16
LOC_3535	17	16	16	16	16
LOC_3536	16	16	16	16	16
LOC_3537	17	17	16	16	16
LOC_3538	16	16	16	16	16
LOC_3539	13	14	16	16	16
LOC_3540	16	16	16	17	16
LOC_3541	17	16	16	15	16
LOC_3542	19	17	17	14	17
LOC_3543	16	16	16	15	16
LOC_3544	14	14	14	15	14
LOC_3545	17	18	17	17	17
LOC_3546	16	16	17	17	16
LOC_3547	13	13	14	14	14
LOC_3548	8	8	8	8	8
LOC_3549	14	14	14	14	14
LOC_3550	19	18	16	16	16
LOC_3551	29	26	28	29	27
LOC_3552	22	22	22	22	22
LOC_3553	18	18	20	18	18
LOC_3554	29	30	31	29	30
LOC_3555	15	16	16	16	16
LOC_3556	16	16	16	16	16
LOC_3557	25	25	27	25	25
LOC_3558	21	20	20	18	20
LOC_3559	20	20	18	18	20
LOC_3560	18	18	18	19	18
LOC_3561	25	27	26	28	26
LOC_3562	16	16	18	16	16
LOC_3563	18	16	17	16	16
LOC_3564	16	15	18	19	16
LOC_3565	16	17	16	16	16
LOC_3566	16	16	15	15	16
LOC_3567	16	15	16	16	16
LOC_3568	20	22	20	20	20
LOC_3569	28	27	26	27	27
LOC_3570	13	12	13	12	12
LOC_3571	16	16	16	16	16
LOC_3572	18	19	20	20	20
LOC_3573	29	27	22	25	26
LOC_3574	16	16	17	17	16
LOC_3575	16	16	17	16	16
LOC_3576	16	16	16	16	16
LOC_3577	16	16	16	16	16
LOC_3578	26	27	27	27	28
LOC_3579	14	14	14	14	14
LOC_3580	17	17	18	16	16
LOC_3581	26	25	24	25	26
LOC_3582	12	12	12	12	12
LOC_3583	9	10	7	7	7
LOC_3584	24	26	24	24	26
LOC_3585	16	16	18	18	17
LOC_3586	16	15	16	16	16
LOC_3587	24	26	25	28	27
LOC_3588	22	22	19	21	21
LOC_3589	17	17	17	17	17
LOC_3590	18	19	19	19	19
LOC_3591	14	14	14	14	14
LOC_3592	19	19	18	18	18
LOC_3593	16	16	16	16	16
LOC_3594	17	16	16	16	16
LOC_3595	17	17	17	17	17
LOC_3596	21	21	22	22	21
LOC_3597	21	21	20	19	20
LOC_3598	15	15	15	15	15
LOC_3599	21	21	18	21	20
LOC_3600	18	16	16	16	16
LOC_3601	20	16	18	19	19
LOC_3602	15	16	16	16	16
LOC_3603	21	20	21	21	21
LOC_3604	20	20	21	21	21
LOC_3605	22	23	23	24	23
LOC_3606	19	20	21	21	21
LOC_3607	15	15	15	16	15
LOC_3608	25	21	27	26	25
LOC_3609	14	14	14	14	14
LOC_3610	15	16	16	16	16
LOC_3611	16	16	20	19	16
LOC_3612	25	25	24	25	25
LOC_3613	22	23	24	22	22
LOC_3614	16	16	16	16	16
LOC_3615	17	19	17	16	17
LOC_3616	19	19	17	17	17
LOC_3617	21	18	20	23	20
LOC_3618	14	14	14	14	14
LOC_3619	18	18	18	18	18
LOC_3620	23	23	24	25	23
LOC_3621	16	17	17	16	16
LOC_3622	16	16	16	15	16
LOC_3623	15	15	15	15	15
LOC_3624	15	15	15	15	15
LOC_3625	20	22	19	20	20
LOC_3626	16	16	16	16	16
LOC_3627	16	16	16	16	16
LOC_3628	20	20	20	20	20
LOC_3629	20	20	20	20	20
LOC_3630	14	14	16	16	16
LOC_3631	20	20	20	20	20
LOC_3632	16	16	16	12	16
LOC_3633	13	13	15	15	15
LOC_3634	20	16	16	16	16
LOC_3635	18	19	20	20	20
LOC_3636	16	16	16	16	16
LOC_3637	15	15	15	15	15
LOC_3638	16	16	16	16	16
LOC_3639	27	28	24	25	25
LOC_3640	16	16	16	16	16
LOC_3641	9	9	9	9	9
LOC_3642	25	24	28	28	25
LOC_3643	16	16	16	17	16
LOC_3644	20	22	21	23	21
LOC_3645	16	16	16	16	16
LOC_3646	15	18	15	15	15
LOC_3647	23	22	21	20	21
LOC_3648	24	24	27	25	26
LOC_3649	16	15	17	17	16
LOC_3650	19	16	19	20	19
LOC_3651	17	17	16	15	16
LOC_3652	16	16	16	16	16
LOC_3653	29	28	27	29	27
LOC_3654	18	18	22	19	18
LOC_3655	25	23	24	23	23
LOC_3656	15	15	17	17	15
LOC_3657	19	20	19	19	20
LOC_3658	18	19	19	19	19
LOC_3659	15	15	14	15	15
LOC_3660	17	17	17	16	16
LOC_3661	16	16	17	21	17
LOC_3662	27	28	28	27	28
LOC_3663	17	16	16	16	16
LOC_3664	16	18	16	16	16
LOC_3665	16	15	15	15	15
LOC_3666	22	22	22	22	22
LOC_3667	15	15	15	16	15
LOC_3668	23	22	23	23	23
LOC_3669	21	22	22	21	22
LOC_3670	19	18	18	18	18
LOC_3671	15	15	15	15	15
LOC_3672	16	16	16	16	16
LOC_3673	17	18	21	18	18
LOC_3674	23	22	21	22	22
LOC_3675	14	15	15	15	15
LOC_3676	17	17	17	17	17
LOC_3677	14	14	14	14	14
LOC_3678	14	13	14	14	14
LOC_3679	15	15	16	16	15
LOC_3680	18	19	18	18	18
LOC_3681	19	20	20	20	21
LOC_3682	18	20	22	23	22
LOC_3683	24	24	23	24	24
LOC_3684	15	15	15	15	15
LOC_3685	15	15	15	15	15
LOC_3686	16	16	16	16	16
LOC_3687	15	14	16	15	15
LOC_3688	28	30	29	27	28
LOC_3689	21	20	22	22	22
LOC_3690	22	22	21	21	22
LOC_3691	16	16	15	15	15
LOC_3692	15	15	15	15	15
LOC_3693	15	15	15	17	15
LOC_3694	16	17	16	20	16
LOC_3695	15	15	15	15	15
LOC_3696	20	19	19	18	19
LOC_3697	11	11	11	11	11
LOC_3698	15	15	16	16	15
LOC_3699	15	15	15	15	15
LOC_3700	15	15	15	15	15
LOC_3701	17	17	17	17	17
LOC_3702	21	23	24	24	24
LOC_3703	25	25	25	24	24
LOC_3704	21	21	21	21	21
LOC_3705	16	16	15	15	15
LOC_3706	18	18	18	19	18
LOC_3707	16	15	15	15	15
LOC_3708	28	28	27	29	29
LOC_3709	19	19	18	18	19
LOC_3710	16	16	16	17	16
LOC_3711	16	16	16	16	16
LOC_3712	18	18	18	18	18
LOC_3713	25	26	26	27	26
LOC_3714	14	14	14	14	14
LOC_3715	14	14	14	14	14
LOC_3716	15	14	16	15	15
LOC_3717	14	14	15	15	15
LOC_3718	12	15	15	15	15
LOC_3719	15	15	15	15	15
LOC_3720	25	23	24	26	24
LOC_3721	24	24	22	21	24
LOC_3722	19	19	19	19	19
LOC_3723	24	24	25	25	25
LOC_3724	15	15	15	15	15
LOC_3725	16	16	15	15	15
LOC_3726	19	22	19	19	19
LOC_3727	15	15	13	15	15
LOC_3728	29	28	30	29	27
LOC_3729	15	15	15	15	15
LOC_3730	16	15	15	15	15
LOC_3731	14	14	15	14	14
LOC_3732	12	15	15	15	15
LOC_3733	26	25	23	23	24
LOC_3734	20	21	21	21	21
LOC_3735	17	17	19	19	17
LOC_3736	15	15	15	16	15
LOC_3737	24	25	25	24	24
LOC_3738	15	15	15	15	15
LOC_3739	15	15	18	18	15
LOC_3740	15	15	14	12	15
LOC_3741	17	17	17	18	17
LOC_3742	16	18	16	16	16
LOC_3743	18	18	18	18	18
LOC_3744	16	16	14	15	15
LOC_3745	16	15	17	17	17
LOC_3746	15	15	15	15	15
LOC_3747	15	15	15	15	15
LOC_3748	24	22	24	26	24
LOC_3749	14	15	14	14	14
LOC_3750	15	15	15	15	15
LOC_3751	15	15	15	15	15
LOC_3752	15	15	17	15	15
LOC_3753	21	20	21	19	21
LOC_3754	17	17	17	17	17
LOC_3755	27	27	29	28	27
LOC_3756	27	26	26	28	26
LOC_3757	14	14	16	15	14
LOC_3758	15	15	16	16	15
LOC_3759	15	15	16	15	15
LOC_3760	15	15	15	15	15
LOC_3761	15	15	15	15	15
LOC_3762	15	15	17	15	15
LOC_3763	25	23	25	24	25
LOC_3764	15	15	15	15	15
LOC_3765	15	15	15	16	15
LOC_3766	13	15	19	15	15
LOC_3767	20	20	20	19	20
LOC_3768	21	21	22	21	21
LOC_3769	15	15	15	15	15
LOC_3770	16	15	15	14	15
LOC_3771	14	14	14	14	14
LOC_3772	12	12	11	11	11
LOC_3773	15	15	17	15	15
LOC_3774	20	22	23	22	23
LOC_3775	25	24	25	26	25
LOC_3776	16	16	15	15	15
LOC_3777	18	17	18	18	18
LOC_3778	29	29	29	25	27
LOC_3779	21	19	21	21	21
LOC_3780	19	19	20	19	20
LOC_3781	24	23	24	23	24
LOC_3782	23	24	21	23	21
LOC_3783	27	27	29	28	29
LOC_3784	25	26	24	23	24
LOC_3785	13	13	13	13	13
LOC_3786	15	16	15	15	15
LOC_3787	16	16	16	16	16
LOC_3788	14	14	14	14	14
LOC_3789	24	23	22	22	22
LOC_3790	19	19	20	20	19
LOC_3791	15	15	10	15	15
LOC_3792	15	15	15	15	15
LOC_3793	15	15	15	15	15
LOC_3794	17	18	18	18	17
LOC_3795	19	19	19	18	19
LOC_3796	21	22	21	21	21
LOC_3797	16	16	15	16	15
LOC_3798	16	16	17	19	16
LOC_3799	18	20	20	20	20
LOC_3800	14	16	20	17	18
LOC_3801	15	15	16	15	15
LOC_3802	17	16	15	16	15
LOC_3803	19	20	20	19	20
LOC_3804	23	23	20	19	22
LOC_3805	13	13	12	12	12
LOC_3806	15	15	15	15	15
LOC_3807	16	16	14	14	16
LOC_3808	15	15	15	15	15
LOC_3809	21	21	21	22	21
LOC_3810	21	23	23	23	23
LOC_3811	16	16	16	16	16
LOC_3812	16	17	14	14	15
LOC_3813	15	15	15	15	15
LOC_3814	15	14	14	15	14
LOC_3815	24	25	25	26	24
LOC_3816	22	22	29	26	22
LOC_3817	15	15	15	15	15
LOC_3818	15	15	15	16	15
LOC_3819	15	15	15	15	15
LOC_3820	22	21	21	21	21
LOC_3821	15	15	15	15	15
LOC_3822	17	17	17	18	18
LOC_3823	14	13	15	15	15
LOC_3824	15	15	15	15	15
LOC_3825	15	15	15	15	15
LOC_3826	19	19	19	19	19
LOC_3827	19	18	18	18	18
LOC_3828	19	19	20	22	19
LOC_3829	21	18	18	18	19
LOC_3830	21	21	21	21	21
LOC_3831	20	20	20	21	20
LOC_3832	19	19	20	19	19
LOC_3833	17	16	13	16	16
LOC_3834	17	17	17	17	17
LOC_3835	15	15	15	15	15
LOC_3836	19	19	19	19	19
LOC_3837	15	15	15	15	15
LOC_3838	24	26	29	31	30
LOC_3839	14	15	15	15	15
LOC_3840	15	15	16	15	15
LOC_3841	24	26	25	27	25
LOC_3842	13	13	16	15	15
LOC_3843	16	15	16	16	16
LOC_3844	19	20	20	20	21
LOC_3845	14	13	14	14	14
LOC_3846	22	20	20	20	20
LOC_3847	15	15	13	13	15
LOC_3848	23	23	23	23	23
LOC_3849	15	15	15	15	15
LOC_3850	19	18	18	18	19
LOC_3851	15	15	15	15	15
LOC_3852	12	13	12	12	12
LOC_3853	15	15	15	15	15
LOC_3854	14	14	14	14	14
LOC_3855	23	23	23	23	23
LOC_3856	15	16	15	15	15
LOC_3857	20	21	21	22	21
LOC_3858	19	19	19	19	19
LOC_3859	18	16	16	16	16
LOC_3860	17	16	15	15	15
LOC_3861	15	16	15	15	15
LOC_3862	14	14	15	13	15
LOC_3863	23	22	23	24	23
LOC_3864	20	20	21	21	20
LOC_3865	26	28	28	28	27
LOC_3866	25	25	25	25	25
LOC_3867	15	15	16	16	15
LOC_3868	15	15	15	15	15
LOC_3869	17	18	17	18	17
LOC_3870	11	11	11	11	11
LOC_3871	15	16	15	15	15
LOC_3872	23	23	23	22	23
LOC_3873	27	28	28	27	28
LOC_3874	15	15	14	15	15
LOC_3875	15	15	16	15	15
LOC_3876	16	17	15	15	15
LOC_3877	15	14	14	14	14
LOC_3878	22	22	20	20	22
LOC_3879	26	24	23	24	24
LOC_3880	14	14	14	15	14
LOC_3881	24	24	23	23	23
LOC_3882	15	15	15	15	15
LOC_3883	15	15	15	15	15
LOC_3884	22	22	24	23	22
LOC_3885	24	25	25	24	24
LOC_3886	15	15	15	15	15
LOC_3887	15	15	15	15	15
LOC_3888	17	17	17	17	18
LOC_3889	33	31	29	30	33
LOC_3890	16	16	15	15	15
LOC_3891	18	15	14	14	15
LOC_3892	15	15	15	15	15
LOC_3893	21	19	19	19	19
LOC_3894	25	25	24	24	25
LOC_3895	18	18	18	18	18
LOC_3896	23	24	23	25	23
LOC_3897	16	17	16	16	16
LOC_3898	19	18	19	19	19
LOC_3899	15	15	15	15	15
LOC_3900	24	24	24	26	24
LOC_3901	14	15	17	14	14
LOC_3902	15	15	16	16	15
LOC_3903	16	16	15	15	15
LOC_3904	15	15	15	15	15
LOC_3905	31	28	29	30	28
LOC_3906	15	15	15	15	15
LOC_3907	16	16	16	16	16
LOC_3908	19	19	20	18	19
LOC_3909	16	16	15	15	15
LOC_3910	16	16	19	16	16
LOC_3911	16	17	16	16	16
LOC_3912	18	18	18	20	18
LOC_3913	17	17	18	17	17
LOC_3914	14	14	16	15	14
LOC_3915	15	15	15	15	15
LOC_3916	15	15	15	15	15
LOC_3917	24	24	24	24	24
LOC_3918	21	20	23	22	21
LOC_3919	22	22	23	23	22
LOC_3920	24	24	26	24	24
LOC_3921	21	21	20	21	21
LOC_3922	15	15	17	16	15
LOC_3923	17	17	14	14	17
LOC_3924	18	18	18	18	18
LOC_3925	17	16	17	17	17
LOC_3926	17	17	17	18	17
LOC_3927	15	15	16	16	15
LOC_3928	15	15	15	15	15
LOC_3929	16	16	16	16	16
LOC_3930	15	16	15	15	15
LOC_3931	24	22	21	21	21
LOC_3932	23	21	20	20	20
LOC_3933	25	26	26	27	27
LOC_3934	23	23	23	23	23
LOC_3935	30	30	31	29	29
LOC_3936	16	16	16	16	16
LOC_3937	17	17	17	17	17
LOC_3938	25	25	24	25	25
LOC_3939	17	17	17	17	17
LOC_3940	15	15	15	14	15
LOC_3941	14	14	15	15	14
LOC_3942	15	15	15	15	15
LOC_3943	15	15	15	15	15
LOC_3944	25	25	25	24	25
LOC_3945	20	20	23	21	23
LOC_3946	23	21	22	20	22
LOC_3947	16	16	16	16	16
LOC_3948	17	17	18	18	18
LOC_3949	25	24	24	25	24
LOC_3950	22	23	22	22	22
LOC_3951	15	15	15	15	15
LOC_3952	17	18	19	19	18
LOC_3953	16	15	15	15	15
LOC_3954	16	16	16	15	15
LOC_3955	15	16	15	15	15
LOC_3956	23	23	24	23	23
LOC_3957	21	22	21	21	21
LOC_3958	22	23	23	23	23
LOC_3959	17	17	15	16	17
LOC_3960	15	15	15	14	15
LOC_3961	18	17	19	17	17
LOC_3962	15	15	15	15	15
LOC_3963	15	15	18	15	15
LOC_3964	19	19	19	19	19
LOC_3965	21	21	25	22	23
LOC_3966	15	15	15	15	15
LOC_3967	19	19	20	19	19
LOC_3968	15	15	15	15	15
LOC_3969	17	17	15	15	15
LOC_3970	18	17	18	18	17
LOC_3971	27	27	25	26	27
LOC_3972	15	15	15	15	15
LOC_3973	18	16	20	18	18
LOC_3974	19	19	19	18	20
LOC_3975	15	15	17	17	15
LOC_3976	15	16	15	16	15
LOC_3977	15	15	14	14	15
LOC_3978	15	15	15	15	15
LOC_3979	21	21	21	21	21
LOC_3980	17	17	18	17	17
LOC_3981	15	15	15	15	15
LOC_3982	20	20	23	20	20
LOC_3983	21	20	22	22	21
LOC_3984	15	16	15	15	15
LOC_3985	15	15	17	15	15
LOC_3986	27	27	29	26	26
LOC_3987	13	15	15	15	15
LOC_3988	15	13	15	16	15
LOC_3989	30	31	28	32	28
LOC_3990	15	15	15	15	15
LOC_3991	18	17	17	18	17
LOC_3992	33	31	31	33	31
LOC_3993	19	19	22	19	19
LOC_3994	15	16	15	18	15
LOC_3995	17	15	15	12	15
LOC_3996	15	15	14	12	15
LOC_3997	15	16	15	15	15
LOC_3998	14	14	14	14	14
LOC_3999	15	15	15	15	15
LOC_4000	22	24	25	25	24
LOC_4001	14	15	15	15	15
LOC_4002	15	15	15	15	15
LOC_4003	20	20	21	21	20
LOC_4004	18	19	17	19	17
LOC_4005	14	14	14	14	14
LOC_4006	16	15	15	15	15
LOC_4007	19	19	20	21	19
LOC_4008	16	16	16	15	15
LOC_4009	19	20	20	19	20
LOC_4010	14	15	15	15	15
LOC_4011	12	12	12	12	12
LOC_4012	15	15	15	15	15
LOC_4013	26	24	25	23	25
LOC_4014	15	15	17	17	15
LOC_4015	12	12	12	12	12
LOC_4016	15	15	14	15	15
LOC_4017	21	20	19	18	20
LOC_4018	16	16	15	15	15
LOC_4019	20	22	23	24	22
LOC_4020	15	15	15	15	15
LOC_4021	20	19	21	23	20
LOC_4022	20	20	23	19	20
LOC_4023	20	18	18	17	18
LOC_4024	14	14	14	14	14
LOC_4025	26	28	26	27	26
LOC_4026	19	19	18	19	19
LOC_4027	15	15	15	16	15
LOC_4028	24	24	24	25	24
LOC_4029	18	18	18	18	18
LOC_4030	17	17	16	18	17
LOC_4031	18	19	20	21	20
LOC_4032	16	16	16	16	16
LOC_4033	17	17	15	15	15
LOC_4034	23	24	21	21	23
LOC_4035	15	15	15	15	15
LOC_4036	16	16	17	17	16
LOC_4037	19	19	18	18	18
LOC_4038	19	19	18	19	19
LOC_4039	16	16	16	16	16
LOC_4040	27	27	27	27	27
LOC_4041	24	24	27	25	23
LOC_4042	19	19	20	21	20
LOC_4043	15	14	15	15	15
LOC_4044	13	13	15	15	15
LOC_4045	26	27	25	26	24
LOC_4046	22	22	22	22	22
LOC_4047	15	15	15	15	15
LOC_4048	16	16	16	16	16
LOC_4049	16	15	15	15	15
LOC_4050	15	15	15	15	15
LOC_4051	23	22	22	22	22
LOC_4052	17	17	17	17	17
LOC_4053	16	15	15	15	15
LOC_4054	14	14	14	14	14
LOC_4055	24	25	27	26	26
LOC_4056	21	21	20	21	21
LOC_4057	21	21	18	18	21
LOC_4058	20	17	19	19	19
LOC_4059	15	15	15	15	15
LOC_4060	15	15	15	15	15
LOC_4061	21	22	22	22	22
LOC_4062	18	19	21	21	19
LOC_4063	22	21	22	22	22
LOC_4064	20	20	23	20	20
LOC_4065	21	19	20	20	20
LOC_4066	15	14	16	15	14
LOC_4067	14	14	14	14	14
LOC_4068	23	21	21	21	21
LOC_4069	16	16	15	16	16
LOC_4070	15	15	15	15	15
LOC_4071	14	14	14	14	14
LOC_4072	14	14	15	13	14
LOC_4073	14	16	14	14	14
LOC_4074	17	17	17	17	17
LOC_4075	13	14	14	14	14
LOC_4076	21	18	18	18	18
LOC_4077	23	23	23	23	23
LOC_4078	14	14	14	14	14
LOC_4079	14	14	14	14	14
LOC_4080	24	22	23	23	23
LOC_4081	23	23	22	23	22
LOC_4082	14	14	14	14	14
LOC_4083	17	17	19	18	17
LOC_4084	15	15	14	14	14
LOC_4085	14	14	15	14	14
LOC_4086	19	19	19	18	18
LOC_4087	26	24	26	25	26
LOC_4088	14	14	13	13	14
LOC_4089	19	20	19	19	19
LOC_4090	16	16	16	15	15
LOC_4091	14	14	14	14	14
LOC_4092	9	9	9	9	9
LOC_4093	17	17	16	16	16
LOC_4094	20	20	20	20	20
LOC_4095	32	29	29	27	28
LOC_4096	14	14	15	15	14
