names	Run1_C_6	Run1_C_9	Run1_C_16	Run1_C_18	Run1_C_19	Run1_C_20	Run1_C_21	Run1_C_22	Run1_C_23	Run1_C_24	Run1_C_25	Run1_C_26	Run1_C_27	Run1_C_28	Run1_C_29	root
LOC_1	19	18	19	19	19	19	18	18	17	17	18	19	19	18	18	19
LOC_2	21	21	21	22	23	21	21	21	21	23	24	22	22	21	21	20
LOC_3	7	8	7	7	7	6	7	7	7	7	7	7	7	9	7	7
LOC_4	7	7	8	7	7	7	7	7	7	7	7	7	7	8	8	7
LOC_5	7	7	7	8	7	7	7	7	7	7	7	7	7	7	7	7
LOC_6	14	17	16	16	16	17	17	17	17	15	16	16	16	16	16	16
LOC_7	12	13	13	14	14	14	14	14	14	14	13	14	14	13	13	13
LOC_8	22	22	23	22	21	21	21	22	22	23	23	23	22	24	24	22
LOC_9	15	15	15	15	15	16	16	15	15	16	15	15	15	15	15	15
LOC_10	17	17	17	16	16	17	16	19	17	16	16	16	15	17	17	17
LOC_11	23	25	26	25	26	26	26	26	28	23	23	24	24	24	24	23
LOC_12	17	18	17	17	17	17	17	19	19	17	18	17	17	17	17	17
LOC_13	17	17	16	20	17	17	17	17	17	17	17	19	19	16	16	17
LOC_14	18	18	18	15	17	17	17	18	18	17	17	19	19	21	18	18
LOC_15	26	27	25	24	26	29	29	26	27	30	26	27	26	27	29	27
LOC_16	14	14	14	14	14	13	13	13	13	14	14	14	14	14	14	14
LOC_17	15	15	16	13	12	14	14	15	13	15	15	13	13	16	16	15
LOC_18	23	25	23	22	22	23	24	24	25	23	23	23	23	25	25	23
LOC_19	23	21	22	20	19	22	22	22	22	24	23	22	22	24	23	22
LOC_20	17	16	16	15	15	16	16	16	16	16	16	14	15	16	16	15
LOC_21	13	14	13	13	13	13	13	13	13	15	15	13	12	13	12	13
LOC_22	21	19	20	22	21	18	18	21	21	20	20	21	23	23	21	21
LOC_23	15	15	15	16	16	16	16	16	16	17	16	17	16	15	15	16
LOC_24	24	24	24	21	21	27	26	25	25	22	21	24	21	24	23	23
LOC_25	22	22	20	22	22	22	23	23	22	21	23	22	22	22	22	22
LOC_26	15	15	17	15	15	14	14	17	17	15	15	15	15	17	17	15
LOC_27	18	17	17	17	17	18	18	19	17	17	17	18	17	17	17	17
LOC_28	22	22	18	20	22	23	24	21	21	22	23	24	23	21	22	21
LOC_29	24	27	24	26	27	27	26	24	23	23	26	26	26	25	25	25
LOC_30	19	19	18	19	19	20	19	19	20	19	19	19	19	19	19	19
LOC_31	29	27	29	25	25	27	26	28	29	25	27	27	26	28	28	26
LOC_32	19	20	20	21	21	20	20	20	21	20	20	21	23	19	20	20
LOC_33	15	15	15	15	15	16	16	16	18	15	15	18	17	15	15	15
LOC_34	14	12	16	15	15	13	15	15	16	15	15	15	15	14	14	14
LOC_35	21	19	19	17	19	19	19	19	19	19	19	19	23	19	19	19
LOC_36	19	21	21	24	24	21	21	21	22	20	21	23	22	19	20	20
LOC_37	21	20	23	20	20	20	19	20	21	20	20	20	20	23	23	21
LOC_38	12	12	13	17	17	12	12	13	13	17	18	18	16	13	13	16
LOC_39	20	21	21	21	22	22	21	21	21	21	19	22	22	20	21	20
LOC_40	14	14	14	15	15	14	14	14	14	14	14	15	15	14	14	14
LOC_41	21	23	20	24	23	23	23	22	22	23	23	24	23	20	20	21
LOC_42	21	21	21	21	20	21	21	22	20	21	21	19	20	24	23	21
LOC_43	20	18	17	18	18	18	18	18	18	18	18	18	18	18	18	18
LOC_44	18	18	18	16	16	16	17	16	16	18	18	18	18	18	18	18
LOC_45	16	16	18	16	18	16	16	15	15	19	18	19	18	18	18	18
LOC_46	21	20	21	20	20	22	23	21	21	21	20	21	22	20	20	20
LOC_47	12	13	14	15	15	13	13	13	13	15	15	14	16	14	14	15
LOC_48	17	17	17	19	18	17	17	17	17	17	17	18	17	20	17	17
LOC_49	17	16	17	17	17	20	17	16	16	15	15	18	18	17	18	15
LOC_50	16	16	17	16	16	17	16	19	17	17	16	17	16	18	18	16
LOC_51	20	22	20	24	23	21	21	22	21	21	21	21	21	20	20	20
LOC_52	19	18	19	21	22	20	21	19	19	21	22	20	20	19	16	19
LOC_53	23	25	22	22	22	23	23	22	22	22	20	22	21	23	22	23
LOC_54	19	20	21	21	21	20	20	18	20	22	21	19	20	22	22	20
LOC_55	19	19	20	19	20	19	20	19	18	19	19	20	20	21	20	20
LOC_56	19	19	18	19	19	19	20	18	19	19	19	19	19	19	19	19
LOC_57	23	23	23	24	23	24	25	23	20	21	22	22	22	22	23	23
LOC_58	20	21	22	21	23	21	21	21	21	19	21	21	21	23	21	21
LOC_59	9	9	9	9	9	9	9	11	11	10	10	9	9	9	9	9
LOC_60	21	21	21	22	22	19	19	19	17	21	22	23	22	20	21	20
LOC_61	24	24	24	24	24	23	23	23	21	25	24	24	25	23	24	24
LOC_62	15	15	18	16	17	15	15	15	15	18	18	17	17	18	18	18
LOC_63	17	19	17	17	16	18	18	18	18	16	16	16	14	17	17	17
LOC_64	17	17	17	16	16	17	17	17	17	17	17	17	17	16	18	17
LOC_65	18	18	17	18	18	18	18	18	17	17	17	19	18	17	17	17
LOC_66	19	19	20	23	22	19	19	19	19	22	22	21	21	21	20	21
LOC_67	25	23	22	21	22	21	22	22	22	21	21	22	22	21	22	22
LOC_68	16	15	15	16	16	15	15	15	15	17	17	16	16	15	15	16
LOC_69	21	21	21	20	20	21	18	20	20	19	19	21	22	21	21	21
LOC_70	24	25	21	22	22	24	22	24	21	23	23	22	23	23	24	23
LOC_71	17	18	17	16	16	15	17	18	17	17	17	16	16	18	18	16
LOC_72	21	20	20	15	15	19	19	20	20	20	20	20	20	20	20	20
LOC_73	18	18	18	19	18	21	21	18	18	16	19	19	19	18	18	19
LOC_74	24	23	22	21	21	23	23	23	24	21	22	22	22	23	24	22
LOC_75	24	26	24	22	22	25	25	26	26	22	21	20	22	24	24	23
LOC_76	20	21	20	23	22	21	20	20	20	22	22	23	22	21	18	21
LOC_77	14	14	14	15	14	14	15	13	13	14	14	14	15	15	15	14
LOC_78	22	23	21	22	22	24	22	23	22	23	23	21	22	22	22	22
LOC_79	15	16	15	12	12	16	17	16	16	15	15	12	12	15	15	15
LOC_80	26	27	26	23	24	26	28	24	23	26	24	25	25	25	25	24
LOC_81	17	17	17	16	17	18	17	17	17	17	17	17	17	17	17	16
LOC_82	20	21	20	21	20	20	20	20	21	21	21	23	23	21	22	20
LOC_83	17	18	18	18	18	18	18	19	18	18	18	18	20	18	17	18
LOC_84	16	16	13	16	16	16	16	17	16	15	14	15	15	11	11	16
LOC_85	21	21	21	21	21	20	21	21	21	21	22	21	21	20	20	21
LOC_86	16	16	17	16	16	16	14	16	16	16	16	16	16	16	16	16
LOC_87	21	21	20	19	19	22	22	20	20	17	18	18	19	18	18	20
LOC_88	21	22	24	21	21	22	23	18	20	21	21	24	22	24	23	22
LOC_89	25	28	25	26	26	28	29	27	27	26	27	25	25	24	24	26
LOC_90	20	20	20	20	20	20	20	21	20	20	20	20	20	20	19	20
LOC_91	16	15	16	16	15	16	16	16	16	17	15	16	16	16	16	17
LOC_92	20	21	19	21	19	20	19	23	22	20	20	20	20	21	20	19
LOC_93	13	13	13	12	12	13	13	13	13	12	12	12	12	14	14	12
LOC_94	15	15	15	15	14	18	16	12	16	16	16	17	17	15	15	15
LOC_95	13	13	13	15	15	13	13	11	13	13	13	15	15	13	13	13
LOC_96	20	20	20	20	20	20	20	21	20	22	22	22	26	20	20	20
LOC_97	23	22	19	20	19	24	22	23	23	21	25	20	20	20	20	20
LOC_98	17	17	17	17	17	18	19	15	15	15	15	17	17	17	17	15
LOC_99	18	17	17	16	17	17	18	17	17	17	17	17	16	17	18	16
LOC_100	14	14	17	14	14	14	12	14	14	14	14	14	14	16	17	14
LOC_101	20	21	20	20	20	21	21	20	17	21	20	20	23	20	20	21
LOC_102	18	20	18	22	23	20	20	20	19	22	22	21	21	18	17	19
LOC_103	14	14	14	14	14	14	14	15	14	14	13	14	14	14	14	14
LOC_104	22	22	23	21	21	21	21	22	20	20	22	21	21	21	20	21
LOC_105	13	14	13	16	16	15	14	14	14	16	16	16	17	13	13	16
LOC_106	27	28	26	25	23	27	26	28	28	29	28	25	25	27	27	28
LOC_107	16	15	15	15	15	15	15	15	15	14	16	15	15	15	15	15
LOC_108	24	21	22	24	25	23	25	23	24	24	24	24	24	25	26	23
LOC_109	14	14	14	13	13	13	14	14	14	14	14	14	14	14	14	14
LOC_110	16	16	16	17	16	16	16	16	16	16	13	17	16	16	16	16
LOC_111	18	15	15	15	15	14	14	14	16	15	14	16	15	15	16	15
LOC_112	22	23	20	21	21	20	23	22	22	21	21	21	21	21	19	21
LOC_113	14	14	14	13	13	14	14	16	14	14	14	14	14	14	14	14
LOC_114	18	17	18	17	17	15	17	17	17	17	16	20	20	18	18	17
LOC_115	15	16	14	14	14	15	15	14	15	14	14	14	15	14	14	14
LOC_116	16	16	16	14	14	16	16	16	16	14	14	16	16	16	16	14
LOC_117	19	20	19	18	18	19	18	19	19	18	18	21	21	19	19	19
LOC_118	16	16	16	16	16	17	17	17	17	15	15	16	16	16	16	16
LOC_119	23	23	22	23	23	23	23	24	23	23	22	21	22	23	22	23
LOC_120	18	18	20	20	19	21	18	19	18	22	19	19	19	19	20	18
LOC_121	22	22	21	18	18	23	23	22	21	18	18	19	20	21	21	18
LOC_122	19	19	19	20	20	19	18	19	19	19	19	20	20	18	19	19
LOC_123	25	25	24	23	23	25	26	24	24	24	24	24	20	24	24	24
LOC_124	20	22	22	22	22	23	23	21	22	22	23	26	22	23	23	22
LOC_125	30	28	27	27	29	26	26	26	25	28	27	29	28	26	25	27
LOC_126	13	13	14	14	14	13	13	13	13	15	16	14	15	14	14	14
LOC_127	21	21	22	21	21	25	24	20	20	22	22	23	22	22	22	22
LOC_128	20	20	21	19	20	19	21	20	20	19	19	20	20	20	20	20
LOC_129	19	19	19	17	17	19	19	19	19	19	19	19	18	19	19	19
LOC_130	24	24	24	25	24	25	25	24	24	26	25	26	26	25	25	24
LOC_131	13	15	15	15	15	17	16	16	16	16	16	15	15	15	15	15
LOC_132	22	23	21	18	20	22	22	21	21	20	20	19	19	20	20	21
LOC_133	22	22	24	22	21	25	25	23	23	21	21	21	21	24	23	22
LOC_134	22	23	22	23	23	25	22	22	23	22	23	26	25	21	22	23
LOC_135	16	14	13	14	14	15	15	14	14	14	14	14	14	13	13	14
LOC_136	15	16	15	15	15	15	16	16	16	15	15	12	13	15	15	15
LOC_137	24	27	26	23	22	28	28	27	29	23	24	21	25	26	25	24
LOC_138	21	23	21	16	18	25	24	21	23	19	19	19	19	21	20	21
LOC_139	17	17	18	17	17	17	17	17	17	17	17	17	17	17	18	17
LOC_140	17	17	16	18	18	17	17	16	16	17	18	18	18	17	17	17
LOC_141	15	15	15	15	15	16	16	16	16	15	15	15	15	15	16	15
LOC_142	28	31	25	26	25	29	26	28	30	28	29	24	27	25	25	27
LOC_143	21	17	20	20	20	20	20	19	19	19	21	21	21	21	23	21
LOC_144	16	14	16	16	16	16	14	14	14	16	16	16	16	16	16	16
LOC_145	22	22	20	20	20	22	23	25	24	20	20	20	20	20	20	20
LOC_146	20	21	20	21	21	20	21	23	21	19	19	21	21	20	20	20
LOC_147	18	21	20	19	19	21	21	19	21	21	21	18	19	23	21	21
LOC_148	15	14	14	15	15	14	14	14	14	15	15	17	17	14	15	14
LOC_149	18	18	18	20	17	16	16	16	16	18	17	18	18	17	17	18
LOC_150	15	15	15	15	14	15	15	15	17	15	15	14	16	15	15	15
LOC_151	16	16	16	16	17	16	16	16	16	16	16	15	16	16	16	16
LOC_152	20	22	20	21	20	22	21	21	21	22	21	20	20	20	20	20
LOC_153	20	19	20	22	21	20	19	19	19	21	21	21	20	20	20	20
LOC_154	18	18	17	18	17	18	18	18	18	18	18	18	18	17	17	18
LOC_155	20	20	21	22	22	21	21	20	18	21	21	22	21	21	21	21
LOC_156	17	17	17	18	18	16	17	17	15	20	22	18	19	20	18	17
LOC_157	18	18	19	17	16	18	18	18	18	17	17	17	17	21	21	17
LOC_158	21	22	22	22	22	23	24	25	24	22	22	22	22	22	23	22
LOC_159	15	15	15	15	15	15	15	15	15	15	15	15	14	15	15	15
LOC_160	19	19	22	22	22	19	19	19	19	20	21	22	22	22	20	19
LOC_161	20	23	21	20	21	26	26	24	24	21	23	21	24	21	21	21
LOC_162	20	20	20	20	20	20	20	18	18	21	21	19	20	21	19	20
LOC_163	18	18	17	20	18	18	18	16	18	17	17	18	18	17	19	18
LOC_164	20	19	21	20	19	20	20	20	20	20	21	21	20	22	22	20
LOC_165	14	15	15	16	16	15	15	15	15	15	15	16	16	16	15	15
LOC_166	17	16	17	17	17	17	17	18	17	18	18	17	17	17	17	17
LOC_167	17	16	18	16	16	15	15	15	15	16	16	16	16	17	17	16
LOC_168	32	29	26	26	26	30	30	29	26	26	27	27	27	28	25	28
LOC_169	23	22	22	26	24	23	22	22	22	24	25	25	24	24	23	23
LOC_170	19	20	18	19	19	20	20	18	18	19	19	19	19	18	18	19
LOC_171	22	22	24	22	23	21	20	22	22	23	23	23	23	23	24	23
LOC_172	23	23	23	22	22	25	24	25	27	22	22	22	23	27	25	22
LOC_173	14	14	15	16	16	14	14	14	14	16	17	16	16	15	15	16
LOC_174	23	23	23	22	18	23	23	23	23	22	20	21	20	24	23	22
LOC_175	24	27	26	27	26	25	26	27	27	26	26	25	25	28	29	27
LOC_176	14	14	14	14	14	16	14	14	14	15	14	15	13	15	16	14
LOC_177	24	26	26	24	24	24	25	24	24	24	27	24	22	25	25	24
LOC_178	23	22	22	26	25	21	20	21	19	23	23	24	25	24	22	23
LOC_179	25	25	25	22	22	28	25	26	25	22	24	22	24	24	25	23
LOC_180	21	21	22	22	22	21	21	21	21	21	21	22	24	21	23	22
LOC_181	18	17	18	19	19	16	16	17	16	19	21	19	19	17	17	18
LOC_182	23	23	25	23	23	23	23	23	23	21	22	23	23	23	23	23
LOC_183	25	24	26	24	26	23	22	24	24	24	26	28	28	22	19	25
LOC_184	16	16	16	17	17	16	15	16	16	19	17	17	17	17	17	16
LOC_185	21	21	20	24	23	20	20	21	20	19	19	25	25	20	20	20
LOC_186	16	16	16	16	16	16	16	16	16	16	16	16	16	15	16	16
LOC_187	22	24	23	24	22	23	23	22	24	21	21	21	21	22	22	21
LOC_188	24	25	27	25	26	26	25	22	23	23	26	25	25	27	26	25
LOC_189	14	12	15	12	12	13	15	16	15	12	11	13	13	15	15	14
LOC_190	19	20	19	23	23	20	20	20	19	22	23	22	23	19	20	22
LOC_191	16	16	16	18	18	17	17	16	16	16	17	17	17	16	16	17
LOC_192	22	21	23	16	16	20	20	20	20	20	22	16	18	21	21	21
LOC_193	13	13	15	13	13	14	14	13	13	15	15	15	15	15	15	15
LOC_194	17	18	19	19	19	17	17	17	17	18	18	21	21	19	19	18
LOC_195	19	19	18	16	16	20	20	20	20	16	16	16	16	19	19	18
LOC_196	24	24	23	24	23	24	24	25	25	26	25	24	24	26	23	22
LOC_197	21	21	21	21	21	21	21	20	20	21	21	19	24	21	20	21
LOC_198	27	28	29	27	28	26	26	26	25	28	28	29	29	32	32	27
LOC_199	14	14	15	15	15	15	14	14	13	12	14	16	15	14	14	14
LOC_200	19	19	22	20	23	19	19	20	19	24	23	23	24	20	20	23
LOC_201	24	24	24	20	21	25	22	24	24	19	20	23	23	23	23	24
LOC_202	18	15	18	16	16	16	16	16	16	16	16	16	16	18	18	17
LOC_203	18	18	19	18	18	18	18	17	17	18	18	19	18	18	19	18
LOC_204	21	17	18	21	21	20	20	20	20	18	18	18	18	18	18	18
LOC_205	14	14	14	13	14	16	14	14	14	15	15	11	11	14	14	14
LOC_206	20	19	21	20	20	19	20	19	20	21	20	20	20	21	21	20
LOC_207	16	16	17	14	14	16	16	16	16	14	15	14	14	18	15	14
LOC_208	13	12	13	14	14	12	12	12	12	14	14	14	14	13	13	14
LOC_209	17	17	16	16	17	17	17	17	17	16	16	17	17	17	16	17
LOC_210	22	22	20	23	22	23	25	22	22	19	22	24	23	20	21	22
LOC_211	24	25	26	25	25	26	25	27	26	24	26	26	24	27	27	24
LOC_212	25	26	25	23	23	24	24	25	25	24	23	23	21	25	26	24
LOC_213	19	21	19	19	19	21	21	19	21	19	19	19	19	19	19	19
LOC_214	16	16	18	17	17	17	17	19	18	17	17	17	17	18	18	17
LOC_215	16	14	15	16	16	15	15	15	15	16	16	16	16	15	15	16
LOC_216	20	20	18	20	20	20	20	20	20	21	20	19	19	18	18	20
LOC_217	25	25	23	26	28	27	24	24	25	25	24	27	25	24	25	25
LOC_218	17	17	16	19	18	17	17	17	17	19	19	19	19	17	18	17
LOC_219	15	15	15	15	15	15	15	15	15	14	14	15	15	15	15	15
LOC_220	18	18	18	18	18	18	19	19	19	18	18	18	16	19	19	18
LOC_221	23	24	23	24	26	22	22	23	22	23	21	24	24	21	23	24
LOC_222	26	25	30	24	25	28	30	26	26	27	25	27	28	27	29	28
LOC_223	14	14	14	14	14	16	14	14	14	13	14	14	15	15	15	14
LOC_224	17	20	16	16	16	15	17	17	17	16	16	16	15	16	16	16
LOC_225	21	21	21	18	18	22	22	20	21	22	19	18	18	22	22	21
LOC_226	11	14	16	17	17	14	14	13	13	17	17	17	17	16	16	16
LOC_227	8	8	8	7	7	8	8	8	8	7	7	7	7	8	8	7
LOC_228	15	15	16	16	16	15	15	16	15	16	16	16	16	16	16	16
LOC_229	18	20	17	18	20	19	19	18	20	17	19	18	18	18	18	17
LOC_230	19	19	19	21	20	19	19	19	19	20	19	18	19	20	20	19
LOC_231	18	19	18	21	21	19	18	18	18	19	20	20	21	19	19	19
LOC_232	18	18	18	19	19	18	18	18	18	20	20	18	18	20	20	18
LOC_233	15	15	13	14	14	15	15	13	13	15	15	14	14	16	15	15
LOC_234	15	15	16	16	16	15	15	16	15	15	15	16	15	17	16	15
LOC_235	26	24	22	22	22	22	22	22	22	19	20	21	22	22	22	22
LOC_236	17	19	17	17	17	18	19	19	19	17	17	17	17	20	20	17
LOC_237	19	19	18	21	21	19	19	19	19	17	20	19	19	20	20	20
LOC_238	21	21	21	21	22	20	21	21	22	21	21	23	21	21	21	21
LOC_239	22	21	20	19	20	22	23	22	23	21	22	22	22	22	22	22
LOC_240	14	14	14	14	14	13	13	14	14	16	16	14	16	14	14	14
LOC_241	18	18	18	18	18	18	18	18	19	18	18	18	18	18	18	18
LOC_242	19	19	18	18	18	20	19	19	19	17	16	17	17	18	18	17
LOC_243	19	19	18	18	19	21	22	20	19	19	19	20	17	17	17	19
LOC_244	14	15	14	12	12	15	15	15	15	14	14	11	13	13	14	14
LOC_245	25	24	26	23	23	27	27	25	25	25	24	25	23	26	27	24
LOC_246	24	24	24	21	22	24	26	22	26	22	21	21	21	26	22	24
LOC_247	16	16	16	16	16	18	18	16	16	18	17	15	15	16	17	16
LOC_248	19	18	18	23	21	18	18	18	18	21	19	19	19	19	19	18
LOC_249	23	23	23	24	25	22	22	21	21	23	23	23	24	23	22	24
LOC_250	29	26	28	29	28	25	25	27	27	28	27	27	28	29	27	27
LOC_251	16	19	17	17	17	19	19	18	18	17	17	16	17	17	17	17
LOC_252	25	25	25	21	21	24	26	24	24	24	23	23	21	26	24	22
LOC_253	14	14	14	14	14	14	14	14	14	14	14	14	14	15	15	14
LOC_254	16	16	16	13	16	16	16	16	16	14	15	16	16	16	16	16
LOC_255	23	23	24	25	25	22	22	22	21	24	24	24	25	23	22	23
LOC_256	21	21	21	18	18	21	22	21	21	18	20	19	19	20	20	19
