names	Run1_C_3	Run1_C_7	Run1_C_9	Run1_C_12	Run1_C_13	Run1_C_15	Run1_C_16	Run1_C_17	Run1_C_18	Run1_C_19	root
LOC_1	18	21	19	20	19	19	19	19	19	21	19
LOC_2	21	22	22	25	26	21	21	22	22	23	20
LOC_3	7	7	7	7	7	7	7	7	7	7	7
LOC_4	7	7	7	7	7	7	7	7	7	7	7
LOC_5	7	6	6	7	7	7	7	7	6	6	7
LOC_6	16	16	16	16	16	17	17	17	16	16	16
LOC_7	13	13	13	12	12	12	13	14	14	13	13
LOC_8	21	21	23	23	23	23	21	23	21	21	22
LOC_9	15	15	15	14	14	15	15	15	15	15	15
LOC_10	17	16	16	18	16	17	17	17	16	16	17
LOC_11	23	27	26	23	23	23	21	21	27	28	23
LOC_12	17	17	16	17	17	16	16	14	17	17	17
LOC_13	17	13	18	18	18	18	18	19	18	18	17
LOC_14	18	19	18	18	19	18	18	18	18	18	18
LOC_15	27	24	27	25	28	28	28	27	26	25	27
LOC_16	14	14	14	14	14	14	15	15	14	14	14
LOC_17	15	16	16	16	16	16	16	16	16	16	15
LOC_18	22	23	24	24	24	24	23	25	24	24	23
LOC_19	22	24	22	21	22	23	23	24	27	26	22
LOC_20	15	15	15	15	14	15	15	16	16	15	15
LOC_21	13	13	13	13	13	13	12	12	13	13	13
LOC_22	22	20	20	20	19	19	19	19	23	21	21
LOC_23	16	18	16	18	16	16	16	16	17	17	16
LOC_24	23	22	22	22	22	23	24	23	20	23	23
LOC_25	22	22	23	24	24	22	24	23	21	21	22
LOC_26	15	15	17	15	15	15	14	15	15	15	15
LOC_27	17	15	17	18	17	17	17	17	15	16	17
LOC_28	21	23	18	20	20	20	20	21	23	23	21
LOC_29	25	24	25	29	28	27	27	25	25	24	25
LOC_30	19	18	19	20	20	21	23	21	19	19	19
LOC_31	26	26	24	26	27	25	24	24	25	27	26
LOC_32	14	18	20	19	19	20	20	21	17	17	20
LOC_33	15	16	16	16	16	16	16	17	16	16	15
LOC_34	14	15	14	14	14	14	15	18	15	15	14
LOC_35	19	20	19	18	19	19	19	19	20	20	19
LOC_36	25	20	20	20	21	20	20	20	21	18	20
LOC_37	21	21	22	23	21	19	22	22	21	21	21
LOC_38	16	18	16	17	17	17	17	19	16	16	16
LOC_39	19	21	19	17	17	20	19	20	24	22	20
LOC_40	14	14	14	14	14	14	15	15	14	14	14
LOC_41	21	20	22	21	22	21	22	21	20	20	21
LOC_42	21	21	22	19	21	21	21	21	24	23	21
LOC_43	18	19	21	20	21	21	23	21	18	18	18
LOC_44	18	18	16	19	18	19	19	18	18	18	18
LOC_45	18	18	18	18	18	18	18	17	17	22	18
LOC_46	20	20	20	20	20	20	19	19	20	20	20
LOC_47	15	15	15	18	18	17	16	17	14	15	15
LOC_48	17	16	16	16	16	16	16	16	18	18	17
LOC_49	15	18	19	18	18	18	18	18	18	18	15
LOC_50	16	16	18	18	20	18	18	19	16	16	16
LOC_51	20	20	20	19	19	16	17	17	21	20	20
LOC_52	20	17	17	18	18	17	19	19	17	17	19
LOC_53	23	22	24	23	23	23	24	25	23	22	23
LOC_54	20	21	20	21	21	22	21	21	20	21	20
LOC_55	20	19	20	20	20	20	18	19	21	20	20
LOC_56	18	19	18	17	17	17	17	16	20	20	19
LOC_57	25	24	23	23	22	21	21	21	24	22	23
LOC_58	21	22	21	19	19	25	25	25	23	24	21
LOC_59	9	9	9	9	9	9	9	9	9	9	9
LOC_60	20	21	20	21	21	20	19	19	21	21	20
LOC_61	24	27	26	27	27	30	21	26	28	28	24
LOC_62	18	21	27	27	26	28	24	25	21	21	18
LOC_63	17	19	18	19	19	19	19	19	20	20	17
LOC_64	17	18	17	17	16	17	17	17	16	17	17
LOC_65	17	17	17	17	17	17	16	16	17	17	17
LOC_66	21	24	20	20	18	20	20	19	24	23	21
LOC_67	20	21	20	20	20	20	19	20	20	21	22
LOC_68	16	16	17	16	16	16	16	16	16	16	16
LOC_69	21	22	21	20	21	20	21	21	22	23	21
LOC_70	23	22	23	21	21	23	23	23	18	21	23
LOC_71	16	16	15	18	18	15	15	15	15	17	16
LOC_72	19	19	19	19	19	20	20	21	19	18	20
LOC_73	19	20	19	19	19	21	19	20	19	19	19
LOC_74	22	22	22	22	22	22	22	23	21	22	22
LOC_75	22	21	24	22	22	23	22	23	22	21	23
LOC_76	21	22	22	23	22	23	22	23	21	21	21
LOC_77	14	13	14	15	16	17	17	17	13	13	14
LOC_78	22	22	22	23	22	24	24	26	21	19	22
LOC_79	17	15	15	15	15	15	15	15	12	12	15
LOC_80	22	23	23	24	24	24	24	24	24	22	24
LOC_81	17	16	16	16	16	16	16	16	16	16	16
LOC_82	20	20	21	21	21	18	18	18	19	19	20
LOC_83	21	17	17	16	16	16	16	16	17	15	18
LOC_84	16	17	16	16	16	17	17	18	17	17	16
LOC_85	22	21	21	21	21	21	21	21	21	21	21
LOC_86	16	17	15	15	14	15	16	16	16	15	16
LOC_87	21	22	19	21	21	21	21	21	22	22	20
LOC_88	22	23	22	20	20	21	21	20	24	23	22
LOC_89	26	26	25	23	21	23	23	23	26	24	26
LOC_90	20	18	17	18	20	18	18	18	18	18	20
LOC_91	17	17	17	17	17	18	18	19	15	17	17
LOC_92	19	19	19	17	19	19	24	21	20	20	19
LOC_93	12	13	12	12	12	12	12	12	13	13	12
LOC_94	14	16	16	16	17	15	15	15	15	15	15
LOC_95	13	13	13	14	14	14	14	14	13	12	13
LOC_96	22	21	21	20	20	20	21	21	21	21	20
LOC_97	20	19	18	18	18	18	19	18	20	20	20
LOC_98	15	15	15	17	17	17	17	17	15	15	15
LOC_99	16	16	16	15	16	16	16	17	16	16	16
LOC_100	14	15	14	14	14	14	14	14	14	14	14
LOC_101	21	19	22	19	18	20	20	20	19	19	21
LOC_102	19	17	17	18	18	18	19	19	15	15	19
LOC_103	14	14	14	14	14	14	13	13	13	14	14
LOC_104	21	21	21	21	22	22	22	20	19	19	21
LOC_105	16	16	15	18	20	18	16	18	17	17	16
LOC_106	28	27	26	26	27	25	28	26	28	27	28
LOC_107	14	15	15	15	15	13	15	15	15	15	15
LOC_108	23	25	23	25	24	23	22	23	25	24	23
LOC_109	14	15	16	15	15	15	15	15	15	15	14
LOC_110	16	17	17	17	18	18	18	18	17	17	16
LOC_111	15	15	16	15	15	15	15	15	15	15	15
LOC_112	22	22	22	24	24	22	23	23	22	22	21
LOC_113	14	14	16	19	19	21	20	20	14	15	14
LOC_114	16	15	17	18	18	18	18	18	18	18	17
LOC_115	14	16	15	15	15	15	15	15	15	16	14
LOC_116	14	14	14	13	13	14	14	14	14	14	14
LOC_117	19	19	18	19	19	18	18	18	18	19	19
LOC_118	17	16	16	17	15	15	16	17	16	16	16
LOC_119	24	23	23	21	22	25	25	25	23	23	23
LOC_120	18	18	19	16	18	20	21	20	18	17	18
LOC_121	19	19	17	17	18	17	17	17	19	21	18
LOC_122	19	20	19	20	19	18	19	19	19	19	19
LOC_123	24	23	24	23	23	24	23	24	25	24	24
LOC_124	22	21	21	20	20	20	19	19	22	22	22
LOC_125	25	27	26	27	26	26	25	25	28	27	27
LOC_126	14	13	13	13	13	13	13	13	13	13	14
LOC_127	24	23	22	20	19	23	23	23	23	23	22
LOC_128	20	20	23	20	21	20	20	20	20	20	20
LOC_129	19	19	19	19	19	19	17	17	19	19	19
LOC_130	24	24	24	24	26	26	25	25	23	25	24
LOC_131	15	15	15	16	16	17	17	17	15	15	15
LOC_132	21	21	22	22	22	19	21	21	19	19	21
LOC_133	22	23	20	22	22	21	20	20	22	22	22
LOC_134	23	22	23	23	23	23	23	22	22	21	23
LOC_135	14	14	14	13	14	15	14	14	14	14	14
LOC_136	15	17	18	15	15	15	15	14	19	19	15
LOC_137	24	24	24	24	23	24	24	26	23	22	24
LOC_138	23	22	21	22	21	22	21	19	21	21	21
LOC_139	17	16	16	16	17	16	16	16	15	17	17
LOC_140	17	18	19	19	19	18	19	18	17	17	17
LOC_141	14	16	16	16	16	15	16	16	16	16	15
LOC_142	27	24	27	28	26	25	26	26	23	24	27
LOC_143	21	23	24	21	21	22	21	21	23	23	21
LOC_144	16	16	16	16	16	16	16	16	17	17	16
LOC_145	20	20	19	20	20	19	20	20	20	18	20
LOC_146	20	20	20	21	20	19	20	20	20	21	20
LOC_147	21	22	23	21	20	21	22	22	22	24	21
LOC_148	14	14	15	12	12	11	11	11	14	14	14
LOC_149	18	18	18	20	20	18	18	18	16	18	18
LOC_150	15	15	15	16	17	16	14	14	15	15	15
LOC_151	16	16	16	18	18	16	16	16	16	16	16
LOC_152	22	20	20	21	21	21	21	22	20	20	20
LOC_153	20	20	20	20	20	20	19	21	20	20	20
LOC_154	18	23	24	24	24	23	24	24	22	23	18
LOC_155	21	21	21	21	20	22	21	20	19	24	21
LOC_156	17	17	15	17	17	17	17	17	17	17	17
LOC_157	17	17	17	17	17	16	17	16	18	18	17
LOC_158	22	21	21	20	21	21	21	25	23	24	22
LOC_159	15	16	16	16	16	16	16	16	16	16	15
LOC_160	19	19	20	22	20	20	20	18	19	19	19
LOC_161	20	20	21	22	22	22	24	23	21	21	21
LOC_162	19	20	20	24	21	20	20	20	20	20	20
LOC_163	18	17	18	19	19	18	18	18	17	17	18
LOC_164	20	20	20	22	23	22	22	22	20	20	20
LOC_165	15	15	17	15	15	15	16	16	15	15	15
LOC_166	17	18	17	17	17	17	20	20	17	17	17
LOC_167	16	16	18	18	19	18	19	20	15	16	16
LOC_168	28	28	29	27	28	30	28	30	28	30	28
LOC_169	23	26	22	25	24	26	25	26	23	23	23
LOC_170	19	17	18	16	16	17	16	16	17	17	19
LOC_171	21	24	26	21	21	25	25	25	27	24	23
LOC_172	22	23	24	25	25	25	26	25	25	24	22
LOC_173	16	19	18	18	18	19	19	19	20	20	16
LOC_174	21	22	22	24	24	27	24	25	28	24	22
LOC_175	26	28	25	25	27	27	27	27	26	26	27
LOC_176	14	15	14	14	14	14	14	14	14	14	14
LOC_177	24	25	24	23	26	24	23	24	25	25	24
LOC_178	23	22	23	24	23	23	25	24	22	22	23
LOC_179	23	23	23	20	20	22	22	22	24	24	23
LOC_180	19	19	22	24	24	24	24	23	19	19	22
LOC_181	18	19	18	18	18	18	19	18	18	18	18
LOC_182	23	22	24	28	25	25	22	21	21	23	23
LOC_183	25	25	26	25	24	27	26	26	26	25	25
LOC_184	16	16	16	17	16	15	16	16	16	16	16
LOC_185	21	21	20	20	20	20	21	20	21	21	20
LOC_186	17	18	15	15	16	18	15	15	17	18	16
LOC_187	24	20	21	21	23	21	21	22	20	19	21
LOC_188	25	24	24	23	22	25	26	26	24	24	25
LOC_189	14	15	14	14	14	14	16	14	15	15	14
LOC_190	23	22	22	25	25	25	23	23	22	22	22
LOC_191	18	17	17	17	17	17	17	17	17	17	17
LOC_192	21	22	22	22	20	20	19	19	21	24	21
LOC_193	15	17	14	15	15	15	15	17	16	15	15
LOC_194	19	19	18	18	18	18	18	18	20	19	18
LOC_195	18	20	18	22	20	20	20	21	20	18	18
LOC_196	22	22	24	21	25	24	24	25	24	22	22
LOC_197	22	19	20	21	21	20	19	20	17	20	21
LOC_198	27	28	25	27	27	25	26	26	26	26	27
LOC_199	14	13	13	13	13	13	13	14	13	16	14
LOC_200	23	23	23	21	22	23	22	23	21	22	23
LOC_201	24	22	23	21	21	24	23	22	22	22	24
LOC_202	17	21	16	17	18	17	17	17	19	19	17
LOC_203	18	18	19	19	19	19	18	18	18	18	18
LOC_204	18	19	19	19	19	18	21	22	20	20	18
LOC_205	14	14	14	15	14	15	15	15	14	14	14
LOC_206	20	20	19	20	20	21	19	19	20	20	20
LOC_207	14	15	14	14	15	15	17	17	13	13	14
LOC_208	14	14	14	14	14	14	14	14	14	14	14
LOC_209	17	17	17	17	17	18	18	18	17	17	17
LOC_210	23	22	22	23	23	22	22	22	22	22	22
LOC_211	24	24	24	24	24	25	28	26	21	24	24
LOC_212	24	26	25	27	27	25	26	25	24	24	24
LOC_213	19	20	17	18	19	18	16	15	19	19	19
LOC_214	17	18	18	18	18	19	18	18	17	17	17
LOC_215	15	17	16	16	16	16	16	17	17	17	16
LOC_216	20	23	20	21	21	23	21	22	19	21	20
LOC_217	25	27	27	26	26	26	28	27	21	24	25
LOC_218	17	18	16	16	12	15	16	16	20	19	17
LOC_219	15	15	16	16	15	15	15	15	14	15	15
LOC_220	20	18	18	18	16	18	17	17	19	19	18
LOC_221	24	23	25	23	24	24	27	26	22	22	24
LOC_222	28	27	27	24	24	22	25	25	24	24	28
LOC_223	11	13	14	14	14	14	14	14	14	14	14
LOC_224	16	16	16	16	16	16	16	16	16	16	16
LOC_225	20	26	23	26	25	26	26	26	26	24	21
LOC_226	16	16	16	16	15	16	16	16	17	18	16
LOC_227	7	7	9	8	8	9	9	9	7	7	7
LOC_228	16	17	18	21	18	18	19	18	16	16	16
LOC_229	17	17	18	17	17	17	18	17	17	17	17
LOC_230	19	18	20	19	20	19	19	19	17	20	19
LOC_231	19	21	20	20	20	20	18	19	24	21	19
LOC_232	18	19	19	19	19	19	17	19	19	19	18
LOC_233	15	15	15	16	15	15	14	15	16	16	15
LOC_234	15	15	15	15	15	15	15	15	14	14	15
LOC_235	22	21	20	16	16	21	22	21	21	22	22
LOC_236	18	17	17	17	17	17	17	17	17	17	17
LOC_237	20	20	20	21	20	21	21	22	20	20	20
LOC_238	21	21	21	22	21	18	17	17	20	20	21
LOC_239	22	22	22	21	20	21	21	21	23	23	22
LOC_240	14	14	14	14	14	14	14	14	14	14	14
LOC_241	18	19	18	22	23	18	18	18	19	19	18
LOC_242	17	16	16	16	16	15	16	16	16	17	17
LOC_243	20	18	20	19	20	20	20	20	17	17	19
LOC_244	14	14	14	12	12	12	12	12	14	14	14
LOC_245	22	24	25	24	24	23	21	23	24	24	24
LOC_246	24	25	26	25	25	26	27	27	25	24	24
LOC_247	16	16	16	16	16	16	16	17	16	17	16
LOC_248	18	18	18	18	18	17	17	17	18	18	18
LOC_249	24	22	21	22	22	22	23	23	23	23	24
LOC_250	26	27	26	25	25	30	27	29	29	28	27
LOC_251	17	17	17	19	18	17	17	17	17	17	17
LOC_252	22	20	21	23	26	21	23	22	19	21	22
LOC_253	14	14	14	16	16	14	14	14	14	14	14
LOC_254	16	15	16	16	16	13	15	16	16	16	16
LOC_255	23	22	26	21	21	22	22	23	21	21	23
LOC_256	19	19	19	21	21	18	18	18	18	17	19
LOC_257	20	20	20	20	20	20	20	20	20	20	20
LOC_258	13	13	13	13	13	13	13	13	13	13	13
LOC_259	20	20	20	19	20	20	19	20	20	21	20
LOC_260	21	22	21	21	21	20	23	20	21	21	22
LOC_261	15	16	17	20	18	18	15	15	17	17	15
LOC_262	12	13	13	13	13	13	13	13	13	13	13
LOC_263	16	16	17	16	16	16	16	16	16	16	16
LOC_264	22	22	22	28	26	28	29	31	23	23	22
LOC_265	24	24	25	27	23	28	24	25	24	22	24
LOC_266	19	19	19	18	18	20	19	19	19	19	19
LOC_267	18	18	18	18	19	18	18	18	18	18	18
LOC_268	17	17	18	17	15	18	19	18	19	19	17
LOC_269	16	16	16	16	16	18	19	19	18	16	16
LOC_270	19	19	19	19	19	18	18	18	19	19	19
LOC_271	24	22	26	26	25	25	26	25	24	22	24
LOC_272	23	21	19	19	19	19	20	19	21	21	23
LOC_273	24	21	22	22	22	21	21	21	21	21	24
LOC_274	22	21	25	26	26	25	25	25	21	21	22
LOC_275	16	14	15	16	16	16	16	16	14	14	15
LOC_276	20	21	21	23	23	23	22	23	22	23	20
LOC_277	12	13	13	13	13	13	13	13	13	13	14
LOC_278	14	15	14	14	14	14	14	14	15	15	14
LOC_279	16	14	13	14	14	14	14	14	14	15	15
LOC_280	20	22	20	19	19	20	20	21	20	21	20
LOC_281	20	20	20	23	22	18	20	20	20	20	20
LOC_282	15	15	15	16	16	14	15	16	15	16	15
LOC_283	13	14	14	14	14	14	14	14	15	15	14
LOC_284	14	13	14	14	14	12	14	14	14	15	14
LOC_285	29	28	29	30	29	33	33	34	28	30	29
LOC_286	18	19	19	19	21	19	19	19	20	20	18
LOC_287	31	28	28	26	28	28	27	26	32	30	28
LOC_288	17	13	17	17	17	17	17	17	16	17	17
LOC_289	15	15	15	15	15	15	15	15	15	15	15
LOC_290	19	20	20	19	20	19	20	20	20	20	19
LOC_291	18	19	19	19	19	18	18	18	19	19	18
LOC_292	21	17	19	19	19	17	21	22	19	19	19
LOC_293	15	15	15	16	16	17	17	17	15	15	15
LOC_294	27	24	26	28	26	27	25	24	22	24	25
LOC_295	18	18	18	19	19	19	19	19	21	20	18
LOC_296	14	15	14	13	15	15	15	15	15	15	14
LOC_297	15	14	16	18	18	18	18	18	16	16	15
LOC_298	17	17	17	17	17	17	19	20	17	16	17
LOC_299	16	16	16	16	16	15	15	15	16	17	16
LOC_300	17	17	16	18	18	16	16	16	17	17	17
LOC_301	19	20	21	20	19	19	20	20	21	20	20
LOC_302	24	26	24	30	24	27	24	25	24	27	24
LOC_303	18	18	18	20	19	19	19	19	18	18	18
LOC_304	14	17	15	15	15	15	16	15	17	17	14
LOC_305	17	17	17	17	17	17	16	18	17	17	17
LOC_306	28	24	25	24	24	23	23	25	25	26	26
LOC_307	22	19	22	22	20	21	20	20	22	22	22
LOC_308	22	21	22	22	22	22	22	24	21	22	22
LOC_309	22	23	21	20	17	22	21	21	23	23	22
LOC_310	15	16	14	16	14	13	13	13	16	16	15
LOC_311	18	18	19	17	17	17	17	17	18	19	18
LOC_312	18	18	18	21	20	16	18	18	18	18	18
LOC_313	16	15	15	15	15	16	16	17	15	15	16
LOC_314	15	15	15	15	15	15	15	15	16	16	15
LOC_315	15	15	15	15	15	15	15	15	15	15	15
LOC_316	26	31	26	29	31	29	28	28	31	32	26
LOC_317	21	21	20	20	20	22	21	21	21	21	21
LOC_318	22	21	22	21	21	22	21	20	21	21	22
LOC_319	22	23	24	22	22	19	22	22	22	22	22
LOC_320	21	15	16	17	17	16	16	16	15	15	21
LOC_321	16	17	16	16	16	17	18	18	17	18	16
LOC_322	12	13	12	12	12	14	12	12	13	13	12
LOC_323	14	14	15	14	14	14	14	14	14	14	14
LOC_324	21	23	23	26	27	24	24	24	22	23	21
LOC_325	16	16	16	16	16	16	17	16	16	16	16
LOC_326	16	15	17	16	16	16	16	16	16	14	16
LOC_327	15	15	15	16	15	15	15	15	15	15	15
LOC_328	19	21	20	21	20	24	21	20	21	21	20
LOC_329	23	23	23	21	21	21	20	21	23	24	23
LOC_330	21	20	22	23	22	21	22	22	23	22	22
LOC_331	23	23	22	23	23	23	21	23	22	22	23
LOC_332	15	15	15	15	15	15	15	15	15	15	15
LOC_333	14	14	14	14	14	14	14	14	16	16	14
LOC_334	19	19	19	19	19	19	19	19	20	20	19
LOC_335	23	22	23	22	21	23	23	23	21	22	23
LOC_336	24	23	24	23	25	24	24	24	22	23	24
LOC_337	20	19	19	19	19	19	19	19	19	20	20
LOC_338	19	19	19	19	21	20	19	19	20	20	19
LOC_339	17	16	17	17	17	17	17	17	16	17	17
LOC_340	13	15	13	13	13	12	13	13	15	15	13
LOC_341	20	20	20	18	19	19	19	18	20	20	20
LOC_342	16	14	15	15	15	15	15	17	14	14	14
LOC_343	20	22	22	22	23	23	22	20	22	23	20
LOC_344	18	15	17	17	17	17	17	17	15	16	17
LOC_345	15	15	15	16	16	14	14	14	15	15	15
LOC_346	23	23	22	22	22	22	27	23	20	21	23
LOC_347	20	21	22	20	21	21	20	22	22	22	20
LOC_348	20	22	19	20	20	19	20	21	18	20	20
LOC_349	15	15	15	15	15	15	15	17	15	15	15
LOC_350	19	17	18	17	17	18	17	17	17	17	17
LOC_351	26	24	24	26	25	24	24	22	23	25	26
LOC_352	20	21	20	20	18	20	20	20	22	22	20
LOC_353	18	18	18	17	17	18	18	18	18	18	18
LOC_354	15	15	15	17	17	17	19	19	15	15	15
LOC_355	14	14	14	14	14	14	13	14	14	14	14
LOC_356	16	17	17	17	17	17	18	18	17	17	17
LOC_357	16	16	16	16	16	16	17	16	16	16	16
LOC_358	7	7	7	7	7	7	7	7	8	8	7
LOC_359	19	19	18	19	18	19	20	19	20	20	19
LOC_360	24	24	26	25	25	22	24	24	26	24	24
LOC_361	21	21	22	22	22	21	20	21	21	21	21
LOC_362	23	23	22	21	21	20	21	21	22	22	22
LOC_363	8	8	8	6	8	8	8	8	8	8	8
LOC_364	14	14	15	15	15	16	16	16	15	15	14
LOC_365	25	27	22	22	22	17	22	20	25	27	25
LOC_366	18	17	17	17	17	17	17	17	18	17	17
LOC_367	16	17	16	18	18	18	20	21	18	17	16
LOC_368	24	23	26	26	27	24	24	26	24	24	24
LOC_369	27	28	27	30	29	26	22	22	26	24	28
LOC_370	18	21	21	23	23	23	22	22	20	20	18
LOC_371	23	23	25	24	25	24	24	24	24	26	23
LOC_372	21	20	22	19	19	23	22	22	20	20	21
LOC_373	14	14	14	14	15	13	13	13	14	14	14
LOC_374	15	15	15	15	15	15	15	15	15	15	15
LOC_375	18	18	18	20	20	20	19	19	18	18	18
LOC_376	20	19	22	23	24	24	23	25	20	20	20
LOC_377	22	23	22	21	22	24	22	23	22	21	23
LOC_378	23	24	23	24	24	24	22	24	22	22	23
LOC_379	18	18	18	19	18	18	18	18	18	18	18
LOC_380	19	17	18	20	20	20	19	20	19	20	18
LOC_381	14	14	14	14	14	14	14	14	14	15	14
LOC_382	16	18	18	18	18	18	18	18	18	18	18
LOC_383	17	16	16	16	16	16	16	16	18	18	17
LOC_384	14	14	14	13	13	13	13	13	14	14	14
LOC_385	18	17	18	18	18	19	18	18	24	22	18
LOC_386	19	20	18	19	19	18	18	18	19	18	19
LOC_387	17	15	17	18	18	17	17	20	18	19	17
LOC_388	27	27	27	28	29	29	26	28	29	31	28
LOC_389	18	18	20	19	19	19	19	19	18	18	18
LOC_390	7	7	7	7	7	9	11	11	7	7	7
LOC_391	26	23	22	22	22	21	22	22	24	23	22
LOC_392	23	20	22	23	24	22	22	21	20	20	22
LOC_393	15	15	15	15	15	15	15	15	15	15	15
LOC_394	16	16	16	17	17	17	17	20	17	16	16
LOC_395	20	21	21	18	22	22	23	23	21	21	20
LOC_396	17	17	17	21	20	19	18	17	17	17	17
LOC_397	19	19	19	19	18	19	18	19	18	19	19
LOC_398	17	17	15	18	16	17	16	16	17	17	17
LOC_399	29	28	32	29	31	30	33	34	29	26	29
LOC_400	15	15	15	17	19	15	15	15	14	14	15
LOC_401	13	13	13	14	14	13	13	13	13	13	13
LOC_402	14	14	14	15	15	15	18	18	14	14	14
LOC_403	14	14	14	13	13	14	14	14	13	12	14
LOC_404	10	10	10	9	9	10	10	9	13	13	10
LOC_405	16	16	16	17	18	18	17	17	16	15	16
LOC_406	19	22	19	20	18	18	19	18	20	20	19
LOC_407	17	17	19	19	20	21	20	20	20	17	17
LOC_408	14	16	14	14	14	14	14	14	16	15	14
LOC_409	15	19	18	18	18	18	18	18	14	15	15
LOC_410	16	16	16	16	16	16	17	17	16	15	16
LOC_411	14	14	17	15	15	15	14	14	14	16	14
LOC_412	19	18	18	19	19	18	18	18	18	18	19
LOC_413	19	17	20	21	19	20	20	21	20	20	20
LOC_414	15	16	16	17	17	17	17	17	16	16	15
LOC_415	14	15	14	14	14	14	14	14	16	15	14
LOC_416	17	17	17	17	16	16	16	16	17	17	17
LOC_417	14	15	15	14	15	15	16	15	15	15	14
LOC_418	14	14	14	14	14	14	15	13	14	14	14
LOC_419	15	15	16	15	15	15	15	15	15	14	15
LOC_420	13	13	13	13	13	13	13	14	13	13	13
LOC_421	17	16	16	16	16	16	16	16	16	16	17
LOC_422	21	22	21	21	22	21	20	19	21	22	23
LOC_423	9	8	9	9	9	9	9	9	9	9	9
LOC_424	20	20	20	20	20	20	21	21	20	20	20
LOC_425	16	17	16	16	16	16	16	16	17	18	16
LOC_426	19	16	17	17	17	18	18	18	17	17	17
LOC_427	20	20	20	19	19	18	18	18	19	20	20
LOC_428	16	18	13	15	15	15	16	15	16	16	16
LOC_429	19	19	19	19	19	19	20	21	19	19	19
LOC_430	19	20	19	20	20	20	20	20	20	20	19
LOC_431	19	19	19	20	20	19	19	18	19	19	19
LOC_432	14	15	14	11	15	14	13	14	14	14	14
LOC_433	25	22	25	22	23	23	22	23	24	22	23
LOC_434	18	19	19	17	17	18	18	17	17	16	19
LOC_435	25	26	26	28	29	24	26	26	27	25	25
LOC_436	24	22	24	26	26	24	24	23	22	23	24
LOC_437	22	21	22	23	23	26	24	24	22	21	22
LOC_438	23	26	26	26	26	27	24	22	26	26	23
LOC_439	16	18	16	13	13	14	14	14	16	16	16
LOC_440	20	19	19	19	19	20	19	19	19	19	20
LOC_441	14	18	16	16	16	16	15	15	16	16	16
LOC_442	25	21	21	20	21	23	22	22	22	22	22
LOC_443	18	18	18	18	18	18	20	20	18	18	18
LOC_444	21	19	19	19	17	19	19	19	21	19	20
LOC_445	22	22	20	20	20	20	19	19	23	22	22
LOC_446	19	18	18	18	18	19	19	18	18	18	18
LOC_447	18	18	19	19	19	19	20	20	18	18	18
LOC_448	26	29	29	30	28	28	30	30	29	30	28
LOC_449	17	15	17	20	20	17	17	17	15	15	17
LOC_450	20	17	21	21	21	21	21	21	16	17	20
LOC_451	14	14	14	15	14	14	14	14	14	14	14
LOC_452	19	18	20	20	20	22	20	23	20	19	19
LOC_453	18	18	16	17	17	17	17	17	18	18	18
LOC_454	20	21	20	21	19	20	20	19	20	18	21
LOC_455	16	16	15	15	15	15	15	15	15	15	16
LOC_456	15	15	15	14	14	15	16	16	15	15	15
LOC_457	21	22	22	24	25	22	22	22	21	22	22
LOC_458	16	16	17	17	17	17	17	17	17	18	16
LOC_459	7	7	7	7	7	7	7	7	7	7	7
LOC_460	17	18	18	15	18	18	18	19	22	22	18
LOC_461	14	14	15	15	15	15	16	14	14	13	14
LOC_462	21	21	22	21	20	21	20	20	20	21	21
LOC_463	28	25	24	22	23	22	22	22	29	28	25
LOC_464	18	18	18	18	19	18	19	19	18	19	18
LOC_465	28	24	22	24	24	25	26	25	24	25	25
LOC_466	26	25	22	22	21	21	23	23	25	25	24
LOC_467	20	19	19	19	20	19	20	21	19	19	19
LOC_468	16	14	14	14	14	14	14	14	13	14	14
LOC_469	23	22	23	22	22	23	25	25	24	22	23
LOC_470	23	23	23	24	26	25	25	25	23	23	23
LOC_471	19	20	19	18	18	18	18	18	20	20	19
LOC_472	16	16	19	19	17	17	18	17	19	19	16
LOC_473	21	21	21	21	23	23	22	21	21	20	21
LOC_474	15	17	15	15	15	15	17	17	15	15	15
LOC_475	16	18	16	18	16	17	17	17	17	17	16
LOC_476	16	16	16	16	16	16	16	18	16	16	16
LOC_477	19	18	18	18	18	18	18	18	16	18	19
LOC_478	16	17	17	20	21	19	20	20	16	16	16
LOC_479	17	17	18	18	18	18	18	18	17	17	17
LOC_480	17	17	17	17	17	17	17	17	16	16	17
LOC_481	16	20	16	15	17	17	17	18	20	20	16
LOC_482	17	17	17	16	16	17	20	17	17	17	17
LOC_483	24	22	26	27	26	24	27	26	25	25	24
LOC_484	25	25	26	24	23	26	22	24	25	25	25
LOC_485	18	16	17	17	17	17	17	17	16	16	17
LOC_486	23	23	23	23	22	23	23	24	22	23	23
LOC_487	16	18	18	18	19	19	18	19	18	18	17
LOC_488	23	22	22	21	21	22	22	22	24	26	23
LOC_489	19	18	17	16	16	16	16	16	18	19	18
LOC_490	14	14	14	15	15	14	14	14	14	14	14
LOC_491	21	21	21	22	23	22	22	23	19	21	21
LOC_492	20	20	20	20	20	20	22	20	20	20	20
LOC_493	28	28	28	24	24	23	23	24	27	28	27
LOC_494	16	16	17	17	17	17	17	17	18	18	17
LOC_495	21	22	22	24	23	19	21	20	20	20	23
LOC_496	22	22	24	24	24	25	26	27	22	22	22
LOC_497	21	20	19	19	19	19	19	19	24	22	20
LOC_498	8	8	8	8	8	5	5	5	8	8	8
LOC_499	21	19	20	20	20	21	23	23	22	18	21
LOC_500	19	18	21	19	19	19	19	19	16	18	19
LOC_501	18	17	17	17	17	16	18	17	18	17	17
LOC_502	26	29	27	30	28	25	29	27	30	27	27
LOC_503	7	7	7	7	7	7	7	7	7	7	7
LOC_504	15	13	15	14	14	14	14	15	13	13	15
LOC_505	21	23	22	23	23	22	22	22	22	21	21
LOC_506	15	14	14	14	14	14	14	14	14	14	14
LOC_507	14	13	15	16	15	15	15	15	14	14	14
LOC_508	18	22	20	22	23	22	21	22	24	24	18
LOC_509	19	19	19	23	21	22	23	23	19	19	19
LOC_510	21	20	20	20	20	20	20	23	19	19	20
LOC_511	20	21	20	20	20	21	20	21	22	23	20
LOC_512	22	23	20	22	21	22	21	23	22	25	23
LOC_513	16	16	15	16	16	16	16	15	16	16	16
LOC_514	14	14	17	14	14	14	14	14	14	14	14
LOC_515	18	18	18	20	19	18	18	18	18	18	18
LOC_516	18	19	18	19	18	18	18	18	19	19	18
LOC_517	19	18	17	20	17	17	18	17	19	17	19
LOC_518	21	21	21	20	20	21	21	21	21	21	21
LOC_519	17	17	17	17	17	17	17	17	20	18	17
LOC_520	20	19	17	21	18	20	19	20	22	21	20
LOC_521	16	16	16	16	16	16	16	15	16	17	16
LOC_522	19	20	21	23	23	23	23	23	20	20	19
LOC_523	18	18	18	20	19	18	18	18	18	18	18
LOC_524	24	19	19	19	19	21	22	22	18	18	22
LOC_525	20	18	18	16	16	17	17	17	18	18	18
LOC_526	14	14	14	14	14	15	13	13	14	14	14
LOC_527	18	18	18	19	19	20	19	19	18	19	18
LOC_528	18	18	17	17	17	15	16	16	21	21	18
LOC_529	16	15	16	16	16	15	16	16	15	16	16
LOC_530	16	14	13	13	14	13	13	13	14	15	14
LOC_531	22	22	22	19	19	19	19	19	22	22	22
LOC_532	16	16	16	17	17	16	16	16	17	17	16
LOC_533	19	20	18	19	18	18	18	18	19	19	19
LOC_534	18	18	18	16	15	18	18	18	18	18	18
LOC_535	21	23	21	21	21	21	23	21	23	22	20
LOC_536	16	16	16	17	17	15	16	17	16	16	16
LOC_537	21	20	20	21	21	20	20	19	21	20	21
LOC_538	21	22	21	22	21	20	20	19	21	20	21
LOC_539	29	31	34	27	29	29	28	29	30	32	30
LOC_540	28	27	25	26	27	26	25	25	25	24	27
LOC_541	13	15	15	15	15	15	16	16	15	15	14
LOC_542	18	17	18	15	15	17	17	17	16	17	17
LOC_543	20	20	20	18	20	20	20	20	20	20	20
LOC_544	12	12	13	13	13	13	12	14	13	14	12
LOC_545	19	16	16	17	17	18	17	17	18	17	17
LOC_546	18	18	18	18	18	18	18	18	18	18	18
LOC_547	22	20	22	23	23	23	24	23	20	22	22
LOC_548	30	27	28	23	23	24	26	25	25	27	28
LOC_549	17	16	16	16	16	16	16	16	16	16	16
LOC_550	24	24	24	26	27	25	27	28	21	21	24
LOC_551	15	15	15	15	13	15	15	14	15	15	15
LOC_552	16	18	14	14	14	14	14	14	16	16	16
LOC_553	18	19	18	21	21	22	20	20	18	18	18
LOC_554	14	14	14	14	14	14	14	14	14	14	14
LOC_555	22	22	21	23	24	21	21	22	23	23	22
LOC_556	17	16	17	16	17	16	17	16	15	15	17
LOC_557	21	22	20	18	18	19	19	19	23	23	21
LOC_558	18	19	19	20	20	18	20	21	18	18	18
LOC_559	16	17	16	16	16	16	16	16	17	17	16
LOC_560	21	21	23	21	21	21	21	21	21	20	21
LOC_561	29	25	26	25	25	26	22	24	24	24	24
LOC_562	22	22	22	23	22	22	22	22	25	24	22
LOC_563	28	29	29	29	30	29	31	34	28	29	27
LOC_564	19	18	16	15	15	15	15	18	17	17	18
LOC_565	19	19	18	20	20	21	22	22	20	21	19
LOC_566	15	15	15	15	15	14	16	14	15	15	15
LOC_567	23	24	21	21	22	22	22	22	23	23	23
LOC_568	18	18	18	18	18	18	18	18	17	16	18
LOC_569	17	17	17	17	17	18	18	18	15	17	17
LOC_570	19	19	20	20	20	20	21	20	19	19	19
LOC_571	17	17	17	16	17	17	17	17	17	17	17
LOC_572	18	17	17	17	17	17	16	16	17	17	17
LOC_573	19	22	21	24	22	22	22	22	22	22	19
LOC_574	23	20	21	21	21	21	21	22	20	21	21
LOC_575	17	18	18	16	18	18	18	18	20	20	17
LOC_576	19	19	18	18	18	18	18	18	18	18	18
LOC_577	12	12	12	12	12	12	12	12	12	12	12
LOC_578	14	15	13	14	14	14	14	15	15	15	14
LOC_579	20	19	19	17	17	17	17	17	18	19	20
LOC_580	14	14	15	16	16	16	16	16	14	14	14
LOC_581	18	16	16	17	19	18	17	17	17	17	18
LOC_582	18	18	18	20	22	18	18	18	18	18	18
LOC_583	14	14	14	14	15	14	14	14	14	14	14
LOC_584	20	17	22	22	22	22	25	22	24	22	20
LOC_585	14	14	15	14	14	15	14	14	14	14	14
LOC_586	20	20	19	19	21	21	20	21	20	21	20
LOC_587	12	12	12	12	12	13	13	13	10	10	12
LOC_588	28	25	27	24	24	26	26	26	26	27	28
LOC_589	8	8	8	8	8	9	8	8	8	8	8
LOC_590	14	13	14	14	14	14	14	14	13	14	14
LOC_591	17	17	17	15	16	19	17	16	17	17	17
LOC_592	11	11	11	11	11	11	10	10	10	11	11
LOC_593	14	15	14	14	14	14	14	14	14	14	14
LOC_594	26	27	26	26	26	25	26	26	31	28	26
LOC_595	17	17	18	18	18	18	18	18	18	19	18
LOC_596	26	28	25	26	25	26	26	27	29	27	26
LOC_597	23	18	18	19	19	19	19	19	17	17	20
LOC_598	22	21	21	21	21	21	21	21	21	21	21
LOC_599	29	31	31	30	29	33	29	29	33	29	29
LOC_600	27	24	28	29	27	25	25	25	27	27	26
LOC_601	14	14	15	15	15	15	15	14	15	14	14
LOC_602	14	14	14	14	14	14	14	14	14	14	14
LOC_603	17	17	17	19	17	17	17	17	17	17	17
LOC_604	25	27	23	24	24	23	21	22	27	27	26
LOC_605	23	23	24	22	23	23	23	23	26	23	23
LOC_606	14	14	14	14	14	15	15	15	14	14	14
LOC_607	21	20	22	21	20	21	20	21	20	21	19
LOC_608	24	22	25	21	21	23	22	22	22	22	24
LOC_609	30	31	32	30	29	28	29	28	31	29	30
LOC_610	16	17	18	17	17	17	17	17	18	17	16
LOC_611	22	22	21	21	22	22	20	22	21	22	22
LOC_612	15	17	15	16	16	15	15	16	16	17	15
LOC_613	26	28	28	27	29	26	25	26	27	27	27
LOC_614	29	28	27	27	28	27	26	26	29	27	29
LOC_615	19	18	19	18	18	18	17	18	20	18	18
LOC_616	22	22	21	22	22	20	19	19	20	22	22
LOC_617	30	25	24	24	25	23	22	22	24	25	29
LOC_618	19	20	19	20	21	17	20	19	21	21	19
LOC_619	21	20	21	24	23	24	23	23	21	20	21
LOC_620	24	24	24	23	23	24	25	23	24	25	24
LOC_621	25	25	24	23	26	24	25	26	26	26	25
LOC_622	23	23	22	26	27	22	23	23	22	22	23
LOC_623	23	23	22	22	22	23	27	24	22	23	23
LOC_624	20	19	23	23	23	23	25	26	19	19	20
LOC_625	14	14	14	13	12	13	13	13	14	14	14
LOC_626	15	16	16	16	16	16	16	16	16	17	16
LOC_627	14	14	14	15	14	14	14	14	16	14	14
LOC_628	17	17	17	17	17	17	16	17	17	17	17
LOC_629	19	20	20	20	20	21	23	23	19	19	20
LOC_630	16	17	16	18	16	16	16	16	16	15	16
LOC_631	19	19	19	19	21	20	19	19	19	19	19
LOC_632	16	15	17	16	16	16	16	16	16	16	16
LOC_633	20	20	21	21	21	20	19	21	20	21	20
LOC_634	23	21	23	19	18	24	24	24	19	21	22
LOC_635	18	18	19	18	19	19	22	20	19	19	18
LOC_636	17	17	17	17	17	17	17	17	17	15	17
LOC_637	15	15	16	16	16	16	16	16	15	15	15
LOC_638	18	15	16	17	16	17	13	13	15	15	18
LOC_639	24	24	24	21	21	24	28	29	24	28	24
LOC_640	19	19	19	19	19	19	19	19	19	18	20
LOC_641	20	19	19	20	19	21	20	21	20	18	20
LOC_642	27	30	30	26	27	29	30	30	31	29	28
LOC_643	22	21	18	18	18	18	18	18	20	21	22
LOC_644	20	22	22	23	22	21	21	22	23	22	22
LOC_645	16	18	18	17	18	18	17	16	15	18	18
LOC_646	16	17	16	16	15	16	16	18	18	16	16
LOC_647	14	13	14	16	16	14	14	14	15	14	14
LOC_648	15	15	15	16	16	15	15	15	15	15	15
LOC_649	17	17	20	21	20	19	20	19	17	18	17
LOC_650	23	24	23	25	28	23	24	24	24	23	24
LOC_651	15	15	15	14	13	14	15	15	17	16	15
LOC_652	16	14	15	15	15	16	15	15	18	19	16
LOC_653	24	25	25	25	27	24	26	24	27	25	24
LOC_654	21	21	23	23	24	20	20	21	20	20	21
LOC_655	24	23	23	26	26	26	28	25	23	23	24
LOC_656	15	15	15	15	15	15	15	15	15	15	15
LOC_657	16	15	15	15	16	15	15	15	15	15	16
LOC_658	23	29	25	25	23	24	25	23	26	26	25
LOC_659	18	18	18	18	18	18	18	18	18	18	18
LOC_660	16	12	12	12	12	12	12	11	12	12	16
LOC_661	9	9	9	9	9	9	9	9	9	9	9
LOC_662	16	17	16	16	16	16	16	16	16	16	16
LOC_663	18	18	18	18	19	18	18	18	18	18	18
LOC_664	26	25	28	26	25	26	26	27	26	25	26
LOC_665	12	12	12	12	12	12	12	12	12	12	12
LOC_666	23	25	23	23	23	26	26	27	25	25	23
LOC_667	17	17	17	19	20	17	17	17	19	20	17
LOC_668	20	24	21	19	20	22	22	21	21	21	20
LOC_669	22	23	22	22	22	19	19	19	24	24	23
LOC_670	14	14	14	14	14	15	14	14	15	14	14
LOC_671	16	17	16	16	16	16	15	16	17	17	16
LOC_672	23	20	23	18	19	20	19	19	20	21	21
LOC_673	21	21	22	21	23	21	22	22	21	22	21
LOC_674	21	23	22	22	22	21	23	22	24	25	21
LOC_675	18	20	20	19	19	21	21	22	19	19	18
LOC_676	20	20	20	21	21	21	21	21	20	20	20
LOC_677	16	17	17	20	18	17	17	17	17	17	16
LOC_678	20	20	20	20	21	18	19	19	20	20	20
LOC_679	15	15	15	18	15	15	15	15	15	15	15
LOC_680	19	18	16	16	16	16	16	16	18	18	18
LOC_681	16	16	17	16	17	16	17	17	16	17	16
LOC_682	14	13	15	15	15	14	14	14	13	13	14
LOC_683	22	23	24	24	24	22	22	22	23	23	22
LOC_684	29	31	28	28	28	29	32	32	25	27	28
LOC_685	23	23	23	26	23	26	24	26	23	23	23
LOC_686	17	18	18	19	19	18	20	20	19	18	17
LOC_687	21	21	22	20	19	19	19	19	21	22	21
LOC_688	23	24	25	27	26	26	25	26	25	26	24
LOC_689	25	22	22	22	21	22	21	22	21	22	23
LOC_690	21	17	20	20	20	20	20	20	18	18	21
LOC_691	20	20	18	18	18	18	18	18	20	20	20
LOC_692	19	19	19	17	16	17	17	18	20	20	19
LOC_693	19	18	21	23	21	22	22	21	18	19	19
LOC_694	16	18	17	17	17	19	20	20	17	17	16
LOC_695	17	17	17	20	17	17	16	16	16	16	17
LOC_696	24	21	25	23	23	24	25	24	19	19	23
LOC_697	22	22	22	22	21	18	18	18	23	23	22
LOC_698	28	28	27	24	25	27	27	27	28	24	28
LOC_699	15	15	19	19	18	19	19	19	15	13	15
LOC_700	17	17	15	15	15	15	16	16	17	17	17
LOC_701	16	16	16	16	16	16	16	16	15	15	16
LOC_702	21	20	20	19	19	24	22	24	20	20	21
LOC_703	30	29	27	26	27	29	27	28	29	29	29
LOC_704	28	28	25	25	25	26	26	25	26	25	28
LOC_705	19	19	18	17	17	18	19	18	19	17	19
LOC_706	20	23	22	22	21	22	21	21	20	20	21
LOC_707	18	18	17	17	17	17	17	17	18	18	18
LOC_708	31	29	29	29	28	29	27	27	27	30	30
LOC_709	30	29	28	29	29	29	30	30	30	28	29
LOC_710	20	20	19	21	20	19	21	21	20	20	20
LOC_711	12	12	12	12	12	14	14	14	12	12	12
LOC_712	23	23	22	22	22	21	22	22	25	25	23
LOC_713	23	23	24	24	24	27	29	28	23	23	23
LOC_714	15	16	16	16	17	16	16	16	16	16	15
LOC_715	16	18	16	16	16	16	16	16	17	18	16
LOC_716	28	28	29	26	26	26	25	25	30	30	28
LOC_717	29	30	28	32	29	30	29	27	32	32	30
LOC_718	17	16	16	16	16	18	18	18	19	16	17
LOC_719	29	29	29	28	31	28	27	27	29	30	29
LOC_720	28	28	28	26	26	26	29	27	28	28	30
LOC_721	28	29	29	32	29	30	29	29	28	28	28
LOC_722	16	16	16	16	19	16	17	17	16	17	16
LOC_723	21	21	22	20	20	22	23	23	21	20	21
LOC_724	27	27	25	24	25	26	25	24	24	26	28
LOC_725	19	20	19	19	19	18	21	25	20	18	19
LOC_726	22	24	25	27	24	24	22	24	23	24	23
LOC_727	23	21	21	21	22	22	21	21	21	21	21
LOC_728	18	12	16	17	17	17	17	17	12	12	18
LOC_729	27	24	25	23	23	26	27	27	23	23	27
LOC_730	30	28	25	27	26	29	32	32	28	28	30
LOC_731	27	26	26	25	25	25	27	24	29	29	27
LOC_732	18	17	17	15	17	17	17	17	17	17	17
LOC_733	22	22	22	22	21	22	22	22	22	22	22
LOC_734	27	27	24	25	25	25	25	27	25	24	27
LOC_735	28	25	27	29	30	29	29	28	26	25	28
LOC_736	22	18	20	21	21	21	21	21	19	19	20
LOC_737	17	17	17	17	17	17	18	17	17	17	17
LOC_738	28	28	26	27	24	29	28	24	28	27	27
LOC_739	16	16	15	15	15	15	15	15	16	16	16
LOC_740	21	23	21	21	21	22	21	21	23	23	21
LOC_741	24	24	25	28	26	28	25	25	25	26	25
LOC_742	18	22	21	21	20	20	22	20	22	22	22
LOC_743	20	20	20	20	20	20	20	20	23	22	20
LOC_744	14	12	14	14	14	14	14	14	12	12	14
LOC_745	16	15	17	17	17	17	19	19	15	15	16
LOC_746	29	27	28	27	28	26	24	26	27	27	28
LOC_747	16	16	18	12	16	16	16	16	16	16	16
LOC_748	15	15	15	15	15	15	16	15	15	15	15
LOC_749	21	23	21	21	21	19	18	18	22	22	21
LOC_750	22	22	22	22	22	22	22	22	21	21	22
LOC_751	17	17	18	18	18	19	19	18	17	16	18
LOC_752	24	22	23	22	23	22	22	22	23	22	23
LOC_753	22	22	22	22	22	18	18	18	22	22	22
LOC_754	26	29	30	31	29	26	28	26	28	28	27
LOC_755	16	17	17	17	17	17	19	16	17	17	16
LOC_756	16	16	17	16	16	16	16	16	17	16	16
LOC_757	16	16	15	16	16	16	17	17	16	16	16
LOC_758	13	13	13	13	14	13	13	14	13	13	13
LOC_759	19	20	18	19	19	20	20	20	22	20	19
LOC_760	16	16	13	14	13	13	13	13	17	17	16
LOC_761	21	19	20	30	22	23	25	29	20	19	20
LOC_762	16	16	15	15	15	15	16	16	16	16	16
LOC_763	25	27	25	26	26	25	26	24	26	27	26
LOC_764	22	24	24	24	24	24	24	25	23	24	22
LOC_765	27	27	30	28	28	30	31	30	26	28	27
LOC_766	15	16	16	15	15	14	15	15	15	15	15
LOC_767	18	19	18	19	18	19	17	17	18	18	18
LOC_768	25	26	26	27	27	27	24	25	27	26	26
LOC_769	27	23	26	26	26	28	28	27	25	25	25
LOC_770	26	26	29	23	24	24	23	23	25	26	26
LOC_771	23	23	22	22	22	23	23	21	24	23	23
LOC_772	21	19	20	21	19	18	18	18	21	21	21
LOC_773	16	16	16	16	16	16	17	17	16	15	16
LOC_774	26	25	25	26	24	24	24	24	23	24	25
LOC_775	20	24	22	23	20	22	22	22	22	22	20
LOC_776	23	21	21	21	21	19	20	21	24	22	21
LOC_777	26	24	24	23	25	24	26	26	24	23	26
LOC_778	16	16	17	16	16	16	17	17	18	19	16
LOC_779	20	19	19	16	16	18	17	17	19	19	20
LOC_780	25	27	28	27	26	27	23	26	28	25	26
LOC_781	26	25	25	27	27	25	25	25	25	25	26
LOC_782	14	15	14	15	14	14	14	14	15	15	14
LOC_783	26	25	24	23	22	24	25	23	26	28	26
LOC_784	26	24	25	24	22	25	24	24	27	24	26
LOC_785	24	24	23	21	21	21	19	19	24	24	24
LOC_786	25	23	23	24	21	23	23	19	24	23	26
LOC_787	20	23	21	21	22	22	23	24	18	19	21
LOC_788	27	22	24	24	22	24	22	22	23	24	26
LOC_789	18	18	17	18	17	17	19	19	18	18	18
LOC_790	28	23	24	26	27	24	24	24	27	26	26
LOC_791	25	25	26	25	25	24	24	27	29	30	26
LOC_792	16	16	15	15	15	15	15	15	15	16	16
LOC_793	19	19	19	20	22	19	20	21	20	19	19
LOC_794	20	19	20	20	19	20	18	18	20	20	20
LOC_795	21	23	23	22	23	22	23	23	22	24	21
LOC_796	18	18	18	18	18	18	15	18	18	19	18
LOC_797	26	28	28	26	27	28	26	26	30	28	27
LOC_798	26	26	27	26	28	28	28	25	27	26	26
LOC_799	26	25	25	26	27	27	28	27	27	21	26
LOC_800	9	9	9	9	11	10	9	9	9	9	9
LOC_801	28	26	26	25	24	27	27	26	27	29	26
LOC_802	26	27	26	26	25	26	26	27	26	26	26
LOC_803	20	19	20	20	20	21	20	20	20	20	20
LOC_804	16	16	15	17	17	16	16	16	16	17	16
LOC_805	16	16	16	16	16	16	16	16	16	17	16
LOC_806	17	19	19	19	19	19	22	22	19	19	17
LOC_807	16	16	16	16	16	18	16	16	16	16	16
LOC_808	20	20	20	19	19	19	18	18	20	20	20
LOC_809	26	23	24	25	25	26	27	26	26	26	26
LOC_810	17	17	17	17	17	16	16	17	18	18	17
LOC_811	19	18	19	18	18	19	20	21	18	18	19
LOC_812	19	19	19	19	18	17	17	17	20	19	19
LOC_813	26	24	28	25	26	28	25	28	27	25	26
LOC_814	30	27	30	28	27	28	27	26	26	26	26
LOC_815	26	26	26	26	26	25	24	23	29	27	26
LOC_816	16	16	16	16	16	16	16	16	17	16	16
LOC_817	22	20	22	22	23	22	21	21	20	20	22
LOC_818	25	22	22	22	25	22	23	22	22	21	25
LOC_819	7	7	7	7	7	7	7	7	7	7	7
LOC_820	16	16	15	16	16	19	16	16	16	16	16
LOC_821	28	29	31	27	27	27	26	28	27	29	28
LOC_822	24	25	24	24	25	24	25	23	23	23	25
LOC_823	15	16	15	13	16	16	16	16	15	15	15
LOC_824	19	22	21	21	21	21	21	21	22	22	21
LOC_825	25	24	25	25	25	24	22	22	25	25	25
LOC_826	18	18	18	14	17	18	18	18	18	18	18
LOC_827	21	19	19	19	20	19	18	19	20	18	21
LOC_828	19	18	18	19	19	18	18	18	18	18	19
LOC_829	16	16	16	16	16	16	16	17	18	20	16
LOC_830	25	24	27	25	25	25	28	25	23	23	25
LOC_831	25	26	26	28	28	26	28	29	29	32	25
LOC_832	17	15	17	17	17	17	15	18	15	15	16
LOC_833	15	14	14	14	14	14	14	14	15	16	14
LOC_834	22	23	23	24	26	24	26	25	22	26	21
LOC_835	25	24	24	24	25	26	27	27	26	25	25
LOC_836	15	15	16	17	17	17	17	17	15	15	15
LOC_837	12	12	12	14	14	12	12	12	12	12	12
LOC_838	21	23	27	23	24	24	25	25	24	23	23
LOC_839	18	18	18	18	18	18	16	16	18	18	18
LOC_840	20	20	21	21	20	21	19	19	19	20	20
LOC_841	14	14	10	14	14	14	15	15	14	14	14
LOC_842	25	23	26	24	24	23	22	24	24	24	25
LOC_843	18	17	17	15	15	14	14	13	17	17	17
LOC_844	26	25	23	22	22	22	22	21	26	26	26
LOC_845	23	24	27	27	27	26	27	25	23	23	25
LOC_846	18	18	18	18	18	18	18	19	18	18	18
LOC_847	25	23	26	28	30	27	30	27	22	22	25
LOC_848	19	18	19	22	20	20	19	18	17	17	19
LOC_849	27	25	26	27	27	28	29	29	26	26	25
LOC_850	17	17	17	19	18	17	17	17	17	17	17
LOC_851	23	23	27	27	26	31	25	25	23	24	23
LOC_852	15	16	15	15	15	15	16	15	15	15	15
LOC_853	25	26	24	23	24	25	26	26	25	25	25
LOC_854	25	24	24	22	23	24	23	23	24	24	25
LOC_855	18	18	18	18	18	18	19	18	18	18	18
LOC_856	24	27	28	30	30	29	28	28	26	29	26
LOC_857	29	30	30	27	27	29	29	28	27	28	29
LOC_858	13	14	15	16	17	16	16	16	14	14	14
LOC_859	15	16	18	18	17	18	19	17	16	16	14
LOC_860	22	22	23	26	26	25	27	26	22	21	22
LOC_861	17	17	17	17	17	17	16	16	17	15	17
LOC_862	15	15	15	15	15	15	15	15	15	15	15
LOC_863	20	20	20	20	20	20	21	21	19	19	20
LOC_864	22	24	23	23	23	21	20	20	24	24	24
LOC_865	24	24	25	22	22	27	25	25	23	24	25
LOC_866	26	25	25	24	23	20	23	23	23	24	25
LOC_867	18	17	18	18	18	18	18	15	17	17	18
LOC_868	24	24	25	27	27	27	27	27	24	25	25
LOC_869	21	23	21	20	21	21	21	22	23	23	21
LOC_870	13	13	13	12	12	14	15	15	13	13	13
LOC_871	14	13	14	14	14	14	14	14	14	14	14
LOC_872	27	26	24	25	25	26	26	24	24	24	25
LOC_873	17	17	17	16	16	16	17	17	15	17	17
LOC_874	24	24	24	22	21	21	21	21	23	24	24
LOC_875	18	18	18	19	21	20	20	20	17	18	18
LOC_876	16	17	17	18	19	18	18	18	18	17	17
LOC_877	23	26	25	24	24	23	25	23	26	28	25
LOC_878	25	26	25	24	24	24	24	24	27	26	25
LOC_879	25	25	26	25	25	25	23	23	25	25	25
LOC_880	25	24	24	25	24	26	23	23	24	24	25
LOC_881	17	17	17	16	16	16	16	16	17	17	17
LOC_882	21	20	20	20	20	20	22	22	19	16	20
LOC_883	24	23	26	27	25	27	27	25	26	27	25
LOC_884	16	15	15	15	15	15	15	15	15	15	15
LOC_885	16	18	17	18	18	17	17	17	18	18	17
LOC_886	22	26	25	26	26	27	28	29	27	26	25
LOC_887	25	26	25	24	24	24	25	23	26	26	25
LOC_888	22	22	26	25	25	26	29	30	23	22	25
LOC_889	26	24	25	24	26	26	26	27	25	25	23
LOC_890	23	22	22	23	22	23	22	22	21	22	22
LOC_891	25	25	25	25	26	24	25	25	29	28	25
LOC_892	24	21	22	22	22	22	22	20	21	21	22
LOC_893	19	19	19	19	21	19	20	20	19	19	19
LOC_894	18	18	18	18	17	18	18	18	19	19	18
LOC_895	24	24	24	24	24	25	24	25	26	23	24
LOC_896	24	25	25	25	25	26	26	26	26	26	25
LOC_897	17	21	21	20	21	20	23	22	21	19	17
LOC_898	23	24	25	23	23	18	30	25	24	25	25
LOC_899	25	23	25	22	22	22	23	22	22	22	25
LOC_900	24	27	25	25	24	25	23	23	28	27	24
LOC_901	25	25	24	27	27	27	25	26	26	25	25
LOC_902	23	24	22	22	22	22	22	22	24	24	23
LOC_903	25	22	23	24	25	24	22	24	20	18	25
LOC_904	14	16	17	17	16	17	18	17	17	17	14
LOC_905	25	29	24	26	24	25	25	26	27	26	25
LOC_906	15	15	15	13	13	15	13	14	15	15	15
LOC_907	18	18	18	18	18	18	17	17	18	18	18
LOC_908	22	20	23	22	24	22	22	22	20	19	22
LOC_909	25	24	29	27	29	27	25	29	25	25	25
LOC_910	17	17	18	18	18	20	19	19	18	18	17
LOC_911	19	21	20	19	18	20	20	20	21	21	19
LOC_912	13	12	11	11	11	12	11	11	11	11	11
LOC_913	18	17	17	17	17	15	14	15	17	17	18
LOC_914	25	28	30	32	30	31	33	30	26	27	25
LOC_915	25	27	22	22	23	23	23	24	25	24	25
LOC_916	23	18	18	18	18	18	18	18	18	18	18
LOC_917	15	16	16	15	15	15	15	15	17	17	15
LOC_918	16	16	16	16	16	16	16	16	15	16	16
LOC_919	14	15	14	14	14	15	15	15	14	14	14
LOC_920	18	18	18	18	18	16	17	16	18	18	18
LOC_921	16	15	17	17	17	17	17	18	15	15	16
LOC_922	22	22	22	22	22	22	20	19	21	21	22
LOC_923	25	23	25	25	25	24	27	24	23	23	25
LOC_924	25	23	21	23	23	24	24	24	25	24	25
LOC_925	14	12	12	12	12	12	12	12	12	12	14
LOC_926	25	24	26	26	25	26	27	27	26	24	25
LOC_927	28	28	25	26	28	22	27	25	26	26	25
LOC_928	25	23	26	22	25	25	27	26	25	29	25
LOC_929	15	15	15	19	18	19	19	19	15	15	15
LOC_930	10	10	10	10	10	10	10	12	11	11	10
LOC_931	24	21	23	22	22	23	21	22	22	22	24
LOC_932	24	24	23	23	23	23	22	24	23	24	24
LOC_933	23	26	22	26	26	28	30	31	26	26	24
LOC_934	24	24	24	24	23	26	26	28	25	25	24
LOC_935	17	16	17	16	16	16	16	16	15	16	17
LOC_936	22	22	23	23	23	23	23	23	22	23	23
LOC_937	24	24	24	24	25	23	23	23	23	22	24
LOC_938	17	19	18	21	21	20	20	20	20	20	17
LOC_939	21	20	19	19	19	21	19	20	21	20	19
LOC_940	19	18	16	19	15	19	20	19	18	18	19
LOC_941	14	13	14	14	14	14	14	14	13	13	14
LOC_942	22	22	21	23	23	23	23	23	24	23	24
LOC_943	20	18	20	21	21	21	21	22	21	20	20
LOC_944	18	20	18	17	16	17	17	16	18	19	18
LOC_945	17	17	17	14	15	17	21	17	17	17	17
LOC_946	24	23	24	24	24	25	23	24	24	24	24
LOC_947	26	23	22	21	22	22	22	21	23	23	24
LOC_948	21	19	19	20	21	19	18	20	19	19	20
LOC_949	22	21	20	20	21	21	21	21	19	19	23
LOC_950	23	26	23	20	20	20	20	21	26	27	24
LOC_951	21	20	19	17	16	18	18	17	19	20	20
LOC_952	20	20	19	20	20	20	20	20	20	19	20
LOC_953	24	24	24	24	24	24	25	25	24	25	24
LOC_954	22	22	24	22	24	25	25	21	22	22	22
LOC_955	23	25	24	20	23	23	25	25	24	25	24
LOC_956	24	23	24	26	26	23	21	20	19	19	24
LOC_957	24	25	24	24	25	22	26	21	25	26	24
LOC_958	16	16	15	16	16	19	17	17	16	16	16
LOC_959	20	18	18	18	18	18	18	18	18	18	18
LOC_960	24	25	25	24	24	29	24	27	24	25	24
LOC_961	26	23	23	20	28	25	22	21	23	24	25
LOC_962	25	23	24	26	25	22	23	23	23	25	24
LOC_963	24	24	24	24	19	22	22	22	24	24	24
LOC_964	16	17	16	16	16	17	17	17	16	18	16
LOC_965	23	23	23	24	24	26	23	24	21	21	23
LOC_966	20	18	20	24	22	19	20	20	20	20	20
LOC_967	23	22	24	24	23	24	23	22	24	24	24
LOC_968	24	26	29	26	25	26	26	27	26	29	24
LOC_969	18	19	21	21	22	21	22	21	20	20	18
LOC_970	19	19	19	19	19	19	19	19	18	18	19
LOC_971	24	21	25	23	21	21	20	21	21	22	24
LOC_972	25	24	26	28	26	26	25	27	24	24	24
LOC_973	29	29	29	30	27	31	30	32	28	30	30
LOC_974	14	15	14	14	14	14	13	13	14	14	14
LOC_975	14	14	14	14	15	14	14	14	14	14	14
LOC_976	29	30	27	30	30	26	26	27	30	26	29
LOC_977	17	17	17	18	18	17	18	18	17	18	17
LOC_978	17	19	18	19	20	16	20	20	17	17	17
LOC_979	25	22	26	26	24	23	26	27	23	19	25
LOC_980	16	16	16	16	15	19	16	16	16	16	16
LOC_981	24	20	20	21	21	20	17	20	21	21	22
LOC_982	15	13	14	16	16	16	16	15	13	13	14
LOC_983	24	23	23	24	24	22	22	22	24	21	24
LOC_984	24	24	23	21	21	22	22	22	25	23	24
LOC_985	14	14	14	14	14	14	14	15	15	15	14
LOC_986	19	17	19	17	17	18	18	20	18	17	17
LOC_987	26	25	26	26	25	23	21	23	25	25	24
LOC_988	18	17	18	18	19	19	18	18	20	20	18
LOC_989	23	22	24	26	25	28	31	29	21	21	24
LOC_990	23	24	24	25	23	20	21	23	25	23	24
LOC_991	15	15	15	15	14	15	15	15	15	15	15
LOC_992	23	24	23	24	25	23	23	23	25	25	23
LOC_993	18	19	20	20	20	20	19	20	20	20	19
LOC_994	24	23	22	24	25	24	24	24	24	23	24
LOC_995	25	25	24	24	24	23	25	23	27	26	24
LOC_996	23	22	22	24	24	21	25	26	22	22	24
LOC_997	24	25	25	25	27	24	27	26	25	25	24
LOC_998	14	14	14	14	14	14	13	14	13	15	14
LOC_999	24	24	23	23	23	23	24	24	23	23	24
LOC_1000	22	21	21	20	21	21	23	23	21	20	21
LOC_1001	19	19	19	20	20	19	19	19	19	19	19
LOC_1002	23	25	25	24	25	27	27	26	27	25	24
LOC_1003	24	26	23	24	23	22	23	21	23	24	24
LOC_1004	17	16	17	17	18	17	17	17	17	17	17
LOC_1005	7	8	7	8	8	8	9	8	8	8	7
LOC_1006	23	22	24	24	24	24	23	24	22	24	24
LOC_1007	18	18	19	18	18	20	17	18	19	18	18
LOC_1008	21	21	21	21	19	22	20	21	20	20	21
LOC_1009	23	24	24	24	23	26	27	27	24	24	24
LOC_1010	15	15	15	15	15	15	15	15	15	16	15
LOC_1011	24	25	22	23	23	23	24	24	25	26	24
LOC_1012	24	25	24	26	25	24	20	20	22	23	24
LOC_1013	24	24	23	23	23	24	24	25	25	25	24
LOC_1014	23	25	25	25	25	22	22	22	24	25	23
LOC_1015	16	16	16	19	19	19	19	19	16	16	16
LOC_1016	15	16	13	14	14	14	14	14	14	14	14
LOC_1017	24	25	23	21	21	23	23	23	24	26	24
LOC_1018	24	23	25	22	23	25	27	27	24	25	24
LOC_1019	14	15	15	15	15	16	16	16	17	19	15
LOC_1020	23	23	23	24	23	23	22	21	23	23	23
LOC_1021	15	15	15	15	17	15	17	15	15	14	15
LOC_1022	25	23	23	20	21	21	27	27	22	23	24
LOC_1023	24	22	23	23	23	23	23	26	23	23	24
LOC_1024	29	30	26	26	26	28	28	27	29	29	29
