names	Run1_C_10	Run1_C_16	Run1_C_17	Run1_C_18	Run1_C_19	Run1_C_21	Run1_C_22	Run1_C_23	Run1_C_24	Run1_C_25	Run1_C_26	Run1_C_28	Run1_C_29	Run1_C_30	Run1_C_31	Run1_C_32	Run1_C_33	root
LOC_1	19	19	18	20	20	20	19	19	19	18	19	22	23	19	17	19	19	19
LOC_2	20	20	20	19	20	20	19	22	20	19	21	23	21	20	20	20	20	20
LOC_3	9	7	7	7	7	9	9	9	7	7	7	9	9	7	7	7	7	7
LOC_4	7	7	7	7	5	7	7	7	7	7	7	7	7	7	7	7	7	7
LOC_5	7	8	7	7	7	7	7	7	7	7	7	7	7	8	7	7	7	7
LOC_6	14	16	17	16	16	15	15	15	16	16	16	15	15	17	17	16	16	16
LOC_7	12	14	14	13	13	14	14	14	13	13	13	15	14	15	15	13	13	13
LOC_8	23	22	22	20	20	23	22	20	23	23	23	25	23	23	21	23	23	22
LOC_9	15	15	15	15	16	15	15	15	15	15	16	15	16	15	14	16	16	15
LOC_10	17	17	17	17	18	18	17	17	17	17	17	17	17	18	17	18	18	17
LOC_11	21	21	21	20	19	20	21	21	23	22	23	18	18	21	21	23	23	23
LOC_12	20	22	22	20	19	19	19	19	20	20	17	18	18	21	22	17	19	17
LOC_13	16	17	17	17	18	17	17	17	18	17	17	19	17	18	18	17	17	17
LOC_14	18	18	17	18	18	18	21	21	18	18	17	18	18	19	19	18	18	18
LOC_15	25	27	25	27	26	26	26	26	26	26	31	26	27	26	26	29	29	27
LOC_16	14	14	14	16	16	14	14	14	16	16	15	14	14	14	14	15	15	14
LOC_17	15	15	15	15	15	15	15	15	16	15	15	15	16	15	16	15	15	15
LOC_18	21	22	22	26	26	21	22	21	22	22	23	21	21	21	22	21	21	23
LOC_19	22	26	26	24	24	23	25	25	22	23	19	23	22	25	24	21	20	22
LOC_20	16	16	14	15	15	16	15	15	15	15	15	16	16	11	13	15	16	15
LOC_21	13	13	13	14	14	13	13	13	13	13	13	13	14	13	13	13	13	13
LOC_22	21	23	23	23	23	21	21	21	21	22	22	20	21	19	19	21	21	21
LOC_23	16	17	19	16	15	16	16	16	16	16	15	16	16	16	16	14	14	16
LOC_24	23	23	24	22	24	23	22	22	23	23	23	22	22	23	21	23	23	23
LOC_25	24	23	22	23	22	23	22	23	20	20	21	23	23	25	25	20	20	22
LOC_26	16	16	16	16	16	17	16	16	16	16	15	17	17	16	16	15	15	15
LOC_27	16	19	16	16	16	16	16	16	16	16	17	16	17	16	16	18	18	17
LOC_28	22	21	21	21	21	21	20	23	23	21	22	22	22	21	21	21	21	21
LOC_29	24	24	26	24	23	23	24	24	23	23	26	27	26	28	26	25	25	25
LOC_30	18	18	17	19	19	17	18	17	21	19	21	17	17	18	16	21	22	19
LOC_31	28	26	26	26	26	30	28	28	24	25	26	28	29	25	25	25	25	26
LOC_32	23	21	21	21	20	22	23	23	20	21	20	23	23	21	21	20	25	20
LOC_33	13	16	16	15	15	13	17	17	15	15	15	13	13	16	16	14	14	15
LOC_34	14	14	14	15	16	14	14	14	17	14	14	14	14	14	14	14	14	14
LOC_35	22	20	20	19	19	21	21	23	19	19	20	21	21	22	22	19	19	19
LOC_36	22	20	21	20	20	22	20	20	19	20	21	21	22	20	20	21	20	20
LOC_37	20	21	20	24	23	19	16	16	23	23	20	16	19	20	20	21	21	21
LOC_38	16	16	16	16	17	16	16	16	17	16	15	17	17	16	16	15	17	16
LOC_39	20	19	17	20	20	22	21	21	20	20	21	22	23	20	20	20	20	20
LOC_40	14	14	14	15	13	14	15	14	14	14	14	14	14	14	14	13	14	14
LOC_41	22	22	22	21	23	21	21	22	27	27	21	21	22	22	23	21	21	21
LOC_42	21	24	21	24	24	19	21	21	20	21	22	20	19	20	19	21	21	21
LOC_43	17	18	18	16	16	19	19	19	16	16	16	20	20	18	18	18	18	18
LOC_44	20	21	20	17	17	21	20	20	18	18	19	21	21	22	20	20	19	18
LOC_45	18	18	18	17	17	18	17	18	17	18	21	18	18	18	19	19	18	18
LOC_46	19	20	20	20	20	19	20	20	20	22	20	19	19	20	20	20	20	20
LOC_47	15	15	16	14	14	15	15	15	14	14	16	15	16	15	15	16	17	15
LOC_48	19	19	19	20	19	19	19	19	18	18	17	20	20	19	17	15	15	17
LOC_49	15	17	17	16	15	15	15	15	15	15	16	15	15	16	16	16	16	15
LOC_50	16	15	16	16	16	16	16	16	16	16	16	16	16	17	16	15	16	16
LOC_51	23	21	21	22	22	22	22	22	22	22	15	22	22	21	21	20	20	20
LOC_52	19	20	20	20	18	19	19	20	18	19	18	21	19	20	20	18	18	19
LOC_53	25	27	28	23	24	26	26	27	23	23	21	27	27	28	28	22	20	23
LOC_54	21	22	20	21	21	22	21	21	23	23	20	24	22	20	20	19	20	20
LOC_55	20	20	19	21	22	20	21	20	20	21	20	19	20	20	21	19	22	20
LOC_56	19	20	21	21	21	18	19	19	20	20	19	20	18	20	20	19	19	19
LOC_57	19	19	19	24	22	20	23	22	24	25	22	22	21	20	20	22	23	23
LOC_58	21	19	20	21	21	21	20	21	20	20	20	19	21	20	21	21	21	21
LOC_59	10	11	11	9	9	10	10	10	9	9	9	10	10	11	11	9	9	9
LOC_60	22	20	21	20	20	20	21	20	20	19	19	20	21	19	20	19	19	20
LOC_61	27	26	30	21	25	26	25	26	21	21	25	28	28	26	25	22	23	24
LOC_62	19	19	19	19	19	17	19	16	20	19	18	20	20	19	19	19	19	18
LOC_63	18	17	17	15	15	18	18	18	15	15	17	19	18	17	17	17	17	17
LOC_64	18	20	17	16	17	18	18	18	17	17	17	18	18	18	18	17	17	17
LOC_65	18	17	17	17	16	16	16	16	18	18	18	16	16	17	17	17	17	17
LOC_66	20	21	21	21	17	21	20	20	20	20	21	21	22	21	21	20	22	21
LOC_67	23	22	22	23	22	25	23	23	22	18	21	24	24	21	21	24	23	22
LOC_68	16	16	16	16	16	16	16	16	16	19	17	16	16	16	17	16	15	16
LOC_69	20	22	23	19	19	20	21	21	20	19	21	20	20	23	25	21	21	21
LOC_70	23	24	24	25	25	22	23	23	27	26	23	21	22	19	25	22	22	23
LOC_71	15	17	16	17	17	15	16	16	17	17	16	15	15	17	16	17	17	16
LOC_72	24	20	20	20	20	25	23	22	20	21	20	27	26	20	20	25	24	20
LOC_73	18	19	17	19	19	18	18	18	19	19	16	19	18	18	19	18	18	19
LOC_74	21	21	20	20	22	21	20	21	22	21	22	21	21	21	19	21	21	22
LOC_75	22	21	23	24	24	20	22	23	23	24	23	20	20	22	23	28	27	23
LOC_76	21	22	22	20	20	21	21	21	22	23	20	21	21	22	24	21	21	21
LOC_77	14	14	14	14	14	14	14	14	14	16	14	14	14	14	14	14	14	14
LOC_78	24	24	23	23	23	25	25	24	20	24	22	24	24	23	22	20	20	22
LOC_79	13	17	17	15	15	14	14	13	15	15	15	14	14	15	15	15	15	15
LOC_80	23	25	26	23	23	25	23	21	23	24	24	29	24	27	25	25	26	24
LOC_81	19	16	16	16	16	19	16	16	16	16	15	19	19	16	16	16	15	16
LOC_82	21	21	21	20	20	20	20	20	21	21	20	21	22	21	21	22	22	20
LOC_83	18	17	17	18	18	17	17	17	18	17	18	17	17	18	17	17	17	18
LOC_84	17	13	14	17	17	15	17	15	17	17	16	17	17	17	17	16	16	16
LOC_85	19	21	21	21	21	19	19	19	20	22	22	20	19	21	22	22	19	21
LOC_86	15	16	16	16	16	15	16	16	15	15	16	15	15	17	17	16	16	16
LOC_87	21	21	21	21	22	20	21	23	21	20	20	19	19	22	21	19	19	20
LOC_88	21	24	24	22	21	21	21	22	20	20	22	21	23	22	22	23	24	22
LOC_89	25	25	25	26	24	25	26	25	25	26	25	25	26	26	25	25	23	26
LOC_90	21	20	20	21	21	20	23	20	19	19	20	20	20	21	21	20	20	20
LOC_91	16	14	16	17	16	16	16	16	16	16	14	16	16	16	16	14	14	17
LOC_92	19	26	22	20	20	19	17	17	20	20	19	19	19	21	21	19	19	19
LOC_93	11	11	11	11	11	11	11	11	11	11	12	12	10	11	11	12	12	12
LOC_94	15	16	18	15	15	17	16	15	15	15	15	17	18	15	15	16	16	15
LOC_95	15	13	13	13	13	15	14	14	14	13	13	14	14	13	13	13	13	13
LOC_96	22	20	20	19	21	22	19	21	20	20	20	22	22	20	21	21	20	20
LOC_97	21	23	22	21	20	21	25	24	23	23	20	22	21	20	20	20	20	20
LOC_98	16	16	16	15	15	16	17	17	17	16	15	16	16	17	17	15	14	15
LOC_99	13	18	17	16	16	13	13	13	18	16	16	13	13	17	17	17	17	16
LOC_100	14	14	14	15	14	14	14	14	14	14	14	14	14	14	14	14	14	14
LOC_101	22	20	21	24	24	20	21	21	22	23	20	22	22	19	19	20	18	21
LOC_102	19	20	19	18	19	19	19	19	16	16	19	21	19	19	14	18	19	19
LOC_103	17	16	13	16	16	18	16	16	16	15	14	17	17	15	15	14	14	14
LOC_104	20	21	21	20	21	22	23	22	21	21	21	21	22	21	21	21	21	21
LOC_105	18	17	16	17	17	18	19	18	17	17	19	18	18	17	17	19	18	16
LOC_106	29	26	25	28	29	26	24	26	28	29	28	31	29	27	27	25	28	28
LOC_107	15	15	16	16	16	15	15	15	14	15	15	16	16	15	15	15	15	15
LOC_108	21	22	21	22	20	22	20	20	22	22	24	22	21	21	20	25	22	23
LOC_109	17	17	17	15	15	17	16	16	15	14	15	17	17	16	16	14	14	14
LOC_110	17	16	16	16	16	16	16	16	17	17	16	16	16	14	16	17	16	16
LOC_111	14	14	14	15	15	14	14	14	12	13	15	14	15	14	14	15	15	15
LOC_112	23	22	22	23	21	23	22	22	21	21	21	24	26	23	24	21	21	21
LOC_113	14	15	14	15	14	14	14	14	14	15	14	14	14	14	14	14	15	14
LOC_114	17	17	17	17	16	16	17	17	17	17	17	16	14	17	18	16	12	17
LOC_115	13	15	15	15	15	13	14	14	16	15	14	13	13	15	15	14	14	14
LOC_116	15	14	14	14	14	15	15	15	14	14	14	15	15	14	14	14	14	14
LOC_117	21	18	19	19	20	19	20	22	19	18	19	22	22	20	19	20	22	19
LOC_118	15	16	16	17	17	16	16	17	18	18	16	16	18	17	17	14	12	16
LOC_119	22	24	25	22	22	22	22	23	22	22	25	23	22	23	23	23	22	23
LOC_120	18	18	17	20	18	18	18	18	18	19	18	18	17	19	19	18	18	18
LOC_121	18	17	17	20	18	18	18	20	16	19	18	18	18	18	18	18	18	18
LOC_122	23	27	24	20	21	23	24	22	22	24	20	24	23	23	23	19	19	19
LOC_123	23	23	24	24	24	23	24	24	27	25	23	23	23	23	25	24	25	24
LOC_124	21	24	22	23	23	21	22	21	24	27	22	21	21	22	22	23	23	22
LOC_125	26	27	25	29	26	27	26	26	24	23	27	25	27	26	25	27	26	27
LOC_126	16	14	14	14	14	16	16	16	15	15	14	16	16	13	13	14	16	14
LOC_127	24	26	26	24	24	24	24	23	26	24	21	25	25	27	26	21	21	22
LOC_128	22	20	20	23	22	21	21	20	20	22	17	24	24	20	21	19	19	20
LOC_129	22	19	19	19	19	19	19	19	19	21	19	19	18	19	19	18	20	19
LOC_130	26	25	23	25	24	27	25	25	25	25	25	25	24	26	25	25	25	24
LOC_131	15	15	15	12	12	15	15	14	15	15	15	15	15	15	15	15	15	15
LOC_132	22	21	21	20	21	21	23	22	20	20	21	21	21	20	20	21	21	21
LOC_133	23	24	24	24	25	25	23	24	24	23	24	23	24	23	24	24	22	22
LOC_134	24	24	24	27	24	24	25	28	24	23	25	24	25	23	23	24	24	23
LOC_135	14	14	13	14	13	14	13	13	14	15	14	14	14	14	14	13	14	14
LOC_136	17	15	15	17	15	16	17	17	17	15	16	18	16	15	15	16	16	15
LOC_137	23	25	24	24	24	24	24	24	23	23	25	24	22	22	22	24	25	24
LOC_138	18	19	19	20	21	19	17	17	20	19	21	17	17	19	19	22	20	21
LOC_139	12	16	16	17	17	16	16	16	17	17	18	17	17	16	16	16	17	17
LOC_140	17	18	18	17	17	17	17	17	18	17	17	18	17	18	18	17	17	17
LOC_141	16	18	16	16	16	15	16	16	16	16	18	14	13	17	17	15	14	15
LOC_142	24	25	23	25	24	23	26	25	29	30	27	23	23	26	26	27	27	27
LOC_143	21	21	21	23	21	19	21	21	21	21	21	21	21	21	23	21	21	21
LOC_144	16	16	17	16	16	16	16	16	16	16	16	15	16	16	15	16	16	16
LOC_145	21	21	22	21	21	23	21	21	21	21	19	24	22	20	20	20	20	20
LOC_146	22	21	21	21	21	22	21	21	20	21	20	22	21	19	18	20	20	20
LOC_147	19	19	21	22	21	20	21	21	20	21	21	20	21	21	20	25	21	21
LOC_148	19	17	19	15	15	19	19	19	17	17	14	19	20	17	16	14	14	14
LOC_149	26	20	20	18	19	24	24	25	18	18	19	25	24	21	20	18	17	18
LOC_150	15	15	16	15	15	15	15	15	16	15	15	16	16	15	15	15	15	15
LOC_151	16	18	18	17	17	20	17	16	16	16	16	16	16	17	17	16	16	16
LOC_152	20	21	21	21	21	19	21	19	20	20	19	22	22	21	20	19	19	20
LOC_153	22	19	19	18	18	22	20	20	18	18	20	21	22	22	22	23	20	20
LOC_154	18	18	18	19	19	18	20	19	19	18	19	16	18	20	20	18	17	18
LOC_155	21	23	24	18	18	22	21	21	18	18	21	23	22	24	23	21	21	21
LOC_156	16	17	18	18	18	14	17	18	18	19	17	17	16	16	17	17	16	17
LOC_157	18	18	18	18	18	18	19	19	15	14	17	18	18	16	19	17	17	17
LOC_158	20	21	21	22	22	20	20	21	22	22	22	20	19	21	21	25	24	22
LOC_159	20	22	22	17	17	20	20	20	18	18	15	20	20	20	22	12	12	15
LOC_160	19	20	19	19	19	20	19	19	19	20	21	18	21	19	19	20	20	19
LOC_161	20	20	20	22	22	19	20	20	21	21	20	19	19	21	21	21	21	21
LOC_162	23	23	23	22	21	22	23	24	20	19	18	23	23	23	24	18	18	20
LOC_163	17	18	18	18	18	17	18	18	18	19	19	18	21	18	18	19	18	18
LOC_164	22	19	19	22	22	23	22	22	22	22	20	24	24	22	22	21	21	20
LOC_165	17	19	17	15	15	17	17	17	15	15	14	16	17	17	17	15	15	15
LOC_166	16	16	15	17	17	17	18	16	17	17	17	17	16	18	18	17	17	17
LOC_167	13	11	11	15	15	13	13	13	15	15	16	13	13	11	11	16	17	16
LOC_168	28	29	31	29	29	29	31	31	26	28	27	28	26	27	27	27	28	28
LOC_169	21	23	23	25	24	23	24	23	21	23	24	26	21	22	21	23	23	23
LOC_170	19	19	19	18	18	21	19	19	17	16	20	20	21	18	19	19	20	19
LOC_171	23	24	22	21	22	27	23	23	21	21	22	21	22	24	24	24	24	23
LOC_172	20	23	23	22	22	20	24	22	22	22	22	20	20	22	24	22	22	22
LOC_173	16	16	13	17	17	15	16	16	16	16	16	15	15	16	16	16	16	16
LOC_174	23	22	22	22	21	20	22	18	22	22	22	21	20	23	22	22	22	22
LOC_175	27	27	27	25	26	27	27	28	30	29	27	27	27	29	26	27	25	27
LOC_176	13	13	13	14	14	13	13	13	14	14	15	13	13	13	13	14	14	14
LOC_177	28	26	26	25	25	27	27	26	28	27	24	29	28	25	27	24	24	24
LOC_178	23	23	24	26	23	24	23	22	24	26	23	23	24	23	23	21	23	23
LOC_179	23	23	23	20	20	26	22	24	19	19	24	26	29	21	23	25	26	23
LOC_180	21	22	22	24	24	22	20	23	24	25	20	22	24	23	22	23	22	22
LOC_181	20	19	20	20	20	19	20	20	18	19	18	19	19	19	19	18	20	18
LOC_182	23	22	23	23	19	25	23	23	26	26	23	23	23	24	24	23	23	23
LOC_183	24	27	27	27	24	24	25	25	25	25	24	23	24	25	26	23	25	25
LOC_184	16	17	17	15	16	17	16	16	16	16	16	16	16	14	17	17	17	16
LOC_185	20	19	19	18	18	20	20	19	21	20	20	20	20	20	19	20	20	20
LOC_186	13	16	16	16	16	13	13	13	18	18	16	12	13	18	16	16	14	16
LOC_187	22	20	21	20	20	22	20	20	18	18	21	21	21	21	21	21	23	21
LOC_188	25	24	24	28	26	24	25	25	23	23	25	24	24	22	23	23	22	25
LOC_189	15	15	15	15	15	16	15	15	15	15	14	18	18	15	15	14	14	14
LOC_190	21	22	21	26	25	21	22	22	21	21	23	21	22	19	21	22	24	22
LOC_191	19	17	17	17	17	19	17	17	17	17	16	19	19	18	17	16	16	17
LOC_192	21	20	21	21	21	21	21	21	20	20	20	20	23	23	23	21	21	21
LOC_193	16	16	16	15	15	16	16	16	15	13	15	16	16	16	16	15	15	15
LOC_194	18	16	16	18	18	18	19	18	18	18	18	18	18	16	16	18	18	18
LOC_195	17	17	17	19	19	19	18	18	20	19	18	20	20	17	17	18	18	18
LOC_196	23	22	24	23	23	24	23	23	24	24	22	25	24	24	25	21	20	22
LOC_197	24	22	23	21	23	23	21	21	20	20	19	23	25	24	23	21	20	21
LOC_198	26	24	26	27	27	26	26	25	28	28	27	25	26	29	29	29	26	27
LOC_199	13	14	14	14	14	13	13	13	14	14	15	13	13	14	14	14	14	14
LOC_200	22	23	22	25	23	20	21	22	23	23	25	21	20	21	22	24	24	23
LOC_201	25	25	26	30	27	23	23	20	24	27	24	26	25	26	24	24	24	24
LOC_202	17	17	17	18	19	17	17	17	17	17	17	17	18	17	16	17	17	17
LOC_203	20	17	18	18	18	18	21	20	18	18	18	19	20	18	18	18	18	18
LOC_204	23	22	21	18	18	24	21	22	18	18	17	22	22	24	24	17	17	18
LOC_205	15	15	15	15	15	15	15	15	13	15	14	15	15	14	15	14	14	14
LOC_206	22	20	21	22	22	20	22	22	23	21	20	20	20	20	23	22	22	20
LOC_207	16	18	18	14	14	16	16	16	14	14	14	16	16	16	16	14	13	14
LOC_208	17	15	15	14	14	16	15	14	14	14	15	16	16	15	15	19	18	14
LOC_209	19	18	18	18	18	18	18	18	17	17	17	18	16	18	18	16	16	17
LOC_210	23	21	21	22	22	23	24	23	22	22	23	23	23	19	18	22	22	22
LOC_211	22	23	21	23	22	21	22	25	24	24	24	22	22	21	21	23	24	24
LOC_212	24	25	27	23	25	22	25	22	25	25	24	24	24	26	22	24	25	24
LOC_213	19	19	19	18	19	20	19	19	17	18	19	20	21	19	19	19	19	19
LOC_214	16	17	17	17	17	16	17	17	17	18	17	16	18	16	16	17	17	17
LOC_215	19	19	19	20	18	18	18	18	19	18	16	19	19	17	17	17	16	16
LOC_216	19	20	21	21	21	21	19	19	20	20	20	19	19	20	20	20	20	20
LOC_217	23	26	27	27	27	24	23	25	25	26	25	22	24	27	27	24	26	25
LOC_218	17	17	16	18	17	19	16	16	17	17	17	18	18	17	17	17	15	17
LOC_219	15	15	15	15	15	15	15	15	15	15	15	15	18	15	15	15	15	15
LOC_220	20	20	21	18	18	22	21	20	18	19	19	21	21	20	20	17	19	18
LOC_221	26	22	23	23	22	25	26	25	26	25	22	25	25	24	24	24	25	24
LOC_222	24	26	26	31	26	28	23	27	27	27	26	27	27	27	26	26	28	28
LOC_223	14	14	14	14	14	14	14	14	14	14	14	14	14	14	14	14	14	14
LOC_224	16	16	18	18	17	17	17	17	18	18	16	17	17	17	17	16	15	16
LOC_225	25	21	19	24	23	25	24	26	25	23	21	24	25	22	22	21	22	21
LOC_226	15	17	17	16	16	15	15	15	16	16	16	12	14	16	16	16	16	16
LOC_227	7	7	7	7	10	7	7	7	7	7	7	8	8	7	7	7	7	7
LOC_228	16	16	16	16	16	16	16	16	16	16	16	16	16	17	16	18	17	16
LOC_229	19	17	17	16	16	18	17	18	17	17	17	18	18	17	17	18	18	17
LOC_230	19	20	20	19	19	19	19	19	18	18	19	19	19	19	19	19	19	19
LOC_231	20	20	20	21	20	20	20	20	20	19	18	20	20	21	22	16	17	19
LOC_232	19	18	18	16	16	18	19	18	16	16	18	18	18	18	18	18	18	18
LOC_233	17	17	17	16	16	17	17	17	17	17	15	17	16	17	17	15	15	15
LOC_234	16	14	14	15	15	14	15	15	15	17	15	14	14	14	14	19	18	15
LOC_235	21	22	22	23	21	24	22	25	24	22	22	27	27	22	23	20	20	22
LOC_236	16	18	18	17	17	16	16	15	18	17	17	16	16	20	19	17	17	17
LOC_237	17	20	20	21	21	17	18	17	20	20	20	17	17	20	20	20	20	20
LOC_238	21	23	23	21	21	23	21	21	21	21	20	22	22	22	22	21	21	21
LOC_239	18	21	20	21	21	23	22	21	21	23	23	23	23	25	20	23	23	22
LOC_240	18	18	18	16	17	19	19	19	19	19	14	17	17	19	19	15	14	14
LOC_241	17	19	18	18	18	19	18	18	18	18	18	21	21	20	20	18	15	18
LOC_242	17	15	16	17	17	17	18	18	17	17	17	16	16	17	17	17	18	17
LOC_243	21	20	20	19	19	22	19	19	19	19	18	21	21	20	20	19	18	19
LOC_244	12	13	12	15	15	12	12	12	12	13	14	12	12	12	12	14	14	14
LOC_245	23	23	23	24	26	23	24	23	26	25	26	24	23	24	23	23	23	24
LOC_246	24	24	21	18	18	24	24	23	23	23	26	23	24	23	24	26	26	24
LOC_247	16	16	16	18	16	15	16	16	16	16	16	15	15	16	16	17	18	16
LOC_248	19	20	20	18	18	22	21	19	16	18	18	19	19	20	19	18	18	18
LOC_249	22	25	25	24	25	24	25	25	22	20	24	25	25	24	24	23	23	24
LOC_250	33	28	30	28	29	31	29	29	27	28	25	26	31	28	28	28	28	27
LOC_251	16	17	17	17	17	17	19	18	17	17	17	17	17	17	21	19	17	17
LOC_252	22	23	23	24	23	25	23	23	24	24	23	24	25	22	23	19	19	22
LOC_253	14	14	14	14	14	14	14	14	13	13	14	14	14	14	14	14	15	14
LOC_254	17	17	16	14	15	17	16	16	22	18	16	17	18	16	16	16	17	16
LOC_255	23	23	23	23	22	25	22	23	23	22	23	20	22	25	23	21	24	23
LOC_256	19	20	18	20	20	20	18	18	20	20	17	20	20	18	18	17	17	19
