names	Run1_C_9	Run1_C_12	Run1_C_14	Run1_C_16	Run1_C_17	Run1_C_18	Run1_C_19	Run1_C_22	Run1_C_23	Run1_C_24	Run1_C_25	Run1_C_26	Run1_C_27	Run1_C_28	Run1_C_29	root
LOC_1	19	18	19	19	20	18	18	18	19	18	19	19	19	18	19	19
LOC_2	19	19	19	18	17	21	21	20	20	20	20	20	20	19	19	20
LOC_3	8	9	7	8	8	7	7	7	7	7	7	7	7	9	9	7
LOC_4	7	7	6	7	7	7	7	6	6	6	7	6	6	7	7	7
LOC_5	7	8	7	7	7	8	8	7	7	7	7	7	7	8	8	7
LOC_6	16	15	15	16	16	16	16	15	15	15	15	15	15	15	14	16
LOC_7	13	13	13	13	13	13	13	13	13	13	13	13	13	13	13	13
LOC_8	21	21	22	21	21	22	22	22	20	22	22	22	22	21	22	22
LOC_9	12	12	14	12	12	12	12	15	15	15	15	15	15	13	13	15
LOC_10	17	17	17	18	17	17	17	17	17	18	18	19	17	17	17	17
LOC_11	22	22	22	22	23	22	23	22	20	18	19	21	22	22	22	23
LOC_12	18	17	16	17	18	16	17	17	17	16	16	17	17	14	19	17
LOC_13	17	17	17	17	17	17	17	17	17	16	17	17	21	17	17	17
LOC_14	18	19	17	19	19	17	17	18	18	16	16	17	17	18	18	18
LOC_15	25	25	27	26	27	26	23	25	25	29	28	27	28	27	28	27
LOC_16	15	15	14	15	16	14	14	14	14	14	14	14	14	15	14	14
LOC_17	15	15	16	15	15	15	15	15	15	15	16	15	17	15	15	15
LOC_18	22	23	23	23	21	21	21	25	25	22	24	23	23	23	24	23
LOC_19	23	24	21	23	23	23	22	21	21	21	22	20	20	26	24	22
LOC_20	13	15	16	15	14	17	17	16	16	15	16	14	14	15	15	15
LOC_21	13	13	13	13	13	13	13	13	13	17	17	17	15	13	13	13
LOC_22	21	21	20	22	21	21	21	18	18	20	20	21	20	21	19	21
LOC_23	16	16	15	16	16	20	18	16	16	14	14	16	15	16	16	16
LOC_24	22	25	23	22	21	24	21	22	22	26	26	24	24	24	24	23
LOC_25	22	22	22	23	22	22	22	22	22	21	20	22	22	23	23	22
LOC_26	16	15	15	15	15	15	15	14	14	15	16	16	15	15	15	15
LOC_27	16	17	17	18	17	17	17	18	18	17	18	17	17	17	17	17
LOC_28	20	24	21	22	22	20	21	20	20	21	21	19	20	24	23	21
LOC_29	24	26	24	23	24	23	25	24	25	24	22	23	25	26	27	25
LOC_30	18	21	17	18	18	18	18	20	19	17	18	18	18	20	20	19
LOC_31	26	26	25	25	27	26	27	24	24	27	28	26	27	26	26	26
LOC_32	16	16	20	16	16	17	17	21	21	21	21	20	20	16	16	20
LOC_33	15	15	15	15	17	16	14	15	15	16	15	16	15	15	15	15
LOC_34	14	16	14	14	14	14	14	13	13	14	14	14	14	14	14	14
LOC_35	19	19	19	19	19	19	19	18	18	17	18	19	18	19	20	19
LOC_36	22	19	19	22	22	20	19	19	19	18	19	19	19	20	20	20
LOC_37	21	22	20	21	21	21	21	20	20	20	20	21	20	22	21	21
LOC_38	20	17	16	20	20	19	19	18	18	16	16	16	16	17	17	16
LOC_39	21	18	20	20	20	20	20	21	21	19	21	18	18	18	18	20
LOC_40	16	14	14	14	14	14	14	14	14	14	14	14	14	16	14	14
LOC_41	21	23	23	22	22	23	22	23	22	22	23	23	23	23	23	21
LOC_42	20	22	20	19	20	21	21	21	21	20	20	22	19	21	21	21
LOC_43	18	17	18	18	18	19	19	18	18	18	18	18	18	18	19	18
LOC_44	16	18	16	18	18	18	18	18	18	16	15	16	16	18	18	18
LOC_45	20	17	23	18	20	17	17	22	22	24	23	23	23	17	17	18
LOC_46	19	20	21	19	19	20	20	20	24	21	21	21	21	21	20	20
LOC_47	14	14	15	14	14	14	13	15	17	15	15	15	15	14	14	15
LOC_48	17	20	17	15	15	21	21	17	17	17	17	18	19	20	20	17
LOC_49	15	15	15	14	14	15	17	15	15	17	15	15	15	15	15	15
LOC_50	16	16	16	22	16	15	15	16	14	16	16	18	18	16	16	16
LOC_51	23	21	20	20	21	22	22	20	20	21	20	21	19	21	22	20
LOC_52	19	19	20	23	21	19	19	19	19	19	19	20	20	19	19	19
LOC_53	22	22	22	22	22	23	23	22	22	23	23	22	23	21	20	23
LOC_54	16	16	20	16	16	16	16	20	20	20	20	20	20	15	15	20
LOC_55	20	22	24	18	20	22	22	20	20	20	20	21	21	22	23	20
LOC_56	17	17	19	17	17	17	17	19	19	19	19	18	19	17	17	19
LOC_57	23	21	23	23	22	23	23	23	23	26	26	26	28	26	23	23
LOC_58	20	20	22	20	20	20	20	21	21	23	22	23	22	22	21	21
LOC_59	10	10	9	11	10	11	9	8	8	10	10	10	10	10	10	9
LOC_60	21	21	21	21	21	24	22	21	21	21	21	22	21	22	21	20
LOC_61	24	23	27	29	26	22	23	24	21	27	29	25	25	23	23	24
LOC_62	19	18	17	19	18	18	18	17	17	17	16	17	17	17	17	18
LOC_63	18	19	17	18	18	19	19	20	20	17	17	18	18	19	20	17
LOC_64	18	18	17	18	19	17	17	17	17	18	18	18	18	17	16	17
LOC_65	17	18	19	16	15	17	17	17	17	16	16	17	17	17	17	17
LOC_66	20	22	21	21	17	21	20	20	20	21	22	21	20	21	20	21
LOC_67	22	21	22	22	22	24	21	23	22	23	23	19	22	21	21	22
LOC_68	16	18	16	15	15	16	16	16	16	16	18	17	17	18	18	16
LOC_69	20	21	21	20	20	19	20	21	22	21	21	19	21	25	23	21
LOC_70	25	24	23	23	24	24	24	23	23	23	23	24	25	26	25	23
LOC_71	16	16	16	16	16	17	16	16	16	17	17	17	17	16	16	16
LOC_72	20	17	20	21	20	19	19	20	20	20	20	20	21	17	18	20
LOC_73	19	22	20	19	19	19	22	21	19	20	20	19	19	23	22	19
LOC_74	23	22	24	21	22	22	22	24	23	24	26	24	25	21	22	22
LOC_75	23	23	24	23	23	22	26	25	27	21	21	24	24	23	23	23
LOC_76	22	22	23	24	22	18	18	25	21	22	22	23	23	22	22	21
LOC_77	16	16	14	16	16	16	16	14	14	14	14	14	14	16	16	14
LOC_78	22	22	23	23	22	22	22	23	23	23	23	22	22	23	22	22
LOC_79	15	15	16	15	15	15	16	16	15	16	17	14	14	15	13	15
LOC_80	24	27	24	27	26	24	23	22	23	22	22	22	22	23	23	24
LOC_81	17	17	18	17	16	17	17	17	16	16	16	16	16	17	20	16
LOC_82	19	21	21	20	20	21	22	19	21	24	20	20	19	20	21	20
LOC_83	20	19	17	22	19	21	20	18	18	15	16	19	20	19	19	18
LOC_84	15	15	17	15	15	15	15	16	16	18	17	17	17	17	17	16
LOC_85	19	21	21	18	18	20	19	21	21	22	23	22	21	21	21	21
LOC_86	17	17	15	19	17	18	18	15	15	15	15	16	15	17	17	16
LOC_87	22	21	17	19	19	21	22	19	19	21	21	21	21	19	22	20
LOC_88	21	21	20	21	21	18	20	21	21	20	20	18	18	20	20	22
LOC_89	25	26	25	26	24	26	27	25	25	27	26	27	27	26	26	26
LOC_90	20	20	22	20	19	22	19	20	20	22	22	21	21	18	19	20
LOC_91	17	16	17	18	18	17	17	17	17	16	17	17	17	16	16	17
LOC_92	19	20	20	19	19	19	19	18	19	20	20	20	20	20	20	19
LOC_93	12	12	12	12	12	12	12	12	11	13	12	12	12	12	11	12
LOC_94	15	15	15	15	19	13	14	14	15	16	16	15	15	15	15	15
LOC_95	12	13	12	12	14	13	13	13	14	13	13	13	13	14	14	13
LOC_96	20	21	24	20	20	21	20	21	21	21	21	22	22	20	21	20
LOC_97	21	23	20	24	22	24	24	20	20	20	20	20	19	22	23	20
LOC_98	15	12	15	14	14	15	15	15	15	14	14	15	15	15	15	15
LOC_99	16	19	15	16	15	17	15	15	15	15	15	15	17	18	17	16
LOC_100	10	14	14	14	13	13	14	17	16	13	13	15	15	14	14	14
LOC_101	21	21	22	22	21	22	22	23	21	22	22	23	23	21	20	21
LOC_102	20	20	20	19	19	18	19	19	20	19	19	21	18	19	19	19
LOC_103	16	14	13	15	15	15	14	14	16	14	15	14	15	14	15	14
LOC_104	20	19	20	20	18	21	21	21	21	21	21	21	20	19	19	21
LOC_105	16	16	17	16	16	14	14	16	16	18	18	16	16	15	16	16
LOC_106	27	27	28	25	25	29	31	31	31	30	29	31	28	29	27	28
LOC_107	15	15	15	18	17	16	16	15	15	16	16	17	15	15	15	15
LOC_108	20	18	23	19	20	22	22	21	21	25	25	25	25	18	18	23
LOC_109	14	14	14	14	14	14	14	14	14	14	14	18	17	14	14	14
LOC_110	16	15	16	17	17	16	16	16	16	17	17	14	16	16	15	16
LOC_111	15	15	14	15	15	16	15	15	15	15	15	15	15	15	16	15
LOC_112	20	20	18	20	20	21	21	21	21	21	19	18	18	21	21	21
LOC_113	15	14	13	14	14	14	14	14	14	11	13	13	13	14	14	14
LOC_114	18	17	17	18	18	17	17	20	19	17	17	17	18	17	17	17
LOC_115	13	14	14	13	13	15	15	14	14	15	14	14	14	14	14	14
LOC_116	13	15	13	13	12	13	13	14	14	13	12	13	13	15	15	14
LOC_117	20	21	19	20	20	20	19	18	19	19	20	19	19	21	20	19
LOC_118	16	14	16	16	16	16	16	16	16	16	16	16	16	16	16	16
LOC_119	23	25	24	23	23	24	24	24	24	24	22	25	22	26	27	23
LOC_120	18	19	18	18	18	19	19	19	20	19	18	18	18	18	17	18
LOC_121	21	21	19	19	19	20	21	18	18	22	22	20	20	20	21	18
LOC_122	20	19	20	20	20	18	18	19	19	17	17	21	21	16	18	19
LOC_123	24	25	23	24	24	24	24	24	24	24	25	23	24	24	25	24
LOC_124	22	26	22	22	22	25	25	24	22	21	22	21	21	23	24	22
LOC_125	27	22	25	27	28	25	28	27	25	25	25	25	24	24	22	27
LOC_126	14	14	14	14	14	14	14	15	14	16	15	15	15	14	14	14
LOC_127	23	24	21	23	23	22	24	22	22	22	21	21	19	25	25	22
LOC_128	19	20	21	22	20	20	20	21	21	22	22	23	23	19	19	20
LOC_129	18	21	20	19	18	21	21	23	19	20	20	20	20	21	21	19
LOC_130	21	23	24	25	25	27	27	24	24	25	23	24	24	22	24	24
LOC_131	15	15	15	15	15	15	16	14	14	16	16	16	16	15	15	15
LOC_132	22	21	21	21	22	21	21	21	21	18	18	22	21	21	21	21
LOC_133	21	22	25	22	20	21	22	24	22	25	25	26	25	22	22	22
LOC_134	22	23	21	22	22	23	23	23	23	23	24	23	23	23	25	23
LOC_135	14	13	14	14	14	13	13	14	14	15	15	15	15	10	13	14
LOC_136	17	15	15	17	19	15	15	15	15	15	15	15	15	15	14	15
LOC_137	27	25	24	25	25	25	24	26	21	27	26	26	24	24	23	24
LOC_138	21	23	21	20	20	24	24	21	21	21	21	21	21	23	23	21
LOC_139	17	17	17	17	17	18	18	16	16	17	18	17	17	17	17	17
LOC_140	17	17	16	18	17	17	17	17	17	16	16	16	16	17	17	17
LOC_141	16	15	13	16	17	15	15	14	13	13	13	14	13	15	15	15
LOC_142	24	25	25	24	24	25	25	26	26	26	27	26	23	27	26	27
LOC_143	20	20	21	20	20	20	20	20	20	21	22	22	22	20	20	21
LOC_144	16	16	15	16	17	16	16	16	16	15	15	15	18	17	16	16
LOC_145	20	19	18	20	20	19	18	20	20	17	18	18	18	19	19	20
LOC_146	20	22	20	20	21	20	20	21	21	17	20	20	20	22	22	20
LOC_147	22	21	19	22	21	21	21	21	19	17	19	19	19	21	21	21
LOC_148	16	17	16	18	18	18	19	18	18	12	12	16	15	17	17	14
LOC_149	18	15	18	18	18	19	19	18	17	18	18	20	20	19	17	18
LOC_150	16	15	15	15	15	15	16	15	16	15	15	15	15	15	15	15
LOC_151	18	17	16	18	18	18	18	16	16	16	16	16	16	17	17	16
LOC_152	20	21	22	19	19	20	20	21	21	25	24	23	23	20	20	20
LOC_153	20	18	20	20	20	20	21	20	20	20	20	21	21	20	20	20
LOC_154	19	19	16	18	18	18	18	18	18	16	16	16	16	17	17	18
LOC_155	22	21	21	23	22	21	22	21	21	26	27	22	22	22	22	21
LOC_156	17	16	17	17	17	17	17	17	17	18	18	17	17	16	16	17
LOC_157	17	17	17	17	17	17	17	17	17	17	17	17	17	17	17	17
LOC_158	22	16	22	22	22	16	16	22	22	21	21	21	22	16	16	22
LOC_159	18	15	17	15	17	15	15	15	15	16	16	16	16	15	15	15
LOC_160	19	19	19	19	19	19	19	19	19	20	20	20	20	19	19	19
LOC_161	22	21	20	23	23	21	21	20	20	21	20	21	20	21	21	21
LOC_162	23	21	20	23	23	21	22	20	20	21	21	21	21	21	21	20
LOC_163	18	19	18	14	18	19	18	18	18	18	18	16	18	18	19	18
LOC_164	20	20	20	20	20	20	20	20	19	20	20	20	20	19	19	20
LOC_165	15	18	18	15	15	15	15	16	17	15	15	15	15	15	15	15
LOC_166	17	16	16	17	18	20	17	17	17	19	18	18	18	16	16	17
LOC_167	14	15	18	15	15	15	15	17	20	18	18	18	18	15	15	16
LOC_168	27	30	28	25	28	29	29	32	32	31	32	29	29	32	28	28
LOC_169	22	22	24	21	22	22	24	23	23	23	23	24	23	22	22	23
LOC_170	19	18	19	19	19	19	19	19	19	20	20	20	20	21	20	19
LOC_171	28	26	23	26	23	25	25	24	25	23	21	24	24	26	27	23
LOC_172	23	21	26	22	23	19	21	26	27	25	27	26	25	25	23	22
LOC_173	14	17	16	16	17	16	16	16	16	16	16	15	16	16	18	16
LOC_174	21	22	24	20	22	22	22	22	23	21	21	22	21	25	24	22
LOC_175	24	24	29	23	23	24	23	25	27	27	29	27	30	27	26	27
LOC_176	13	13	15	13	13	13	13	15	15	14	14	14	14	13	13	14
LOC_177	27	26	24	24	26	25	24	25	24	25	26	24	26	27	25	24
LOC_178	21	21	23	23	23	22	21	24	24	23	22	22	24	22	21	23
LOC_179	24	25	21	25	25	23	24	21	21	20	19	21	21	25	25	23
LOC_180	21	23	25	21	21	22	22	21	21	28	26	26	24	25	24	22
LOC_181	18	20	18	16	18	18	18	18	18	19	19	18	18	18	20	18
LOC_182	22	22	20	23	23	19	19	22	25	24	24	23	23	22	22	23
LOC_183	24	24	26	24	25	29	30	26	26	25	28	25	24	23	22	25
LOC_184	16	16	14	16	16	16	16	17	18	16	16	16	16	19	16	16
LOC_185	20	19	22	21	20	17	19	16	19	22	22	22	23	19	18	20
LOC_186	16	19	16	16	16	19	19	16	17	16	18	16	16	19	16	16
LOC_187	20	20	22	22	20	20	20	22	22	22	24	21	22	20	20	21
LOC_188	29	30	26	27	27	27	31	25	26	27	26	25	24	28	29	25
LOC_189	14	14	16	14	14	14	14	17	19	17	17	15	17	14	14	14
LOC_190	22	22	23	20	22	23	23	23	23	23	23	22	20	23	23	22
LOC_191	18	17	18	17	18	16	17	17	17	17	17	16	16	17	17	17
LOC_192	18	25	22	20	20	25	23	21	23	21	21	23	21	23	21	21
LOC_193	15	16	15	15	14	15	15	15	14	15	15	15	15	16	18	15
LOC_194	17	19	18	16	17	19	19	18	19	19	18	17	19	19	19	18
LOC_195	19	20	18	20	20	19	19	18	18	17	18	18	18	17	19	18
LOC_196	20	20	23	19	19	21	21	22	22	23	23	22	23	22	22	22
LOC_197	22	22	21	21	22	22	22	21	21	21	21	21	21	23	23	21
LOC_198	28	27	28	28	28	27	27	26	27	26	28	27	27	27	28	27
LOC_199	14	17	16	14	14	15	15	14	14	14	14	14	14	14	16	14
LOC_200	20	22	26	22	21	21	20	24	22	22	22	24	23	22	22	23
LOC_201	26	24	24	24	26	24	26	23	23	22	21	24	24	23	19	24
LOC_202	16	16	17	17	19	16	16	17	17	17	18	18	18	15	16	17
LOC_203	18	18	18	18	18	18	18	19	18	18	18	18	18	17	18	18
LOC_204	22	16	18	19	18	20	21	18	18	17	18	18	18	17	17	18
LOC_205	14	14	16	14	14	15	15	19	20	17	18	18	18	16	16	14
LOC_206	20	20	19	20	21	20	20	19	20	21	20	22	22	19	20	20
LOC_207	17	16	14	17	17	15	16	16	16	15	15	18	16	13	13	14
LOC_208	14	14	15	14	14	14	14	16	14	13	14	14	14	14	14	14
LOC_209	18	17	17	18	18	18	17	18	17	17	17	17	18	17	17	17
LOC_210	23	20	20	22	24	22	23	22	20	20	20	21	20	20	20	22
LOC_211	24	23	24	23	24	24	25	26	24	23	22	23	22	26	26	24
LOC_212	23	25	23	24	24	27	24	23	23	23	23	27	25	22	22	24
LOC_213	19	19	19	19	19	19	18	19	19	19	19	20	20	19	19	19
LOC_214	17	17	18	18	17	18	18	20	19	18	18	21	19	17	16	17
LOC_215	17	16	17	16	17	16	16	16	16	17	17	16	16	16	16	16
LOC_216	20	20	19	20	20	20	21	19	18	19	19	19	19	20	21	20
LOC_217	24	24	25	23	27	26	26	25	25	23	22	21	23	24	24	25
LOC_218	18	18	17	17	17	20	18	17	17	17	17	17	14	17	17	17
LOC_219	15	17	15	15	15	16	16	15	15	14	14	16	16	16	16	15
LOC_220	18	18	18	18	19	18	18	17	17	18	18	18	18	18	18	18
LOC_221	24	24	27	26	23	24	23	24	23	28	30	25	26	23	21	24
LOC_222	23	27	27	26	24	28	27	27	24	23	25	28	28	28	27	28
LOC_223	14	13	14	14	14	14	14	14	14	14	16	15	14	13	13	14
LOC_224	16	14	16	16	16	16	16	16	16	17	17	16	16	15	16	16
LOC_225	19	20	20	21	21	20	20	21	23	21	21	20	20	21	21	21
LOC_226	16	15	16	16	17	19	16	16	16	19	18	15	16	16	15	16
LOC_227	7	7	7	7	7	7	7	7	7	7	7	7	7	7	7	7
LOC_228	16	16	16	16	16	16	16	17	17	16	16	16	16	16	16	16
LOC_229	17	16	17	17	17	16	17	16	18	17	17	17	15	17	17	17
LOC_230	18	19	19	19	21	19	19	19	19	19	19	20	19	19	19	19
LOC_231	19	19	19	20	19	19	19	19	20	19	19	21	22	19	19	19
LOC_232	18	17	20	16	19	18	18	17	17	20	20	19	20	19	18	18
LOC_233	15	15	15	15	15	17	16	15	15	15	15	15	15	15	15	15
LOC_234	18	17	15	16	16	17	18	17	15	15	15	15	15	18	18	15
LOC_235	21	20	22	22	22	19	20	22	21	21	21	22	20	20	20	22
LOC_236	17	19	17	17	18	19	19	17	18	17	17	19	18	19	19	17
LOC_237	22	21	18	21	22	20	20	18	18	18	18	18	18	23	21	20
LOC_238	22	22	21	21	21	21	22	21	21	21	21	20	23	22	22	21
LOC_239	18	21	21	18	18	25	26	22	22	23	21	22	22	20	21	22
LOC_240	14	14	14	16	16	14	14	13	14	14	14	14	14	15	14	14
LOC_241	16	16	17	16	15	16	16	18	18	17	17	17	17	16	16	18
LOC_242	18	16	17	17	18	16	16	17	18	18	18	17	17	16	16	17
LOC_243	21	21	22	24	23	18	18	19	19	16	16	19	19	18	17	19
LOC_244	14	14	15	13	13	14	14	14	14	15	15	15	15	14	14	14
LOC_245	24	23	24	27	28	24	25	25	24	24	23	22	23	24	24	24
LOC_246	24	25	21	26	25	25	24	22	22	20	20	20	20	25	26	24
LOC_247	16	16	14	18	18	16	16	13	13	13	14	14	14	17	18	16
LOC_248	18	18	18	17	18	18	18	18	18	18	18	18	18	18	18	18
LOC_249	24	25	21	23	23	26	25	23	23	20	21	24	23	24	25	24
LOC_250	26	29	25	25	25	31	31	24	27	25	26	26	30	28	29	27
LOC_251	17	18	17	17	17	17	17	17	17	17	17	17	17	16	16	17
LOC_252	23	22	22	23	23	22	21	24	23	22	22	22	22	22	22	22
LOC_253	13	14	14	13	13	14	14	14	14	14	14	16	18	15	14	14
LOC_254	17	17	18	16	16	18	18	19	19	18	18	18	18	17	17	16
LOC_255	22	22	24	22	23	24	23	23	23	23	21	23	23	22	22	23
LOC_256	20	22	19	20	20	20	20	18	19	22	20	18	19	20	20	19
