names	Run1_C_27	Run1_C_42	Run1_C_43	Run1_C_47	Run1_C_52	Run1_C_57	Run1_C_58	Run1_C_69	Run1_C_72	Run1_C_73	Run1_C_78	Run1_C_80	Run1_C_81	Run1_C_83	Run1_C_86	Run1_C_88	Run1_C_91	Run1_C_94	Run1_C_95	Run1_C_96	Run1_C_98	Run1_C_99	Run1_C_100	Run1_C_101	Run1_C_102	Run1_C_106	Run1_C_108	Run1_C_109	Run1_C_110	Run1_C_111	Run1_C_114	Run1_C_115	Run1_C_118	Run1_C_119	Run1_C_120	Run1_C_121	Run1_C_123	Run1_C_125	Run1_C_127	Run1_C_128	Run1_C_129	Run1_C_130	Run1_C_131	Run1_C_132	Run1_C_133	Run1_C_136	Run1_C_137	Run1_C_139	Run1_C_141	Run1_C_142	Run1_C_143	Run1_C_144	Run1_C_145	Run1_C_148	Run1_C_149	Run1_C_151	Run1_C_152	Run1_C_153	Run1_C_154	Run1_C_155	Run1_C_157	Run1_C_158	Run1_C_159	Run1_C_160	Run1_C_161	Run1_C_162	Run1_C_163	Run1_C_164	Run1_C_165	Run1_C_166	Run1_C_168	Run1_C_169	Run1_C_170	Run1_C_171	Run1_C_172	Run1_C_173	Run1_C_175	Run1_C_176	Run1_C_178	Run1_C_179	Run1_C_180	Run1_C_181	Run1_C_182	Run1_C_183	Run1_C_184	Run1_C_185	Run1_C_186	Run1_C_187	Run1_C_188	Run1_C_189	Run1_C_190	Run1_C_191	Run1_C_192	Run1_C_193	Run1_C_194	Run1_C_195	Run1_C_196	Run1_C_197	Run1_C_198	Run1_C_199	root
LOC_1	16	NaN	16	16/18	16/18	16	16	NaN	17	NaN	16	16	16/15	16	16	NaN	16	17	17	16/17	16	16	17	17	16	16	17	16/17	16	16	16/17	16/17	17	16/17	17	17	NaN	16	NaN	16	16/17	17	16/15	16/17	17	16	16	NaN	17	16/17	NaN	17/15	14/15	16	NaN	16	16/17	16	16	17	16	17	17	16	18	16	16	NaN	16	17	16/17	16/17	16	16	16	16	16	16	17	16	17	16/17	18	16/18	16	16	16	NaN	16	16	16	16	16	16	16/17	NaN	NaN	16	16	16	16
LOC_2	20/22	20/22	20/22	19/20	NaN	20	20	NaN	21	20/22	21	20/22	NaN	20/22	20/22	NaN	22	22	22	NaN	20/22	20/22	20	NaN	20/22	20/22	NaN	20/22	20/22	NaN	NaN	NaN	20/22	21/22	NaN	NaN	NaN	20/22	20	20/22	20/22	19	19/20	20/22	22	NaN	20/22	NaN	20/22	22	22	20	22	21	NaN	NaN	21/22	21	NaN	20/22	20/22	NaN	NaN	NaN	NaN	NaN	22	20/22	20/21	20	22	NaN	NaN	NaN	20	NaN	NaN	20/22	NaN	NaN	NaN	NaN	20/22	22	20/21	21	NaN	21	NaN	NaN	21/22	20	NaN	20/21	NaN	NaN	20/22	NaN	NaN	22	22
LOC_3	NaN	NaN	23	NaN	NaN	NaN	18/23	18/23	NaN	NaN	NaN	NaN	18	18/23	18/23	NaN	NaN	22/23	NaN	18	21	21	23	NaN	18	23	18	18	18	23	18	18	NaN	18	18	18/23	NaN	24/17	17/23	NaN	18	NaN	18	NaN	23	18/22	NaN	NaN	24/18	22/23	NaN	23	NaN	23	23	NaN	NaN	18/21	24/18	19/23	18	17/18	22/23	18/23	22/23	17/23	23	23	23	22/23	18/23	23	NaN	NaN	NaN	18	18/23	NaN	22/23	18/23	18	23	18	24/18	25/18	25	23	18	18/23	20	23	18	23	18/23	23	NaN	NaN	18	NaN	18/23	18/23
LOC_4	19	17	19	NaN	17/19	NaN	NaN	19	NaN	17/19	NaN	NaN	NaN	17	NaN	19	17/19	17	NaN	17	17/18	16/17	17/19	17	16/17	17/19	NaN	17	16/17	17	17/19	16/17	17	19	NaN	17/18	17	17/19	17/19	18	NaN	NaN	17/19	19	17	19	NaN	17/19	17/19	NaN	17	17	17/19	19	17/19	19/20	18/19	NaN	NaN	17	NaN	19	NaN	17/19	NaN	17/19	NaN	NaN	NaN	NaN	19	NaN	NaN	NaN	NaN	NaN	NaN	NaN	17	17	19	NaN	17/19	19	18/19	NaN	17	NaN	17	NaN	17/19	NaN	NaN	18	17/19	NaN	17/19	NaN	17	NaN	NaN
LOC_5	NaN	16	16	16	16	NaN	16	16	NaN	16	16	16	NaN	16	16	NaN	NaN	NaN	NaN	16	16	16	16	16	NaN	16	16	NaN	16	NaN	16	16	16	NaN	16	NaN	NaN	NaN	16	16	16	NaN	16	NaN	16	16	NaN	16	16	16	NaN	16	16	17	16	16	16/17	NaN	16	16	NaN	16	16	NaN	16	16	NaN	16	16	16	16	NaN	16	16	16	16	NaN	NaN	16	14	NaN	16	16	NaN	NaN	16	NaN	NaN	NaN	16	NaN	NaN	16	NaN	16	16	16	NaN	NaN	NaN	16
LOC_6	20	NaN	17	17/20	NaN	NaN	NaN	19/20	NaN	NaN	NaN	NaN	17/22	17/20	NaN	NaN	NaN	NaN	18/20	17/22	NaN	NaN	NaN	NaN	17/22	NaN	22	17	20	NaN	NaN	17/20	NaN	18	20	17/20	NaN	NaN	21	NaN	17	NaN	NaN	NaN	20	NaN	NaN	18/20	17/20	NaN	17/21	NaN	17	NaN	NaN	NaN	21	NaN	NaN	NaN	NaN	NaN	17/20	NaN	17/20	NaN	NaN	NaN	NaN	20	NaN	20	NaN	NaN	17/20	NaN	17/22	NaN	NaN	17/20	17/20	NaN	17/20	NaN	NaN	17	17/20	NaN	NaN	NaN	21/22	NaN	NaN	17/21	20	NaN	NaN	17/20	NaN	16/17	17
LOC_7	22	22	22	NaN	22	22	22	22	22	22	22	22	NaN	24	NaN	NaN	22	NaN	22	21/22	NaN	NaN	22/23	24/22	22/23	22	NaN	21/22	22	22	22	24	NaN	22	NaN	NaN	22	22	NaN	22	22	22	22/23	NaN	NaN	NaN	NaN	22	22	NaN	22	22	25/22	22	NaN	22	22	22	20	NaN	NaN	NaN	NaN	NaN	22	23	22/23	NaN	22	21/22	24	24/22	NaN	22	22	22	22	22	21/22	22	22	21/22	22	22	22	NaN	23	22	NaN	22	22	22	22	22	NaN	NaN	22	22	22	22	22
LOC_8	NaN	26	26	27	26/27	25/26	NaN	NaN	NaN	NaN	28	NaN	26/27	NaN	NaN	26/27	NaN	NaN	28	NaN	27	27	NaN	26/27	26/28	28	NaN	28	NaN	26/27	NaN	NaN	NaN	27/28	NaN	NaN	NaN	27	26/27	26/27	28	27	26/27	NaN	NaN	27/28	NaN	26/28	NaN	27	NaN	NaN	26/27	25/26	NaN	26/27	26/27	26/27	NaN	27	27	26	NaN	27	27	NaN	NaN	27	NaN	NaN	NaN	27	26/28	28	NaN	NaN	26/28	NaN	27	NaN	24/27	26/27	28	26/27	NaN	27	NaN	NaN	NaN	NaN	NaN	NaN	NaN	27	NaN	28	NaN	NaN	NaN	27	27
LOC_9	13	14	NaN	13	13	NaN	NaN	13	13/14	14	13/14	13	13/14	14	13/14	14	NaN	14	14	14	14	NaN	NaN	NaN	13/14	13	13	14	13	NaN	NaN	NaN	NaN	NaN	NaN	14	NaN	NaN	13	13/14	13/14	NaN	13/14	13/14	NaN	14	NaN	NaN	13/14	NaN	14	NaN	14	13/14	13/14	NaN	14	NaN	13/14	13/14	13/14	NaN	13	14	14	14	NaN	13/14	14	NaN	14	NaN	NaN	14	NaN	NaN	13/14	NaN	14	13	14	13	13	14	NaN	13	13	NaN	14	13/14	14	NaN	NaN	NaN	NaN	14	NaN	14	NaN	13/15	NaN
LOC_10	19	NaN	19	NaN	19	NaN	19	19	19/20	20	19	19	NaN	NaN	NaN	NaN	NaN	NaN	19	19	NaN	19	NaN	19	19	NaN	NaN	19	19	19	NaN	19	19	19	NaN	18	NaN	19	19	19	NaN	NaN	19	NaN	19	NaN	19	19	NaN	NaN	19	NaN	NaN	19/20	NaN	NaN	NaN	NaN	19	NaN	NaN	19	NaN	NaN	20	NaN	19	19	19	19	19	19	NaN	NaN	NaN	19	19	19	19	NaN	19	19	19	NaN	NaN	19	19	NaN	NaN	NaN	19	19	19/20	19	19	19	NaN	NaN	19	20	19
LOC_11	NaN	24/25	24/25	24/25	23	25	24/25	NaN	24	NaN	NaN	25/26	NaN	24	24/23	24/25	24/25	NaN	24/23	24	NaN	24/25	NaN	24	NaN	24/25	NaN	NaN	24/25	25	24	24	24	NaN	NaN	25	24	NaN	25	26	NaN	24/22	24	25	24/25	NaN	24/25	24	NaN	25	NaN	24/25	25	24/25	24	25/23	24/25	24/25	NaN	NaN	24/25	25	24/25	24/23	24	24/25	24/25	NaN	25	24	NaN	25	NaN	NaN	NaN	25	NaN	24/25	25	NaN	25	24	24/25	24/25	NaN	NaN	24/25	25	24/25	NaN	25	25/23	25/22	23	NaN	24	24/25	NaN	NaN	24	24/25
LOC_12	17	NaN	NaN	17	17	18	18	NaN	17	17	17	18	18	17/18	18	NaN	17/18	17/18	17/18	18	17/18	18	17/18	18	17/18	17	17/18	17	17/18	17/18	17/18	18	17/18	18	18	18	NaN	17/18	18	17/18	17/18	18	18	NaN	18	18	17/18	NaN	17	17	NaN	17	18	17	17/18	18/13	18	17	17	18	17	16/17	17/18	17	17	17	17/18	17	17	17	18	18	17/18	17/18	18	17/18	18	18	17	17/18	17/18	17/18	17	17	18	17/18	17	17	18	17	18	18	17	17/18	17/18	17	NaN	NaN	17/18	17	18
LOC_13	NaN	23	24/23	NaN	NaN	NaN	24	24	23	NaN	NaN	NaN	NaN	NaN	24	23	NaN	22/23	NaN	NaN	NaN	24/25	22/23	23	23	23	24	NaN	22	NaN	NaN	23	22/23	NaN	NaN	22/23	24/23	23	NaN	23	23	NaN	23	23	NaN	23	24/23	NaN	23	23	NaN	23	23	24	24	24/23	23	24/23	23	22/23	NaN	NaN	23	23	23	24	23	NaN	NaN	NaN	NaN	24/23	23	24/23	24/23	26/23	NaN	24/22	22/23	NaN	NaN	NaN	23	23	24/23	NaN	23	NaN	NaN	23	23	24	24/22	23	23	23	23	NaN	24/23	24/23	NaN
LOC_14	20	NaN	21	NaN	NaN	20/21	NaN	20	NaN	NaN	19/20	21	NaN	NaN	NaN	20	NaN	20	19/20	20	19/20	20	20	20	NaN	20	19/20	19/20	20	20	22	NaN	NaN	20	20	20	20	NaN	20	20	NaN	NaN	20	20	22	NaN	20	20	20	NaN	NaN	20	21	20	NaN	20	19/20	NaN	20/21	NaN	NaN	NaN	NaN	20	20	19/20	NaN	NaN	20	20	20/21	20/22	NaN	20	NaN	NaN	20	NaN	19	NaN	NaN	20	20	20	21	20	19/20	20	NaN	20	20	20	19/20	NaN	NaN	20	NaN	20	20	NaN	20
LOC_15	16/14	14	NaN	14	14	14	14	NaN	NaN	NaN	14	14	NaN	NaN	14	NaN	14	14	14	NaN	14	14	14	NaN	14/15	14	14	14	NaN	14	14	14	NaN	NaN	NaN	14	14	NaN	NaN	NaN	14	14	NaN	NaN	NaN	14	14	NaN	14	14	14	NaN	NaN	14	NaN	14	14	NaN	14/15	14	14	14	14	14	NaN	14	NaN	14	14	14	14	NaN	14	14	NaN	14	NaN	14	NaN	14	NaN	NaN	14	NaN	14	NaN	14	14	NaN	NaN	14	14	NaN	14	14	14	14	14	NaN	14	14
LOC_16	21	NaN	20	20/21	NaN	20/21	NaN	NaN	21	20/21	20/21	20	20/21	21	20/21	NaN	20/21	20/21	NaN	NaN	19/20	NaN	NaN	NaN	21	20/21	20/21	20	21	21	20/21	20	20/21	NaN	20/21	NaN	20/21	20/21	19	20	21	20/21	20/21	NaN	21	21	20/21	21	21	20/21	NaN	20/21	21	20/21	20/21	20	NaN	NaN	20	20/21	21	NaN	NaN	21	NaN	19	21	21/23	21	20/21	20	20/21	NaN	NaN	NaN	20	21	NaN	19	NaN	21	NaN	21	NaN	NaN	20/21	19/20	NaN	21	NaN	20/21	NaN	21	20	20	NaN	20	19/20	20/21	20	20
LOC_17	20	NaN	18/19	21	20	21	21	20/21	21	NaN	20	20/21	NaN	23	NaN	20	20/21	NaN	NaN	20	20	20/21	21	24	21	21	20/21	20/21	21	21	19/23	20/23	20/21	20/21	21	20/21	21	20/21	NaN	21	20/21	NaN	20/21	NaN	NaN	NaN	19/20	21	21	21	NaN	21	21	20/21	21	20	19/21	20/21	NaN	21	NaN	21	NaN	20/21	20/21	21	20	NaN	20/21	20	20/23	23	20/21	21	21	NaN	20/21	21	21	NaN	20/21	21	20	NaN	20	21	20/21	22	NaN	20	20/21	20/21	21	21	19/20	23	21	NaN	20/21	20/21	20/21
LOC_18	20/21	20/22	20/22	21	20/21	20/21	21	20	21	20/21	20	20	20	20	21	20/21	21/22	21	21	20	NaN	20	20	21	20/21	20/21	20	21	20	20/21	21	20/21	19/21	19/21	NaN	20/21	20	23	23	20/21	20	20/21	21	NaN	20/21	21	20	21	20/21	20/21	NaN	20/21	21	22	NaN	20/21	20	20/21	20/21	20	20	20	20/21	19/20	20/21	20/23	NaN	21	21	20	20/21	21	21	21	20/21	21	20/22	20/21	21	21	19/20	20	21	20/21	20	21	20	20/21	20	20/21	20/22	22	20	20	21	NaN	20	21	20/21	21	20/21
LOC_19	NaN	NaN	NaN	20/21	21/22	21	NaN	NaN	20	NaN	20/21	NaN	NaN	18	21	NaN	21	20/21	NaN	21	19/20	20	20	20/21	20	20	21	21	NaN	21	19	19	20/21	19/21	21	20/21	20	20	21	21	20/21	NaN	21	19	21	20/21	20/21	20	20	20/21	NaN	19/20	21	20	NaN	20	20	NaN	20/21	20	20/22	18/21	21	NaN	20/21	20/21	20	NaN	20/21	21	18	NaN	NaN	21	20/21	NaN	20	20/21	21	NaN	21	20/21	20/22	NaN	20/21	20/21	20/21	22	21	NaN	20	20/21	20/21	20/21	NaN	NaN	NaN	NaN	NaN	21	20/21
LOC_20	NaN	15	NaN	16/15	15	17	16/15	16/15	16/15	NaN	16/15	16/15	16/15	16/15	16/15	NaN	NaN	NaN	17/15	NaN	NaN	15	14	15	16/15	NaN	NaN	15	NaN	16/15	16/15	NaN	NaN	16/15	NaN	NaN	16	19/15	16/18	16/15	16	NaN	16	NaN	16	15	16	16/15	15	16	NaN	15	16/15	15	NaN	15	15	15	15	15	NaN	NaN	16	NaN	15	18/15	18/11	NaN	NaN	16	NaN	NaN	17	NaN	NaN	NaN	16	15	NaN	16	15	NaN	NaN	16/15	NaN	NaN	NaN	15	16	NaN	NaN	15	NaN	NaN	16	NaN	NaN	NaN	NaN	16/15	NaN
LOC_21	NaN	NaN	NaN	NaN	21/22	21/22	21	22	NaN	21/22	22	21/22	NaN	NaN	21/22	NaN	NaN	NaN	NaN	NaN	NaN	24/23	21	NaN	21	21	NaN	NaN	19/20	20	NaN	NaN	22	21/22	22	NaN	21/22	21	NaN	21/22	21	21	21	NaN	20/22	NaN	NaN	NaN	21	NaN	21	NaN	20/22	20/22	22	21	NaN	NaN	22	NaN	NaN	21/22	21/22	NaN	NaN	21	NaN	20/22	21/22	21	NaN	22/23	NaN	21/22	21	NaN	NaN	NaN	21	21	NaN	NaN	NaN	21/22	NaN	22	21	22	21	NaN	NaN	NaN	NaN	NaN	NaN	21/22	NaN	21/22	21	22	22
LOC_22	20	20	20	20	20	17/19	20	NaN	19/20	20	20	20	20	20	20	20	20	20	20	20	20	19/20	20	20	19/20	20	20	20	20	20	20	20	20	19/20	20	19/20	20	20	20/21	20	19/20	20/21	20	20	19/20	20	19/20	20	18	20	NaN	19/20	19/20	20	NaN	20/21	20	20/21	20	20	18/20	20	20	20	20	20/21	20	18	18	19/20	20	20/21	20	20	20	20	20	20	20	18/20	20	20	18	20	20/21	18/22	20	18/20	20	20	19/20	20	21	20/21	20	20	19	17/19	20	20	20
LOC_23	19	NaN	NaN	19	NaN	NaN	20	20	NaN	18	20	NaN	19/20	19/20	20	NaN	NaN	NaN	19	NaN	NaN	NaN	NaN	19/20	NaN	20	NaN	19	19	20	20	20	NaN	19	19/20	NaN	NaN	NaN	NaN	20	NaN	NaN	19	19/20	20	20	NaN	NaN	NaN	20	19/20	NaN	20	NaN	19	NaN	19/20	20	18/19	18/19	NaN	NaN	20	20	NaN	20	20	NaN	19	20	NaN	19/20	NaN	20	19/20	20	NaN	NaN	NaN	NaN	19/20	NaN	20	20	20	NaN	19	19/20	NaN	19/20	19	NaN	NaN	20	19	NaN	NaN	NaN	NaN	20	20
LOC_24	25/28	NaN	26	25	26	24/25	26	24/25	24/26	25	25	26/27	26/27	25/26	25	24/25	26/28	NaN	25/26	25	26	24/26	26	26	27	26	25/27	25/26	25/26	26	26	25/26	25/23	25	24/25	25	25/26	26	26	25	24/25	26	26	26	26	NaN	26/27	NaN	25/26	25/26	NaN	25/26	26	27	25/27	26	24	24/26	24/25	26	24/25	26	26	21	NaN	NaN	26/27	24	25	24/25	26	26	24/25	25	26	25	25/27	26	26	26	25/28	26/27	24	24	26	26	28	24/25	25	25/27	25	26/27	26	26	25	NaN	25/26	24/25	25	24/26	26
LOC_25	24/25	NaN	24/25	25	24/25	24/25	24/25	25	25	24/25	26/27	NaN	25	25	25/23	25	25	25	NaN	25	24/25	24/25	24/25	24/25	24/25	24/25	24/25	24/25	25	24	24/25	25	24/25	24/25	25/23	24/25	NaN	25/23	25	25	25	24/25	25	24	26	25	24/25	NaN	25	25	24/25	25	24/25	25/23	24/25	25	25/23	25	25	25	25	NaN	24	25	25	24/25	25/23	25/22	24/25	24/25	25	24/25	NaN	25	24/25	25	25	24/25	26/27	25/26	25	NaN	24/25	24	24/25	NaN	25/23	25	26/27	NaN	22	NaN	24/25	24/25	24	NaN	NaN	NaN	25	25	25
LOC_26	NaN	NaN	NaN	24/21	NaN	26/20	20/21	NaN	21	NaN	NaN	NaN	20	NaN	NaN	NaN	NaN	21	NaN	NaN	NaN	NaN	NaN	NaN	21	24	NaN	NaN	19/20	NaN	24/20	NaN	NaN	21	24/25	NaN	NaN	NaN	19/20	25/21	NaN	NaN	25/22	NaN	NaN	NaN	NaN	24	NaN	24/21	NaN	NaN	24	24	NaN	24/20	NaN	NaN	21	23	NaN	NaN	24/23	22	21	20	24/23	24/21	NaN	NaN	24	24/20	NaN	NaN	NaN	NaN	25	20	NaN	NaN	24/21	NaN	25	NaN	NaN	25/20	21	NaN	NaN	NaN	NaN	NaN	NaN	NaN	24/23	NaN	NaN	NaN	NaN	NaN	NaN
LOC_27	21	NaN	19	NaN	21	NaN	21	NaN	NaN	NaN	20/21	NaN	20/21	NaN	NaN	20	NaN	20	20/22	20/21	21	NaN	NaN	20/21	NaN	20	20/21	20/21	NaN	NaN	NaN	20	20	20	NaN	19/20	NaN	NaN	21	NaN	21	NaN	20/21	NaN	NaN	20/21	21	20	NaN	20/21	NaN	20/21	NaN	19/21	NaN	NaN	NaN	NaN	NaN	NaN	21	20	NaN	NaN	21	NaN	NaN	NaN	21	NaN	21	20	20	NaN	NaN	21	NaN	21	NaN	NaN	21	NaN	21	21	NaN	21/22	21	NaN	21	20/21	20	21	NaN	NaN	20/21	21	20	NaN	20/21	22	21
LOC_28	19/20	NaN	19	NaN	19	20	19	19	NaN	NaN	19/20	20	NaN	19	NaN	NaN	20	NaN	19	20	NaN	NaN	19/20	19	19	19	23	19/20	20	18/19	19	NaN	NaN	19	NaN	NaN	19	19	19	NaN	19	19	19	NaN	NaN	NaN	NaN	19	19	NaN	19	19	19	19/20	NaN	19	NaN	19	19	19	NaN	19	NaN	19	19	19	19	NaN	20	19	NaN	NaN	NaN	19	19	NaN	19	NaN	19/20	20	NaN	19	19	NaN	19	19	19	19	20	17/20	21	18	19	19	NaN	NaN	NaN	20	19	19	19
LOC_29	NaN	16/18	16/18	NaN	16	NaN	NaN	NaN	NaN	16	NaN	NaN	NaN	NaN	NaN	16/18	NaN	NaN	NaN	18	16	18	16/17	16/17	NaN	16/17	16	16	NaN	NaN	NaN	16/21	NaN	NaN	NaN	16/18	NaN	18	16/18	NaN	NaN	18	18	NaN	18/15	18	16/18	NaN	16/17	18	NaN	NaN	NaN	16	NaN	NaN	17/18	NaN	NaN	NaN	NaN	20	20/21	16/18	16	NaN	16/18	NaN	18	NaN	16/21	NaN	NaN	NaN	16	NaN	NaN	16/19	16/18	18	16	NaN	NaN	NaN	16	NaN	16/18	NaN	NaN	18	NaN	18	16/18	NaN	NaN	NaN	16	18	19	19	NaN
LOC_30	16/17	16	17/18	17	17	17/18	16/17	16	16	NaN	16/17	NaN	17	17	16	16	17	16/18	16/17	16/17	NaN	16/17	16/17	17	16/17	16/17	16	16	16	16/17	17	16/17	16	16/17	16/17	16/17	17	16	16	17	16/17	16	16/17	16/17	16/17	16/17	16/17	17	16	17	16/17	16	17	17	16	17	17	16/17	16/17	16	16/17	17	16/17	17	16	16/17	17	16	16/17	16/17	17	16/17	16	16/17	17	NaN	17	17	16	16	17	16	17	17	16/17	16/17	16	16/17	17	16/17	17	17	17	17	16	NaN	16	NaN	16/17	16	16/17
LOC_31	17/18	NaN	17/18	17/18	18	17/18	19	NaN	18/13	17	NaN	NaN	18	18/13	18/15	NaN	17	17/18	17	18	NaN	17	17/18	17/18	18	17	17/18	17	17/18	17	17	17	17	17	17/18	17/18	NaN	17/18	18	17/18	18	18	18	17	18	17	18	NaN	17/20	17/18	NaN	17/18	18	17/18	NaN	17	17/18	NaN	17/18	17	18	NaN	18	17/18	17	18	17	17/18	17/18	17	NaN	NaN	18	17/18	18	NaN	17/18	17	17/20	NaN	17/18	17/18	17	18	17	17/19	17	18	16/18	16	17/18	17/18	19	19	17/18	NaN	NaN	NaN	18	17	17/18
LOC_32	NaN	24	NaN	24	22	24/20	22	NaN	24/22	NaN	24	24	NaN	NaN	24/22	22	24/23	NaN	NaN	24/23	NaN	NaN	NaN	NaN	23	25	24	24/23	24	24/22	24/22	NaN	NaN	NaN	24/22	NaN	21/22	22/23	22	22	NaN	NaN	24	NaN	24	24/23	NaN	24/22	24	NaN	NaN	NaN	22/23	23	NaN	NaN	NaN	NaN	24/22	NaN	23	24/22	22	NaN	NaN	22	NaN	24	24	25	24/22	NaN	24/22	24	NaN	NaN	NaN	22	24/22	NaN	24	NaN	22	24/22	21/22	23	24	NaN	24/23	NaN	24	24	NaN	22/23	NaN	NaN	NaN	NaN	NaN	25/22	NaN
LOC_33	17	17	17	17	17	17	17	17	17	17	17	NaN	17	17	17	17	17	17	17	17	17	17	17	17	17	17	17	17	17	17	17	17	17	17	17	17	NaN	17	17	17	17	18	17	NaN	17	17	17	NaN	17	17/18	NaN	18	18	17	NaN	17	17	17	18/19	17	17	17	17	17	17	17	17	17	17	17	17	17	17	17	17	17	17	17	18	18	17	17	17	17	18	17	17	17	17	17	17	17	17	17	17	NaN	17	17	17	17	17
LOC_34	24	24	24	24	24/25	24	24/23	24/25	NaN	NaN	NaN	NaN	25	24/23	NaN	NaN	24/25	NaN	NaN	25	25	25	24/25	24/23	26	25	24/25	24/25	24	NaN	25	NaN	NaN	24	NaN	25	25	24	NaN	NaN	25	24	NaN	22	NaN	NaN	24	NaN	NaN	24/25	NaN	NaN	NaN	26	NaN	24/25	24	NaN	NaN	25	24/25	NaN	NaN	24/25	24/25	25	NaN	NaN	25	25	NaN	NaN	25	NaN	25/23	NaN	25	25/23	NaN	NaN	24	24/25	NaN	NaN	NaN	NaN	25	NaN	24/25	NaN	24/25	25	25	24/25	NaN	NaN	NaN	24	NaN	NaN	25/23
LOC_35	NaN	26/27	25/26	NaN	24/26	25/26	28	26	26/27	26/28	27	NaN	NaN	NaN	26	NaN	25/26	NaN	NaN	26/27	27/28	NaN	NaN	26	26/27	24/25	NaN	26	NaN	NaN	NaN	27	NaN	25/27	26/27	NaN	25	28	NaN	25/27	26/27	26/27	25/27	NaN	NaN	25/26	NaN	NaN	26	26/27	NaN	27	25/26	26	NaN	NaN	28	NaN	NaN	25/26	25/27	NaN	NaN	26/27	26/27	28	27	NaN	NaN	26	NaN	29	25	25/26	NaN	NaN	NaN	NaN	NaN	27	NaN	26/27	25	NaN	NaN	NaN	26/27	NaN	26/27	26/27	27	NaN	28	28/29	26/27	26	26	25/26	24/25	25/26	NaN
LOC_36	25	26	24/23	24/23	25	24	24	NaN	24/25	25	25/23	NaN	26	26	24/23	24	24/26	24	24/23	24/25	27	26	24	24/26	24	24/25	25	24	24	24/25	24/26	26	24/25	24	24/25	24/25	26	26	26	25	25	24/26	25/26	NaN	NaN	25	24/25	NaN	29	24	NaN	26	25/26	24/25	26	24/26	24	24	24/26	24	24/25	26	26	25	24/25	25/26	26	25	24/23	24/26	26	NaN	26	26	24/26	24/26	26	26	26	24	24/25	24	24	24/23	24/23	26	24/25	25	25/23	25	24/26	26	25/26	25/26	24/25	NaN	26	24/23	25	24/26	24/26
LOC_37	19	NaN	18/19	NaN	19	19	19	NaN	19	19	19	19	19	19	NaN	NaN	19	19	19	19/20	19	19	19	19/20	19	19	19	19	19	19	19	19	19	19	NaN	19	NaN	19	19	19	19	19	19	NaN	19	19	19	19	19	18/19	19	19	19	19	19	19	19	19	19	19	19	19	19	19	19	19	19	19	19	19	19	19	19	19	NaN	19	19	19	18/19	18/19	19	19	19	19	19	19	19	19	19	19	19	19	19	19	NaN	NaN	NaN	NaN	19	19	19
LOC_38	16/29	NaN	16/29	NaN	NaN	16/29	16/29	NaN	NaN	NaN	29	16/29	16	NaN	16/28	NaN	16/29	NaN	NaN	16	16	16/29	NaN	NaN	16/29	16/29	16/29	16/29	16/29	29	16/28	28	16/28	NaN	NaN	NaN	16/29	16	NaN	28/29	NaN	16	16/28	NaN	NaN	NaN	28	16/27	28/29	16/29	NaN	16	29/15	NaN	16	16/29	29	28/29	29	NaN	NaN	16/28	16/28	NaN	NaN	29	NaN	NaN	NaN	29	16	16/28	16/29	16/29	16/29	16/29	16/29	16/27	17/29	17/29	16/28	16/28	NaN	NaN	NaN	16	NaN	NaN	16	16/29	NaN	16	16/29	16/29	16	29/15	NaN	16/29	16/29	16	16/29
LOC_39	NaN	NaN	NaN	NaN	NaN	NaN	NaN	NaN	NaN	NaN	NaN	NaN	NaN	NaN	NaN	NaN	NaN	NaN	NaN	NaN	NaN	NaN	NaN	NaN	NaN	NaN	NaN	NaN	NaN	NaN	NaN	NaN	NaN	NaN	NaN	NaN	NaN	NaN	NaN	NaN	NaN	NaN	NaN	NaN	NaN	NaN	NaN	NaN	NaN	NaN	NaN	NaN	NaN	NaN	NaN	NaN	NaN	NaN	NaN	NaN	NaN	NaN	NaN	NaN	NaN	NaN	NaN	NaN	NaN	NaN	NaN	NaN	NaN	NaN	NaN	NaN	NaN	NaN	NaN	NaN	NaN	NaN	NaN	NaN	NaN	NaN	NaN	NaN	NaN	NaN	NaN	NaN	NaN	NaN	NaN	NaN	NaN	NaN	NaN	NaN	NaN
LOC_40	NaN	16	NaN	NaN	16/14	NaN	NaN	NaN	NaN	NaN	16	NaN	16	NaN	16	NaN	14	16	14	NaN	NaN	16	14	16	NaN	NaN	NaN	NaN	NaN	14	14	14	NaN	NaN	16/14	NaN	NaN	NaN	NaN	NaN	NaN	NaN	16/14	15	14	16	NaN	NaN	16	NaN	16/14	NaN	14	16/14	NaN	14	14	NaN	16/14	16/14	NaN	14	14	NaN	NaN	NaN	NaN	14	NaN	NaN	16	NaN	16	16	NaN	NaN	16/14	14	16/14	16	16/14	NaN	NaN	NaN	16	NaN	16	NaN	NaN	NaN	16/14	14	NaN	16	NaN	NaN	16	16/14	NaN	16/14	14
LOC_41	20	NaN	20	NaN	20	19	20	20	20	19/20	19/20	20	20	20	20	NaN	20	20	20	20	NaN	20	20	20	19/20	20	20	20	19/20	20	20	20	20	20	20	20	19/20	20	20	20	20	20	19/20	20	19/20	20	20	20	20	20	20	20	20	19/20	NaN	20	19/20	20	20	20	20	20	20	20	19/20	20	20	20	20	20	20	20	20	20	19/20	20	20	20/21	19/20	20	20	20	20	20	20	19/20	20	20	19/20	20	20	20	20	20	18	20	20/22	19/20	20	20	20
LOC_42	NaN	NaN	17	NaN	NaN	17	17	NaN	NaN	NaN	17	NaN	17	17	17	17	17	NaN	NaN	17/18	NaN	NaN	17	NaN	NaN	17	17	17/18	17	NaN	NaN	17	17	17	17	17	17	17	17	17	17	17	17	NaN	17	NaN	17	NaN	NaN	17/21	17/22	17	17	17	NaN	17	17	NaN	17	17	17/18	17	NaN	17	NaN	17	NaN	17	17	17	17/19	18	NaN	17	NaN	17	17	NaN	NaN	17	17	NaN	17	NaN	NaN	17	17	17	17	17	17	NaN	17	17	NaN	NaN	NaN	NaN	17	17	17
LOC_43	20/22	NaN	20/22	19/20	20	20/22	20	NaN	20/22	NaN	22	21/22	NaN	22	20/21	NaN	22	22	NaN	NaN	19/20	NaN	20/22	NaN	20/22	NaN	NaN	22	21	21	20/22	21/22	NaN	22	20/21	20/22	22	20/22	20/22	20/21	22	NaN	NaN	NaN	NaN	NaN	20	NaN	22	NaN	NaN	NaN	20	20	22	22	NaN	21/22	NaN	20/22	NaN	22	NaN	NaN	21	20/22	NaN	NaN	20/22	20/22	NaN	20/22	NaN	20/21	20/21	20/22	20/22	21/22	20/22	21	NaN	20/22	22	NaN	NaN	NaN	22	20/22	20/22	20/22	22	NaN	20	20	19/20	NaN	22	NaN	20/22	20	20
LOC_44	20	NaN	20	NaN	20/22	NaN	20	20	20/22	NaN	19/20	NaN	19/20	20	19/20	NaN	20	NaN	22	20	20	19/20	19/20	NaN	20	20	NaN	20	20/21	20	NaN	20	NaN	20	20/22	20/22	NaN	20	20	20/22	21/22	NaN	22	20	20	20	20	NaN	NaN	20	21	20	NaN	20	20	20	19/20	NaN	19/20	20	19/20	NaN	20	NaN	20	21	20/21	20	20	20	20	19/20	20	20	NaN	20	20	NaN	NaN	20	20/21	20/21	18/19	20	20	19/20	22	20/22	19/20	20	20	19/20	NaN	20	20	NaN	NaN	20	NaN	21	20
LOC_45	16/17	16	NaN	16/17	16/17	17	16	NaN	17	16	17	18	18	16/17	16	17	16/15	17	16	16/17	16/17	17	17	16/17	17	16/17	17	16	16/17	16/17	NaN	16/17	16	17	16	16/17	16/17	17	17	16/17	16	16/17	17	NaN	16	16/17	17	NaN	16	16	16/17	17	16/17	16/17	NaN	18	16/17	NaN	17	17	NaN	NaN	16	17	16/17	16/17	16/17	16/17	17	17	17	17	16/17	16/19	16	17	16	17	17	16	16	17	16	16	16/17	16/17	17	17	17	17	16	16/17	NaN	16	17	17	17	16/17	17	17	17
LOC_46	22	22	21	22	21/22	22	22	NaN	NaN	22	NaN	NaN	NaN	NaN	22	22/23	21	22	22	NaN	22	21	NaN	NaN	NaN	22	21/22	NaN	NaN	NaN	23	23	22	22	NaN	23	22	NaN	NaN	NaN	22	21/22	22	NaN	22	NaN	22	NaN	NaN	NaN	22	NaN	NaN	21	NaN	22	22	22	NaN	NaN	22	NaN	NaN	NaN	22	NaN	NaN	NaN	NaN	22	21/22	NaN	NaN	22	NaN	22	22	NaN	19	NaN	NaN	NaN	21/22	22	22	NaN	22	22	NaN	NaN	NaN	21	22	NaN	NaN	NaN	23	22	21/22	NaN	22
LOC_47	14	NaN	14	14	14	NaN	14	14	NaN	14	14	NaN	NaN	14	NaN	14	14	14	14	14	NaN	14	14	14	14	14	14	14	14	14	NaN	14	NaN	14	14	14	NaN	14	NaN	14	14	NaN	NaN	NaN	14	14	NaN	14	NaN	NaN	14	14	14	14	NaN	NaN	NaN	NaN	14	14	NaN	14	14	NaN	14	13/14	14	14	NaN	NaN	14	14	NaN	NaN	NaN	14	14	NaN	NaN	14	14	14	14	NaN	NaN	NaN	14	14	NaN	NaN	14	NaN	NaN	NaN	14	NaN	NaN	NaN	14	14	14
LOC_48	21	21	21	NaN	NaN	NaN	NaN	21	NaN	NaN	21	21	21	21/22	NaN	21	21/22	21	21	21	22	21/22	NaN	21	22	22	21	21	NaN	NaN	NaN	21	21	21	20/21	NaN	NaN	23	23	21	21	21	21	21	21	21	21	21	21	NaN	21	NaN	NaN	20	21/22	NaN	NaN	NaN	21	NaN	NaN	21	21	NaN	NaN	24/23	23	NaN	21	NaN	NaN	21	NaN	21	21	NaN	NaN	21	NaN	21	NaN	NaN	21	NaN	NaN	22	21	NaN	NaN	NaN	21	20/21	21	22	NaN	20/21	NaN	20/21	21/22	21	21
LOC_49	21	22	22	NaN	22	NaN	NaN	NaN	21/22	NaN	NaN	NaN	22	NaN	21/22	21/22	22	NaN	21/22	NaN	26/21	21	NaN	NaN	NaN	NaN	22	22	NaN	21	21	NaN	NaN	22	21	NaN	NaN	NaN	20/21	22	22	21/23	NaN	20	21	21	21	NaN	21	NaN	21	21	22	21/22	22	21	NaN	NaN	NaN	21/22	NaN	21	21/22	21	NaN	NaN	NaN	22	22	21/22	20/21	19	NaN	22	21/22	NaN	NaN	NaN	22	21/22	21	21/22	21	21	NaN	22	22	22	22	22	22/23	NaN	22	22	21	22	21	NaN	NaN	NaN	21
LOC_50	24	NaN	24	23	24/23	NaN	NaN	24	24/23	NaN	NaN	NaN	NaN	24/23	23	24/23	NaN	24	24	24/23	24	NaN	24	24/23	NaN	24	24/22	24	23	23	24	NaN	NaN	NaN	NaN	26/23	NaN	23	25	24/25	24/25	NaN	25	NaN	24	NaN	24	23	24	23	NaN	24/23	24	NaN	24/23	23	24/25	NaN	21	NaN	NaN	25	NaN	23	NaN	23	24/23	NaN	NaN	24	23	NaN	NaN	NaN	24	24	24	NaN	NaN	24/23	NaN	24	27	NaN	NaN	23	24/23	24/23	NaN	24/23	24/23	NaN	23	23	NaN	23	NaN	24	24	NaN	NaN
LOC_51	18/27	18/27	18/27	17/28	18/28	18/28	18	18/28	18/28	NaN	18/27	NaN	25/27	27	28	NaN	17/18	27	18	18/27	18	18/27	17/18	17/28	NaN	18/28	18/27	26	NaN	26	NaN	18	18/26	18/26	27/28	19/28	18	18/27	18/28	17	28	18/29	18/28	18/26	18/27	27	18/27	NaN	27/28	NaN	NaN	18/28	NaN	27	18/27	28	18/28	18	18/28	27/28	28	18/27	18/29	18	18/28	18/28	18/28	18/28	NaN	18	27	25/18	18/28	NaN	18/27	18/28	18/27	NaN	18/28	18/28	18/28	18/28	28	27/28	18/28	18/27	18/27	NaN	NaN	18/27	18/28	18	18/28	18/27	19/28	18/28	NaN	18/28	18/28	18/28	18/27
LOC_52	17	17	17	17	17/18	17/18	NaN	NaN	18	NaN	17/18	NaN	17	17/18	17/18	17/18	18	17/18	18	17	17/18	17/18	17/18	17/18	16/17	17	17	17/18	18	18	17/18	17/18	17/18	17/18	17/18	17	18	17	17/18	18	16	18	17/18	18	17/18	NaN	18	NaN	17/18	18/13	NaN	17	18	17/18	17/18	16/18	17/18	17/18	17/19	17	18	17/18	18	17	18	18	17	17	18/13	17/18	17/18	17/18	17/18	18	NaN	17	17	17/18	18	17/18	18	17	17/18	17/18	17/18	16/18	17	16/17	17/18	18	17/18	18	16/18	16	17/18	NaN	18	17/18	NaN	18	17/18
LOC_53	NaN	7	7	NaN	7	7	7	7	NaN	NaN	7	7	NaN	7	7	NaN	7	7	NaN	NaN	7	8/7	8	7	NaN	NaN	7	NaN	NaN	7	7	7	7	7	NaN	NaN	NaN	NaN	NaN	7	7	NaN	7	7	NaN	NaN	7	NaN	7	NaN	NaN	7	7	NaN	NaN	NaN	7	7	7	7	7	7	7	7	7	7	7	7	7	NaN	7	7	7	7	9/7	7	7	NaN	NaN	NaN	NaN	7	7	7	7	NaN	7	7	7	7	7	NaN	7	NaN	NaN	NaN	NaN	7	7	NaN	NaN
LOC_54	17	15	19/15	NaN	17	17/15	15	15	15	15	17	NaN	17/15	16	17/15	NaN	15	NaN	15	17	NaN	17/15	15	17/15	15	17/15	17/15	17/15	15	17	16/17	16/17	17	15	17	15	15	17	NaN	15	17	15	15	NaN	17	17/15	15	15	15	15	NaN	17	17	17/18	17/15	17/15	17	17/15	17	17/15	15	17/15	17/15	17	NaN	17/15	15	17	15	17	16	16/17	16/17	17	15	17/15	17/15	NaN	15	15	NaN	15	15	15	17	15	17/15	17/15	17	17/15	17/15	15	15	17	17/15	NaN	NaN	17/15	NaN	15	17
LOC_55	21	NaN	21	21	21	21	21	22	21	21	NaN	21	21	21	NaN	NaN	21	21	21	21	21	21	20/21	21	21	21	21	21	NaN	21	21	21	20/21	20/21	21	21	20/21	21	21	21	21	21	21	21	21	NaN	21	20/21	21	21	21	21	21	21/22	NaN	21	21	21	20/21	21	21	21	21	21/22	21/22	21	20/21	21	21	21	21	21	21	21	21	21	21	20/21	21	21	21	21	21	21	21	21	20/21	20	21	21	20/21	20/21	21	21	21	NaN	21	21	21	21	21
LOC_56	NaN	NaN	18	16	16/17	16/18	16/18	16/18	16	16	18	18	16/17	18	NaN	NaN	16	18/15	18	18	18	16/18	16	16	18	16/18	18	16/18	NaN	16	16/18	16	18	18	18	16/18	16	16/18	16/18	16/18	16/18	16/21	21	NaN	NaN	18	16/18	NaN	16/18	16/18	16/18	16/23	NaN	18	NaN	16/18	16/18	NaN	16/18	16/17	16/18	16/18	NaN	18	16/18	16	NaN	NaN	16/18	16	NaN	18	18	16/18	18	18	16	16/18	16	16/18	16	16/18	16/18	16	16/18	17	18	18	16/18	16	18	16/18	16/18	16/18	16/17	NaN	16	18	NaN	16	18
LOC_57	15	NaN	21/15	15	21/15	21	21/15	NaN	17/21	15	15	NaN	19/15	21/15	21/15	NaN	21/15	21	20/21	15	20/15	20/15	21/15	15	21/15	21/15	21/15	NaN	16/21	16/21	21/15	21/15	21/15	21/15	21/15	21/15	NaN	NaN	21/15	21/15	21	NaN	21/15	NaN	21/15	NaN	NaN	21	NaN	21/15	21	15	21/15	21/15	21/15	NaN	15	19/20	15	15	21/15	20/21	21	21/15	21/15	21	15	21/15	21/15	21/15	21	15	21/15	21/15	NaN	21	20/15	15	21/15	15	15	21/15	21/15	21	21	21/15	21/15	21/15	NaN	22/15	21/15	21/15	15	21/15	21	NaN	NaN	NaN	NaN	21/15	15
LOC_58	15	15	15	15	15	15	15	15	NaN	15	15	15	NaN	15	15	NaN	15	15	15	15	NaN	15	15	15	NaN	NaN	15	15	NaN	16/15	NaN	15	15	15	15	15	15	15	16	15	15	NaN	NaN	NaN	NaN	15	15	NaN	NaN	NaN	16/15	15	15	15	15	15	NaN	15	NaN	15	15	NaN	15	NaN	NaN	NaN	15	15	15	15	15	15	15	NaN	NaN	15	NaN	15	16/15	NaN	NaN	NaN	15	NaN	NaN	NaN	15	15	NaN	NaN	15	15	15	15	NaN	NaN	15	NaN	NaN	15	15
LOC_59	14/15	14/15	14/15	15	15	14/15	14/15	14/15	15	15	14	14/15	14/15	14/15	15	NaN	14/15	15	15	14/15	NaN	14/15	15	15	15	14	15	14/15	14/15	15	15	14	14	14	14/15	15	15	14/15	15	14/15	15	15	14	15	15	15	15	15	15	14	15	14	14	14	14	14/15	14/15	14/15	14/15	14	15	15	14/15	14/15	14	15	NaN	14	14/15	15	14	14	15	14	NaN	14	14/15	16/14	14	14/15	16	14	14	14	14/15	14	14/15	15	15	14/15	15	14	14/15	14/15	15	NaN	14	14/15	16	14	14
LOC_60	15	NaN	14	14/15	14/15	NaN	14/15	NaN	NaN	NaN	NaN	15	15	14/15	15	NaN	NaN	14	15	NaN	NaN	NaN	NaN	NaN	NaN	NaN	14/15	15	NaN	14/15	NaN	14/15	NaN	NaN	15	14	NaN	NaN	NaN	NaN	14	15	15	14/15	15	15	15	15	15	NaN	NaN	NaN	14/15	15	15	14	14	14	NaN	NaN	NaN	NaN	14	14/15	NaN	14/15	14	NaN	14/15	14/15	15	NaN	NaN	NaN	15	NaN	NaN	NaN	13/15	NaN	15	NaN	14	NaN	15	NaN	16/14	NaN	13	14/15	14	14/15	14/15	14/15	NaN	15	NaN	14/15	NaN	NaN	15
LOC_61	16/10	NaN	16/10	10/15	10	16	17/10	NaN	10/15	NaN	16/10	16/10	16/10	16/10	16/10	NaN	16/10	16/10	16/10	16/10	16/10	16	10	16/10	16/10	16/10	16	16/12	16/10	16/10	16/10	16/10	10	10	16/10	16/10	16/10	16/10	16/10	16/10	16/10	10	16/10	NaN	16/10	16/10	16/10	NaN	16/10	16/10	NaN	16/10	16/10	16/10	16	10	16/10	16/10	16/10	16/10	10/15	16/10	16/10	10/15	10/15	16/15	16/10	10/15	10/15	16/10	16/10	16/10	10	16/10	16/10	16/10	10	10/15	16/10	16/10	16/10	16	10/15	10/15	16/10	16/10	10/15	10/15	16/10	16/10	16/10	16/10	17/10	17/10	17/10	NaN	16/10	16/10	16/10	16/10	16/10
LOC_62	13	13	13	13	NaN	NaN	13	13	NaN	NaN	13	13	13	13	NaN	NaN	13	NaN	NaN	13	NaN	NaN	13	13	NaN	13	NaN	13	13	NaN	NaN	13	13	13	13	14	NaN	NaN	NaN	13	NaN	13	13	NaN	13	13	13	13	13	13	NaN	NaN	NaN	13	13	14	NaN	13	NaN	NaN	NaN	13	13	NaN	13	NaN	NaN	NaN	13	13	13	13	13	NaN	13	13	NaN	13	13	NaN	NaN	13	13	13	13	13	13	13	13	13	13	13	13	13	NaN	13	NaN	13	NaN	13	13
LOC_63	14	14	12/14	NaN	12/14	NaN	12	12/14	12/15	15	12	NaN	14	12	14	12	12/14	12	12/14	14	12	12	12	12/14	14	14	12	12	14	12	14	12	12/14	14	12/14	14	12	14	12	13	13/14	NaN	12	NaN	12	NaN	12/14	NaN	14	12/14	NaN	12	12/14	12/14	NaN	12	12	12/14	12/14	14	NaN	12/14	12	14	12/14	12/14	14	12	12/14	12/14	12/14	12	12/14	14	12	12/14	12/14	12/14	NaN	12/14	12	12/14	14	12/14	14	12/14	NaN	12/14	NaN	12/14	12/14	12/14	14	12	12	NaN	NaN	NaN	12/15	12/15	12/14
LOC_64	NaN	25/18	24	20	18	18/23	NaN	NaN	18	NaN	NaN	NaN	22/23	NaN	18/23	23	NaN	23	19/23	NaN	NaN	NaN	23	NaN	NaN	24	NaN	22/23	18	NaN	NaN	18	NaN	22/23	NaN	NaN	NaN	NaN	18/23	18	18/23	NaN	NaN	NaN	18	NaN	NaN	NaN	18/22	18/23	NaN	18/23	NaN	NaN	NaN	23	24/18	NaN	24/18	18	NaN	17/18	18	23	23	23	NaN	NaN	22/23	23	22/23	18/23	NaN	23	18	24/18	24/18	NaN	NaN	NaN	NaN	18/23	NaN	NaN	18	NaN	NaN	18/23	NaN	NaN	18	18	NaN	NaN	19	20	NaN	NaN	NaN	18	18
LOC_65	NaN	16	NaN	NaN	16	16	16	16	16	NaN	16	NaN	NaN	NaN	16	16	16	NaN	16	NaN	NaN	16	16	16	16	16	NaN	17	NaN	16	16	16	16	16	16	16	16	16	NaN	NaN	16	NaN	16	16	16	16/17	16/17	16	NaN	16	16	16	16	16	16	16	16	NaN	16	NaN	NaN	16	NaN	16	16/15	16	16	NaN	16	16	16	17	17	17	NaN	NaN	16	16	16	16	NaN	16	16	16	16	16	16	16	16	NaN	16	NaN	16	16	16	16/17	16	16	16	16	16
LOC_66	21	NaN	NaN	18/19	22/23	NaN	21	24	19	19	19/21	NaN	21	21	21	19/21	19/21	19/21	19	19/21	20/21	NaN	21	19	19/20	20	19/20	NaN	NaN	NaN	21	19/21	19/21	NaN	NaN	21	20	20/21	21	21	19/21	NaN	19	21	19/21	21	19/20	NaN	19	19	NaN	20	19/20	19/21	NaN	20/21	21	20/21	21	NaN	18/23	21	19/21	22	24	20/21	20/21	22/23	19/23	21	19	NaN	20	22	20/21	21	19/21	20/21	19	19	19/21	19/21	NaN	NaN	20/21	21	19/23	23	19/21	22	18	21	20/21	20	21	19	21	19/21	21	20	21
LOC_67	14	NaN	14	14	14	NaN	NaN	14	14	14	14	NaN	14	14	14	NaN	14	NaN	NaN	14	14	14	14	14	14	16	14/15	15	14/15	15	14	14	14	14	14	14	NaN	14	14	14	14	NaN	14	NaN	15	14	14	NaN	14	14	NaN	14	14	14	NaN	14	14	14	14	14	14	15	15	14	14	14	14	14	14	14	14	14	14	14	14	NaN	14	16/14	14	14	14	14	14	14	14/15	14	14	14	14	14	14	14	14	14	14	14	NaN	14	14	16	14
LOC_68	18/19	19	NaN	18	19	18/19	18	NaN	19	NaN	18/19	19	19	18/20	NaN	NaN	19	18/19	17/19	NaN	NaN	NaN	18/19	NaN	19	NaN	19	19	19	NaN	NaN	NaN	18/19	19	18/19	NaN	NaN	NaN	19	19	18	19	18/19	NaN	18/20	18	NaN	18/19	19	18	18	18/19	18/19	19	NaN	19	19	18/19	18	18	18/19	NaN	NaN	18/19	NaN	19	18	NaN	18/19	19	18	18	NaN	19	18	19	19	NaN	18/19	NaN	19	NaN	18/19	NaN	18	18/19	18/19	19	18/19	18/19	19	19	19	19	NaN	17/18	NaN	19	18/19	19	18/19
LOC_69	17	17	16/17	16/17	16/17	16/17	17	17	17	16	17	NaN	17	17	17	16/17	16/17	15	15	16/17	17	16/17	17	16	16/17	17	16/17	16	17	15	16/15	16	16/17	16/17	16/17	16	16/17	16/17	16	17	16/17	16/17	16/17	17	17	17	16/17	NaN	16	16	16/17	17	16/17	16/17	17	17	17	17	16/17	16/17	17	NaN	16/17	NaN	16/17	16	16/17	17	16/17	16/17	17	16	17	16/17	16/17	16/15	15	17	19	17	NaN	16/17	17	17	16/17	16/17	17	17	16/17	16	17/15	NaN	16	17	17	16	NaN	16	16	17	16/17
LOC_70	19/21	NaN	NaN	NaN	NaN	NaN	NaN	NaN	20/21	20	NaN	NaN	20/22	NaN	21	20	NaN	20	20/21	NaN	22	NaN	20	NaN	21	NaN	NaN	20/21	NaN	20/21	NaN	NaN	21	NaN	NaN	20/21	NaN	NaN	20	NaN	NaN	20/21	20	20/21	20	NaN	20/21	20/21	20/21	NaN	21	NaN	NaN	20/21	NaN	20/21	21	NaN	NaN	NaN	NaN	20	NaN	NaN	21	20/21	NaN	NaN	20	20/21	NaN	20/21	NaN	21	NaN	21	NaN	21	NaN	NaN	21	20	NaN	20	19/20	NaN	NaN	NaN	NaN	20/21	20/22	NaN	NaN	21	NaN	NaN	NaN	NaN	NaN	21	19/20
LOC_71	16/12	16/13	13	16/12	16/12	NaN	16/12	16/12	12	NaN	16/12	16/12	16/12	12/14	16/12	NaN	16	16/12	16/12	16/12	NaN	16/12	16/12	12	12	18	16/12	16/12	16	16/12	16/12	16/12	16/12	16	16/12	12	16/12	16/12	16/12	16/12	16/12	NaN	16/12	16/12	16/12	16	16/12	16/12	16	16/12	16	16	16/12	16/12	NaN	16/12	16/12	16/12	16/12	NaN	12	16/12	16/12	16/12	16/12	16/12	18/12	16/12	16/12	16/12	16/12	NaN	12	16/12	16/12	16/12	16	12	17/12	12	16/12	16	16/12	17/12	12	16/12	16/12	16/12	16/12	16	16/12	16/12	12	16/12	16/12	NaN	NaN	16/12	16/12	12	16/12
LOC_72	14/15	NaN	14/15	15	14/15	15	14	14/15	15	NaN	15	15	NaN	16	14/15	15	15	15	14/15	14/15	14/15	14/15	15	14/15	15	15	14/15	14	NaN	14/15	14	14	15	15	15	15	NaN	14	14/15	15	14	NaN	15	NaN	14/15	14	14	NaN	14/15	14/15	14/15	14	14/15	14/15	15	15	14/15	14	15	15	14/15	15	14/15	14/15	15	14/15	14/15	14/15	14/15	14/15	14	15	14	14	14	14/15	15	15	15	15	14/15	14/15	14/15	14	14/15	14	14/15	14/15	15	14	14/15	14/15	15	14/15	14	15	15	NaN	15	14/15	14/15
LOC_73	20/21	NaN	20	20/21	19/20	NaN	20/21	20/21	20/21	20	NaN	19/21	NaN	21	20	20	NaN	21	NaN	NaN	20	NaN	NaN	21	NaN	NaN	19/21	19	20/21	NaN	NaN	NaN	20/21	20	NaN	NaN	20/21	NaN	20/21	20/21	20	NaN	21	NaN	20	21	19/21	19/20	20/22	20/21	21	NaN	20/21	NaN	NaN	20	NaN	21	NaN	NaN	NaN	NaN	20/21	NaN	NaN	20	NaN	21	20	21	NaN	21	NaN	20	NaN	20	19/20	20/21	20	19/20	19/20	NaN	20/21	NaN	21	NaN	20/21	20	19	NaN	19/21	NaN	NaN	NaN	21	NaN	20	20	NaN	21	20
LOC_74	21	23	NaN	NaN	NaN	22	22	21/22	22	NaN	21/22	NaN	21	22	22	NaN	21/23	NaN	NaN	22	22/23	21/22	NaN	22	21	22	21/22	22	NaN	NaN	21	NaN	NaN	25	22	22	22	22	NaN	20/22	22	NaN	21/22	20/22	NaN	21/22	21/22	NaN	22	21/22	21	22	22	21/22	22	22	NaN	NaN	21/22	NaN	NaN	21	21	NaN	NaN	22	22	NaN	20/22	22	NaN	22	NaN	22	NaN	21	NaN	21	21/22	21	22	NaN	21	NaN	21	22	NaN	NaN	NaN	22	21	NaN	NaN	NaN	NaN	NaN	21	21/22	21/22	NaN	22
LOC_75	15	NaN	15	15	NaN	15	15	NaN	15	15	15	15	NaN	15	15	NaN	15	NaN	NaN	14/15	15	15	15	15	NaN	15	NaN	NaN	15	NaN	15	NaN	NaN	15	NaN	17	NaN	NaN	15	15	NaN	NaN	15	NaN	15	NaN	14/15	15	15	15	15	NaN	15	15	15	15	NaN	NaN	15	15	15	15	NaN	NaN	15	15	15	15	15	15	15	NaN	15	15	15	15	NaN	15	15	NaN	15	15	15	15	NaN	15	15	15	NaN	NaN	15	15	NaN	NaN	NaN	NaN	NaN	15	15	15	NaN
LOC_76	NaN	16/18	NaN	NaN	NaN	18	17/18	NaN	NaN	NaN	NaN	17/19	16/18	16/18	NaN	18	NaN	NaN	18	16/21	18	NaN	NaN	NaN	NaN	NaN	16/21	21	NaN	NaN	NaN	16/18	17/18	16/18	17/18	NaN	17/18	17/18	17/19	18	NaN	NaN	20/14	NaN	18	16	NaN	NaN	NaN	18	18	16	NaN	16/17	NaN	NaN	17/18	17/18	16/18	18	16	NaN	18	NaN	18	17	NaN	16	NaN	NaN	16/18	NaN	16	16/17	NaN	18	NaN	16	16/18	18	NaN	16/18	NaN	NaN	16/17	NaN	18	NaN	NaN	18	16	NaN	18	NaN	16	NaN	NaN	NaN	NaN	19	NaN
LOC_77	9	NaN	9	9	9	9	9	9	9	9	9	NaN	9	9	9	9	9	NaN	9	9	9	9	9	9	9	9	9	9	9	9	9	9	9	9	9	9	9	9	9	9/12	9	9	9	NaN	9	9	9	9	9	9	9	9	9	9	NaN	9	9	9	9	9	9	9	9	9	9	9	9	9	9	9	9	9	9	9	NaN	9	9	9	9	9	9	9	9	9	9	9	9	9	9	9	9	9	9	9	9	9	NaN	NaN	9	9	9
LOC_78	NaN	19	16	NaN	16	15	NaN	NaN	NaN	NaN	NaN	16/15	16/15	NaN	16	NaN	NaN	16	16/15	15	NaN	NaN	NaN	16/15	NaN	NaN	NaN	16	16/15	16/15	15	16	NaN	16	NaN	15	NaN	16	NaN	NaN	16	16/15	NaN	15	NaN	16	16	NaN	NaN	NaN	16/15	NaN	NaN	15	NaN	15	NaN	NaN	16	16/15	NaN	16/15	16/15	16	16	16	NaN	NaN	NaN	16/15	15	16/15	NaN	15	NaN	NaN	NaN	16	17	NaN	16/15	NaN	16	NaN	NaN	NaN	16	17	NaN	15	15	15	NaN	NaN	NaN	NaN	15	15	NaN	16	NaN
LOC_79	12/14	12/14	NaN	NaN	15	NaN	NaN	12/15	12/15	12	12/14	14	NaN	12	14	14	12/14	14	12	NaN	NaN	12/14	13	14	12/14	14	12/14	14	14	NaN	NaN	12/14	12	12/14	12/14	12/14	NaN	12	NaN	NaN	12	NaN	NaN	NaN	12	12	14	NaN	NaN	12/14	12	12/14	14	13/14	12/14	NaN	12/14	NaN	12	14	12/15	NaN	NaN	NaN	12	14	NaN	NaN	12	14	NaN	NaN	NaN	12/14	14	14	14	12/14	NaN	12/14	14	NaN	15	NaN	12/15	12/15	12/15	12	NaN	12	12/14	NaN	15	12/15	NaN	14	NaN	NaN	12/14	14	NaN
LOC_80	15	NaN	15	16/15	16/15	15	15	16/15	15	15	15	NaN	15	15	15	16	15	15	16	15	15	15	15	15	15	15	15	15	15	15	15	15	16/15	15	16	16/15	15	15	15	16	16	17/15	16/15	15	15	15	15	NaN	19/15	NaN	19	15	16	15	NaN	15	15	15	15	16/15	16	15	15	16	15	15	15	16	16/15	16	15	15	15	15	15	15	15	15	19/15	15	15	16/15	16	NaN	15	16	16/15	16	15	15	15	15	15	15	15	NaN	15	15	14/15	15	15
LOC_81	21/23	NaN	21	NaN	22	NaN	NaN	23	NaN	22/23	NaN	NaN	21	23	23	21/22	NaN	22/23	23	23	NaN	NaN	23	23	21/22	NaN	NaN	21/23	NaN	21	NaN	21/22	NaN	22	24/23	25	23	NaN	NaN	23	NaN	23	NaN	21	NaN	NaN	21	NaN	23	NaN	22/23	24/23	22	21	NaN	22	23	21	22/23	22/23	22/23	NaN	NaN	22	23	NaN	21/23	NaN	22/23	NaN	NaN	23	NaN	21/22	NaN	21/22	23	NaN	NaN	NaN	23	NaN	22	NaN	22/23	22/23	23	NaN	NaN	NaN	21/22	23	22	NaN	NaN	23	21	23	NaN	22/23	21
LOC_82	20	20	20	20	19/20	20	20	NaN	20	22	20	20	20	20	20	20	20/21	20	20	20	19	19/20	19/20	20	20	20	20	20	20	19/20	20	19/20	20	20	20	20	20	20	19/20	20	20	19/20	20	20	20	20	20	20	20	20	NaN	20	20	19/20	20/21	19/20	19/20	19/20	20	20	19/20	20	20	20	20	21	21	20	19/20	20	20	19	20	20	20	NaN	20	20	19/20	20	20	20	20	20	20	19/20	20	19/20	21	20	19/20	20	20	20	20	20	20	NaN	19/20	20	20
LOC_83	NaN	NaN	NaN	NaN	20	19/20	NaN	NaN	20	20	19/20	20	20	19/20	NaN	20	19/20	20	NaN	NaN	20/21	NaN	20	NaN	20	NaN	19/20	19/20	NaN	20	NaN	20	19/20	20	20	20	20/21	NaN	NaN	NaN	19/20	20	20	NaN	20	20	19/20	NaN	20	19	19/20	20	20	19	19	20	NaN	NaN	20	NaN	20	20	20	20	NaN	21	21	20	NaN	19/20	NaN	20	19/20	NaN	NaN	20	20	NaN	NaN	20	20	20/21	20	NaN	NaN	20	19/20	20	NaN	NaN	NaN	NaN	20/21	20/21	NaN	19	19/20	19	21	NaN	NaN
LOC_84	10/14	NaN	10/14	10/14	10/14	10/14	10/14	NaN	10/14	10/14	10/14	10/14	14	11/14	10/14	10/14	10/14	10/14	10/14	10/14	10/14	10/14	10/14	10/14	10/14	10/14	14	10	10/14	10/14	11/14	11/14	10/14	10	10/14	14	10/14	10/14	10/14	10	10/14	NaN	12	11	14	10/14	10/14	NaN	10/14	10	12	10/14	10/14	10	NaN	10/14	10	10	10/14	10/14	10/14	11/14	11/14	10/14	10/14	10/14	10/14	10/14	10/14	10/14	16/11	NaN	10	10/14	10/14	10/14	10/14	10/14	10/14	10	10/15	10/14	10/14	10/14	10/14	10/14	10/14	10/14	10/14	10	10/14	10	10/14	10/14	10	10	9/14	10/14	10/14	10/14	10/14
LOC_85	21	NaN	21	NaN	21	NaN	NaN	20/21	20/21	NaN	21	20/21	NaN	21	21	NaN	20	NaN	22	21	NaN	21	21	21	20/21	21	NaN	20	NaN	20/21	NaN	21	21	21/15	21	21	NaN	21	20/21	21	21	NaN	21	NaN	21	21/22	21/22	21	20/21	21	21	20/21	21	20/21	NaN	21	20/21	NaN	21	21	20	21	20/21	NaN	21	21	NaN	NaN	20	21	NaN	21	21	21	21	21	21	21	21	21	21	20/21	21	19/20	21	NaN	19/20	20/21	20/21	21	20/21	21	21	20/21	20/21	21	20/21	21	22	20/21	21
LOC_86	20	20	NaN	18	18	19/21	18/20	NaN	18	18/20	18/20	18	20	18/19	17	20	20	20	NaN	18	20	18	18	18/20	18	18/20	18/19	20	20	20	20	18/20	20	20	16/20	18/20	20	18/20	20	18/20	20	NaN	18	NaN	18	20	18/20	NaN	18/20	18/20	NaN	20	19/20	20	18/20	19/21	18/20	18/20	18	19	18	20	18	20	18/20	18/20	20	18	18	18/19	20	18	18/20	19/20	NaN	18/20	18/20	20	18/20	18/20	18/20	20	18	18	18/19	18/19	18	18	18/20	20	20	20	18	18/19	18/20	20	NaN	18/20	20	20	18/20
LOC_87	16	16	16	14	14	16/17	16/17	NaN	17	17	16	16	16	16/17	17	NaN	16	17/14	14	16	NaN	16/17	16/17	17	16	NaN	16	16	16/17	17	17	16/17	17	14	17/14	17/14	NaN	17	16	14	17/14	17	17/14	16/17	16	16	16	17/14	17	17	17	14	17/13	16	NaN	17	16/17	17	14	17/14	18/14	17	17	17	17	16/15	16	17/14	14	17/14	17	17	16/17	16/17	16	16	16	16	14	17	17	17	17	17/14	17	17	17/14	17/14	16	16	16	16	16/17	16/17	16/17	NaN	NaN	16	17	16/17	16
LOC_88	23	NaN	23	NaN	23	NaN	22/23	NaN	22	22/23	NaN	NaN	23	23	23	22/23	23	NaN	25/22	23	NaN	23	23	NaN	23	23	23	23	23	23	NaN	23	22/23	23	23	NaN	23	NaN	NaN	23	23	23	21/23	23	23	23	23	NaN	23	NaN	21/22	21/23	23	25/23	NaN	23	22/23	23	24/23	23	22/23	23	23	NaN	23	23	23	NaN	23	23	NaN	NaN	23	21/22	NaN	22/23	23	23	NaN	21	24/23	24	22/23	23	23	23	23	23	NaN	NaN	23	NaN	24/23	23	23	23	23	NaN	23	23	22/23
LOC_89	22	22	24	22	22	22	22	22	24/23	23	22	NaN	22	22	22	22	22	21/22	20/22	22	22	22	22	21/22	22	22	20	NaN	NaN	22	22	22	22	22	22	22	22	22	22	22	22	22	21/22	22	22	NaN	22	22	22	22	21/22	22	22	22	22	22	22	22	22	22	21	21/22	22	22	22	21/22	22	21	21/22	22	22	22	22	22	22	22	21/22	22	22	22	22	22	21/22	22/23	22	22	21/22	21/22	22	22	22	22	22	22	20/22	21/22	NaN	NaN	22	22	22
LOC_90	12/14	NaN	13	12/13	12	12/13	12	13	12/13	12/13	12/14	NaN	12/13	13	11	NaN	12/13	12	12/13	NaN	12	12	12/13	12	12	12/13	12	12/14	12	13	13	13	12/13	12/13	12	12	13	12	12	13	12/13	12	12	13	13	14	12	12	12	12/13	12	12/13	12/13	13	12/13	12	12	12	12	NaN	12	12/13	12/13	12/13	12	12	12	NaN	12	12/13	14	12/14	13	12/13	12/14	13	13	12/13	12/13	13	12/13	12/13	12	13	NaN	12	13	13	14	12/14	12/13	13	12	12	12	NaN	12/13	13	12/13	12	12
LOC_91	15	NaN	15	16/13	NaN	NaN	13	NaN	NaN	NaN	NaN	13/15	15	13/15	13/15	NaN	13	16/13	13	NaN	NaN	13/15	NaN	NaN	NaN	13	16/13	15	NaN	NaN	NaN	NaN	16	NaN	NaN	NaN	13	13/15	NaN	16/13	13	NaN	13/15	NaN	13	15	11/15	NaN	15	NaN	13/15	13	13/15	13	NaN	13	13	NaN	NaN	NaN	NaN	14/15	NaN	NaN	NaN	NaN	NaN	13	13	15	13	NaN	NaN	NaN	NaN	13	13/15	13/15	15	15	NaN	NaN	16/13	16	NaN	15	NaN	NaN	15	13/15	15	13/15	15	13	NaN	13	NaN	NaN	13/15	15	13
LOC_92	12	NaN	12	13	12/13	NaN	12/13	12/13	12/13	NaN	12	12	13	13	12/13	12/13	13	12	12	13	NaN	12/13	13	12/13	12/13	12	12/13	13	13	12/13	11/13	11	13	12/13	12/13	12	12/13	12	12/13	13	13	12/13	13	NaN	12/13	13	12	12/13	12	13	NaN	12/13	13	12	13	12/13	12/13	NaN	12/13	12/13	12	12/13	13	12/13	12	12	NaN	13	12/13	12/13	13	13	12	12/13	13	13	12/13	13	12/13	13	12	12/13	12/13	12	13	12	13	12/13	13	13	12/13	13	13	12	12/13	NaN	NaN	12	12	12	12/13
LOC_93	NaN	NaN	NaN	NaN	20/15	20/15	22/15	20/15	NaN	NaN	NaN	20/14	20/14	15	NaN	20/15	20	NaN	15	NaN	20/15	NaN	NaN	NaN	NaN	20/15	NaN	NaN	NaN	20	19	19/15	20/15	20	15	NaN	NaN	NaN	NaN	15	20	15	NaN	NaN	19/15	NaN	NaN	20/15	NaN	20	NaN	NaN	15	20/15	NaN	20	15	NaN	21/15	NaN	NaN	15	15	NaN	20/15	20/13	NaN	NaN	20/13	20/14	15	19/15	NaN	20	NaN	15	20/14	NaN	15	21/15	NaN	NaN	20/15	NaN	20/15	15	NaN	15	20/15	20/15	14	20/14	20/15	NaN	NaN	NaN	NaN	NaN	NaN	NaN	20
LOC_94	23	NaN	25	24/25	NaN	24	24/25	NaN	24	24/23	23	24/25	25/23	24	22/23	NaN	26/20	24	23	24/23	24	24	23	22	21	24/22	24	24/23	NaN	23	24/22	24	23	23	24/23	24	24	24/23	NaN	24	23	NaN	NaN	23	23	24	24/25	NaN	24/23	23	NaN	23	24/23	NaN	25	23	24	23	24/22	22/23	25/23	24/23	24/22	25/23	25/23	23	24	25	25/23	24/23	23	23	NaN	24	NaN	NaN	NaN	NaN	25	24	24/23	24	25/22	25/23	24	24	25/23	23	23	26	23	NaN	23	23	24/23	24/23	NaN	24/25	22	22	25/23
LOC_95	14	14	14	14	14	14	14	14	14	14	13	NaN	14	14	14	14	14	14	14	13	14	14	14	14	14	14	13/14	13/14	14	14	14	14	14	14	14	14	14	14	14	14	14	14	14	NaN	17	NaN	14	NaN	14	14	NaN	14	14	14	NaN	14	14	14	14	14	14	14	14	14	14	14	14	14	14	14	14	14	14	14	14	14	14	14	14	14	14	14	14	14	14	14	14	14	14	13	14	14	14	14	14	14	NaN	14	14	14	14
LOC_96	21	21	20	20/21	20/21	20/21	20/21	NaN	20	19/20	21	NaN	20/21	20/21	21/22	21	21	20	21	NaN	21	21	21	21	20/21	21	21	20/22	20/21	21	21	21	19/21	21	21	20/21	NaN	21	21	25	24	21	21	NaN	21	21	21	20/21	21	21	21	21	21	20/21	20/21	21	21	21	20/21	20	20/21	21	20	20/21	21	20/21	21	21	20/21	21	21	21	21	21	NaN	20/21	20	21	21	21	21	21	20/22	21	21	21	20/21	21	20	21	20	20/21	21	21	21	21	21	21	21	21	21
LOC_97	14	14	14	14	14	14	NaN	NaN	12	14	14	NaN	14	14	14	NaN	14	14	14	14	14	14	14	14	14	14	14	14	14	14	14	14	14	14	14	14	14	16/14	16	14	14	NaN	14	15	15	14	14	14	14	14	NaN	14	14	14	13	NaN	16/14	16	14	14	14	14	14	14	14	16/14	16/14	14	14	14	13	14	14	14	NaN	NaN	14	14	14	14	14	14	14	14	14	16	16	14	14	14	14	14	16/14	16/14	14	NaN	14	15	NaN	14	NaN
LOC_98	15	15	15	15	15	NaN	15	15	NaN	NaN	15	15	NaN	15	NaN	15	15	15	15	NaN	15	NaN	NaN	NaN	NaN	NaN	15	15	NaN	NaN	NaN	16	NaN	NaN	15	NaN	15	15	NaN	15	15	NaN	15	15	15	15	NaN	NaN	15	15	15	15	15	15	NaN	NaN	15	15	NaN	NaN	NaN	15	15	NaN	NaN	15	15	15	15	15	16/15	NaN	NaN	NaN	NaN	15	15	15	NaN	NaN	15	15	15	15	15	NaN	15	NaN	NaN	15	15	15	NaN	15	15	NaN	15	NaN	NaN	15	NaN
LOC_99	21	NaN	20/21	NaN	NaN	20/21	21	NaN	21/22	NaN	19/20	NaN	NaN	NaN	21	NaN	NaN	19	NaN	NaN	NaN	NaN	20/21	NaN	20	NaN	19/20	21	20/21	19/20	NaN	21	19/21	19/21	19/20	NaN	NaN	NaN	20	19/21	19	NaN	20/21	19	19/20	NaN	20	20/21	NaN	21	19/20	19/20	20	21	NaN	20/21	NaN	NaN	21	NaN	NaN	20	21	19/20	NaN	20	20	NaN	21	NaN	NaN	NaN	NaN	NaN	NaN	20	20/21	20	21	NaN	NaN	20/21	21	21	NaN	20/21	19/20	NaN	20	NaN	20/21	NaN	NaN	NaN	NaN	NaN	20	21	NaN	19/20	20/21
LOC_100	22	NaN	NaN	NaN	22	22	22	NaN	NaN	NaN	21	NaN	NaN	21/22	22	22	22	22	NaN	NaN	22	22	22	22	NaN	NaN	NaN	NaN	NaN	NaN	21/22	NaN	22	NaN	22	22	22	22	22	21	NaN	NaN	22	21/22	23	21/22	16/22	NaN	22	NaN	NaN	22	23	22	22	22	22	NaN	NaN	NaN	NaN	NaN	NaN	NaN	22	21/22	NaN	NaN	22	NaN	NaN	22	NaN	22	22	23	NaN	22	NaN	NaN	NaN	22	NaN	21/22	22	22	22	NaN	21/22	22	NaN	23	22	NaN	NaN	22	NaN	22	22	NaN	NaN
LOC_101	18/19	NaN	18/19	18/19	18	NaN	19	18	18/19	18/19	19	NaN	18/19	19	18/19	NaN	19	18	18/19	19	19	18/19	19	17/19	19	18/19	18/19	19	18	18/19	17/19	19	19	19	18/19	19	18	18/19	19	19	18	NaN	19	17/19	16/17	NaN	19	NaN	18	18/19	18	18/19	19	18/19	NaN	19	18/19	18/19	18/19	18	18/19	17/18	17	18/19	18/19	17/19	19	18/19	17/18	19	17/19	19	18	18	18/19	19	18/19	18	19	18	18/19	18	18/19	19	19	18/19	18/19	19	18/19	18/19	18	19	18	18	17/19	NaN	19	18	19	19	19
LOC_102	20	20	20	19/20	19/20	19/20	20	20	20	NaN	20	NaN	20	NaN	NaN	NaN	19/20	20	NaN	20	NaN	20	19/20	NaN	20	20	19/20	20	20	20	20	20	20	NaN	20	20	19/20	19	20	20	19/20	20	NaN	20	NaN	20	19/20	20	19/20	20	20	20	20	NaN	NaN	20	20	20	20	19/20	NaN	20	19	NaN	20	20	19	20	20	20	20	19/20	20	19/20	19/20	20	20	20	20	20	NaN	20	20	20	19/20	NaN	20	20	NaN	20	20	20	19/20	20	NaN	NaN	20	20	19/20	20	20
LOC_103	16	NaN	16	16/17	16/18	NaN	16	NaN	NaN	18	16	16/13	NaN	16/18	NaN	16	16	NaN	16	NaN	16	NaN	NaN	NaN	NaN	16	NaN	16	16	16	16/18	16/18	16/18	NaN	18	16/18	NaN	16	16/11	16/18	18	16/18	17/18	NaN	16	NaN	16	NaN	16	NaN	18	NaN	18	16	NaN	16	NaN	16	NaN	NaN	18	16/18	NaN	NaN	16/18	16	NaN	NaN	16/18	NaN	18	NaN	NaN	NaN	NaN	16	16/13	16	16/18	16/18	NaN	16/18	16	NaN	NaN	16	18	NaN	16	NaN	16/13	NaN	16	16/15	NaN	NaN	16	16	NaN	16	16
LOC_104	18/19	NaN	17/18	19	18/19	18	18/19	18/19	18/19	18/19	18/19	NaN	18/19	18	18	NaN	17	19	NaN	18/19	NaN	18/19	18	19	18	18	19	19	NaN	18	18	19	18/19	18	17/18	17/18	18	18/19	18	17/18	17/18	18	19	18	19	18	19	18	18/19	18/19	18/19	19	19	17	17/18	18/19	18/19	19	19	NaN	20	NaN	19	NaN	19	18	19	18/20	20	18	18/19	18	18/19	19	19	18	19	18	18/19	18/19	20/21	21	17/19	18	18/19	18	18	18	18	18	18/19	18/19	18	18/19	18/19	NaN	NaN	18/19	19	17/19	18/19
LOC_105	17	17	17	17	17	17	17	NaN	17	NaN	17	17	17	17	17	NaN	18	17	17	17	17	17	17	17	17/19	17	17	17	17	17	17	17	17	17	17	17	17	17	17	15	17	17	17	17	17	17	17	NaN	17	17	17	17	17	17	17/18	17	17/21	17	17	NaN	17	17	17	17	17	17	17	15	17	17	17	17	17	17	17	17	17	17	17	17	17	17	17	NaN	17	17	15	17	17	17	17	17	17	17	17	NaN	17	NaN	NaN	17	17
LOC_106	24/23	NaN	24	24/22	24	24/23	24/23	24/22	24/23	24/25	24/23	24	24	24/23	23	24/23	24	23	24	24	24/23	26	24/23	24/23	24	24	23	24	24/23	23	24	24/23	23	24	24/23	24	24/25	NaN	NaN	24	24/25	NaN	23	NaN	21	24/22	21	24	24	24	NaN	23	23	24	24/23	24	23	25	24	24/23	24	23	24	NaN	24/23	24	23	24/23	23	25/23	23	NaN	24	24/25	23	NaN	23	23	24/23	NaN	24/23	24/25	24	24/22	24/23	24/23	23	23	24	24/22	24	24	24	24	24	24/23	NaN	NaN	24	24/23	24
LOC_107	16	NaN	16	16	16	16	16	16	16	NaN	16	16	16	16	16	NaN	16	16	16	16	NaN	17	16	16	16	16	16	16	16	16	16	17	16	16	16	16	16	16	16/19	16	16	16	16	16	16	16	16	16	16	16	16	16	16	16	NaN	16	17	17	16	16	16	16	16	16	16	16/19	16	16	16	16	16/17	16	16	16	16	NaN	16	16	16	16	16	16	16	16	16	16	16	16	16	16	16	16	16	16	16	16	16	16	NaN	16	16
LOC_108	NaN	13/15	15	NaN	13	13/15	15	NaN	13/15	13/15	13/14	NaN	15	NaN	NaN	NaN	NaN	15	15	13	NaN	13	13	15	15	NaN	13	NaN	15	NaN	16/13	13/15	NaN	13/15	NaN	13/15	13	15	17	13	13/15	13/15	13	NaN	NaN	NaN	13/15	NaN	13	13	NaN	NaN	13	13	NaN	14	13/15	15	NaN	13/15	NaN	NaN	13	15	NaN	NaN	NaN	13/15	13	13/15	NaN	NaN	NaN	13/15	NaN	NaN	13	13/15	15	NaN	NaN	NaN	NaN	NaN	13/15	NaN	15	13	15	13	15	NaN	13/15	13	15	NaN	13/15	NaN	NaN	NaN	13
LOC_109	19/15	NaN	19	NaN	20	15	18/19	19	19/15	15	15	NaN	15	15	15	18/19	15	19/15	NaN	19	19/15	19/15	20/15	20	19	19/15	20/15	20/15	19/15	19/15	20	15	15	19	19/15	19	19	19/15	19/15	19/12	19	NaN	19/15	NaN	19/15	15	19/15	19/15	19/15	15	19	19	19/15	19/15	NaN	19	19/15	19	15	19/15	20/15	NaN	15	15	19/15	19/15	19/15	20/15	20/15	NaN	20	20/15	19/15	19	19/15	19	19/15	19/15	19/15	19/15	15	19	20/15	15	19/13	19/15	20/15	NaN	15	NaN	19	19/15	15	19/15	20/14	19/20	19/15	19	19/15	15	19
LOC_110	16	NaN	16/12	NaN	16/12	16/12	16/12	16/12	16/12	NaN	16/12	12	16/12	16/12	16/12	16/12	16/12	16/12	16/12	12	12	16/12	16	16/12	16	16/12	16/12	16/12	NaN	16/12	16	16/12	16/12	16/12	16/12	16/12	16/12	16/12	16/12	12	16/12	16/12	16	12	16/12	NaN	16/12	NaN	17/12	16/12	NaN	12	16/12	16/12	NaN	16/12	16/12	16/12	12	16/12	16/12	16/12	16/12	12	16/12	18	18/12	16	16/12	16/12	17/12	16/12	12	16	16/12	16	16/12	16/12	16/12	12	16/12	16/12	16/12	16	NaN	16/12	16/12	16/12	16/12	16/12	16/12	16/12	16/12	16	12	16	17/12	16	16/12	16/12	16/12
LOC_111	26/27	NaN	23	27	27	26	27	27	25	NaN	27/28	NaN	26	26	25/27	27	27	27	NaN	NaN	26/27	26	26/27	26/27	27	25/27	27	26/27	26/27	27	NaN	27	27	25/27	NaN	27/28	26/27	25/27	26/27	24/26	27	27	26/27	26/28	27	NaN	NaN	NaN	26/27	27	26/27	25/26	27	25/26	NaN	27	27	25/26	27	NaN	26/27	25/26	26	28	28	27	27	27	27	26/27	26/27	26/27	NaN	27	27	26/27	26/29	27	NaN	26	27	26	27	NaN	26/27	26/27	27	27	26/27	27	29	26/29	26/27	26/27	27	NaN	NaN	26	26	26/27	26
LOC_112	7	7	7	NaN	7	7	7	NaN	7	NaN	NaN	NaN	7	7	7	NaN	NaN	NaN	7	7	7	7	7	7	7	7	NaN	7	7	7	7	NaN	7	7	NaN	7	7	7	7	7	7	7	7	7	7	7	7	NaN	7	7	NaN	NaN	7	7	7	7	7	NaN	7	7	7	NaN	7	7	7	7	NaN	7	7	7	10/7	NaN	NaN	7	NaN	NaN	7	7	7	NaN	7	7	7	7	NaN	NaN	7	7	NaN	NaN	7	NaN	7	7	7	NaN	NaN	NaN	NaN	7	7
LOC_113	22	22	22	NaN	22	22	22	21/22	22	22	22	22	22	22/23	22	22	22	22	22	NaN	22	22	23	23	21/22	22	22	22	22	22	22/23	22/23	21	21/22	22	22	22/23	22	22	21/22	22	22	21/22	22/23	22	NaN	22	22	22/23	21/22	21/22	22	21/22	22	22	22	22	22	21/22	NaN	21/22	22	23	22	22	22	21/22	21/22	21/22	22	22/23	NaN	22	NaN	NaN	22/23	22	21/22	22	22/23	NaN	22	22	22	22	22	21/22	21/22	NaN	22	22	22	NaN	21/22	22/23	22/23	NaN	NaN	22	22	22
LOC_114	15	NaN	15	NaN	22/15	15	NaN	22/15	15	24/15	20/15	22/15	21/15	22	20/13	22/15	21/15	15	NaN	20/15	19/15	19/15	22/14	22/15	21/14	20/14	NaN	20/15	20/15	21/15	15	21/22	22/15	NaN	22	22	20/15	19/15	19	22/15	22/15	22/15	22/15	23/15	22/15	20/15	20	22	22/15	23/15	NaN	15	NaN	20/21	NaN	15	15	NaN	22/15	22	15/23	15	22/15	22/15	22/15	15	19	23/15	23/15	NaN	15	22	20	15	NaN	20/15	15	20	22/15	22	21/15	22/14	23/15	23/15	18/19	19/15	15	15	20	20/15	21/15	21/15	15	19/15	22/15	22/15	NaN	20	15	19/20	19/15
LOC_115	19/22	NaN	19	19/22	NaN	24/19	NaN	22	19	19/22	NaN	NaN	NaN	19	NaN	NaN	19	NaN	19/22	NaN	20	20	NaN	NaN	NaN	19/22	22	NaN	NaN	NaN	NaN	NaN	NaN	NaN	NaN	NaN	19	NaN	19/21	NaN	NaN	22	18/19	NaN	19	19/23	22/23	19/22	NaN	NaN	NaN	19	18/19	20/22	22	NaN	19/20	NaN	19/22	NaN	NaN	NaN	19	NaN	NaN	19/21	21	NaN	NaN	NaN	NaN	19	20/22	19	19/21	19/22	NaN	22	NaN	NaN	19/22	NaN	19/22	19/22	19/20	20	18/19	NaN	22	NaN	NaN	NaN	20	NaN	19/21	19	NaN	24/23	NaN	20/21	NaN
LOC_116	15	NaN	NaN	14	14/15	14/15	14	15	14	NaN	15	NaN	NaN	NaN	14	14/15	NaN	NaN	14/15	NaN	13	13/15	NaN	NaN	14/15	14	NaN	NaN	15	14/15	15	NaN	14	NaN	NaN	14/15	14	13/15	15	14	14/15	14	14	NaN	14	14/15	NaN	14	NaN	NaN	NaN	14	14	14	14	14	15	NaN	14	NaN	15	14/15	14/15	14	NaN	16/13	NaN	15	15	NaN	NaN	NaN	14/15	14	14/15	14	14	NaN	NaN	NaN	NaN	NaN	14/15	14/15	NaN	15	15	NaN	NaN	NaN	15	15	15	NaN	14/15	NaN	NaN	14/15	15	15	NaN
LOC_117	17	NaN	17	17	17	17	NaN	17	17	17	14	NaN	17	17	17	17	17	NaN	17	17/14	17	17	17	17	17	17	17/14	19/14	17	17	17	17	NaN	16	17	17	17	17	17	17	17	NaN	17	17	17	NaN	NaN	17	17	17	17	17	17	17	17	17	17	17	17	17	17	17	17	NaN	17	17	17	17	17	17	17	17	17	17	17	17	17	17	17	17	17	17	17	17	NaN	16/17	17	17	17	NaN	17	17	NaN	17	17	17	17	17	17	17	17
LOC_118	7	NaN	NaN	8	NaN	8/7	NaN	NaN	NaN	NaN	9/7	NaN	NaN	8/7	8/7	8/7	8/7	8/7	8/7	NaN	8/7	8/7	NaN	NaN	7	8/7	NaN	8	NaN	NaN	7	NaN	8/7	8/7	NaN	8/7	NaN	NaN	NaN	7	7	8/7	NaN	7	8/7	NaN	7	NaN	NaN	8/6	8/6	7	8/7	7	8/7	8/7	NaN	NaN	8/7	NaN	8/7	NaN	8/7	NaN	NaN	7	NaN	NaN	NaN	7	NaN	8/7	8/7	8/7	NaN	8/7	8/7	NaN	NaN	NaN	7	NaN	8/7	8/7	NaN	8	NaN	7	NaN	NaN	8/7	NaN	NaN	NaN	7	NaN	NaN	NaN	NaN	8	NaN
LOC_119	13	13/14	NaN	13	13	13	13	NaN	13	NaN	13	NaN	13	13	13	13	14	13	13	13	13	13	13	13	13	13	13	13	NaN	13	13	13	13	13	13	13	13	13	13	13	13	13	13	13	13	13	13	NaN	13	13	NaN	13	13	14	NaN	13	13	13	12	12/13	13	13	13	13	13	13	13	13	13	12	13	13	13	13	NaN	NaN	13	13	13	13	12/13	12/13	13	13	13	13	13	13	13	13	13	13	13	13	13	13	NaN	13	13	13	13
LOC_120	17	NaN	19	17	17	18	17/18	NaN	18	18	18	18	17/18	18/19	18	17	18	18	17	18	18	18	18	18	18	18	18	18	18	18	18/19	18/19	18	17/18	17/18	17	17/18	18	18	17	17/18	NaN	17	NaN	18/19	18	18	NaN	17/18	18	NaN	17	17	17	18	17	17	17/18	18	17/18	18	17/19	17	NaN	17/18	17	17	18	17	17	19	NaN	17/18	17	18	17/18	17/18	18	17	17/18	17	18	17	18	17/18	17/18	17/18	18	18	18	17/18	18	18	18	18	17	18	18	17	17/20	17/18
LOC_121	19	NaN	19	20	19	NaN	19	19/20	19	19	19	NaN	NaN	19	19	19	19	19	19	19	19	19	19	19	19	19	19	19	18	18	19	19	19	18	19	19	19	19	19	19	19	19	19	19	19	19	19	NaN	19	19	19	19	19	19	NaN	19	19	19	19	19	20	19	19	20	20	19	19	20	19	19	18	18	19	19	19	19/20	19	19	19	19	19	19	19/20	20	19/20	19	20	20	19	19	19	19	19	19	19	19	17/19	NaN	19	19	19
LOC_122	21	NaN	NaN	21/22	NaN	20	21	19/20	20/21	NaN	20/21	NaN	NaN	NaN	21	21	20/21	NaN	NaN	NaN	NaN	21	21	21	21	NaN	NaN	22	NaN	21	NaN	21	NaN	21	NaN	NaN	NaN	20	20/21	NaN	21	21	NaN	NaN	21	21	NaN	21	21	20/22	NaN	21	21	NaN	21	NaN	NaN	NaN	21	NaN	21	NaN	21	NaN	22	NaN	NaN	22	22	20/21	21	21	20/21	NaN	21	21	NaN	NaN	NaN	NaN	NaN	20	22	22	NaN	NaN	22	NaN	21/22	NaN	22/23	23	21	21	NaN	NaN	NaN	NaN	21	21	21
LOC_123	23	NaN	22/23	22	23	23	23	25	23	23	23	NaN	23	23	22/23	23	23	23	23	22	23	23	23	24/23	23	22/23	23	23	23	23	NaN	22/23	22	22/23	24	24/22	23	23	NaN	22	23	NaN	23	23	23	23	23	23	23	23	NaN	23	23	23	NaN	23	23	23	23	22/23	21/23	23	23	22/23	23	23	23	23	21	23	22/23	21	22/23	23	22/23	22/23	22/23	23	23	23	NaN	22/23	21	23	23	23	21	23	22/23	NaN	23	22/23	23	23	23	NaN	22/23	22/23	23	23	23
LOC_124	18/19	NaN	19	19	18/19	18	18	18/19	18	19	19	NaN	19	18/19	18	19	18/19	19	NaN	19	18	18	20	21	18/19	18	20	19/20	18/19	18/19	18	19	19	18	18/19	18	19	18	18	18	19	19	19	18/19	18/19	19	18/19	16	16/19	19	19	16/19	16	17/19	19	18	18	18	18	17/19	18	20	19	19	18/19	18	18	18/19	18/19	19	18	18/19	18/19	18/19	18/19	18/19	19	18	16	19	21	19/21	19	18/19	18	18	18/19	18/19	19	19	16/19	18/19	18	17	20	18	18/19	NaN	18/19	19	18
LOC_125	21	21	20/21	21	20/21	20/21	21	21	20/21	21	21/23	NaN	21	21	NaN	20/21	NaN	21	21	NaN	21	21	20/21	NaN	NaN	20/21	21	21	NaN	NaN	NaN	21	21	20/21	NaN	21	21	21	NaN	NaN	NaN	21	20/21	NaN	NaN	NaN	21	21	NaN	NaN	21	21	NaN	22	21/22	21	20/21	20/21	21	NaN	21	20/22	21	21	NaN	20/21	20/21	21	21	21	NaN	21	NaN	21	21	21	21	21	21	21	21	NaN	21	21	20/21	NaN	NaN	NaN	NaN	21	21	21	20/21	21	21	NaN	20/21	NaN	NaN	20/21	21
LOC_126	23	NaN	24/23	NaN	24	23	NaN	25/23	23	23	NaN	NaN	NaN	24/23	23	24/23	24	25/23	24/23	21/22	NaN	24	NaN	24/25	NaN	NaN	21	21	24/23	NaN	24	NaN	24	NaN	NaN	NaN	NaN	24/22	NaN	23	23	NaN	NaN	NaN	NaN	24	23	24/23	24/23	24	21/22	24	24/23	24/23	NaN	23	NaN	24	23	23	NaN	24	24	24/23	24	NaN	NaN	24/23	24	NaN	24	24/25	24	24/23	24/18	NaN	NaN	NaN	23	24	24	23	23	24/23	NaN	24	23	24	23	NaN	24	24	24/22	23	NaN	24/23	23	23	24	NaN	23
LOC_127	23	NaN	23	22	22/23	23	23	23	22/23	22	23	22	21/22	22	22/23	22/23	22/23	22/23	23	23	24	24/22	22	23	23	22/23	23	22/23	22	22	22	22	22/23	22	22	22	22/23	24/22	24/22	22	22/23	23	24/23	23	22	23	22/23	NaN	23	24	24/23	24	24/23	21/23	NaN	22/23	24	NaN	21	21/22	22/23	22/23	23	21/22	22/23	22/23	24/22	22/23	22/23	21	22/23	22	22/23	23	22	22	22/23	22	24	23	22	22	22/23	NaN	23	22/23	22	22	NaN	23	22	22/23	22	22	22/23	22/23	23	22/23	24/23	22	22/23
LOC_128	21/14	20/21	21	NaN	21/15	NaN	NaN	21/15	21/15	NaN	NaN	NaN	NaN	23/15	NaN	NaN	21/15	15	15	NaN	21/15	15	21/15	NaN	21/15	21/15	15	21/15	NaN	NaN	21/15	NaN	15	17/15	NaN	21/15	NaN	20/21	15	21/15	21/15	21/15	21/15	NaN	15	NaN	21/15	20/15	NaN	NaN	NaN	21/15	22/15	21/15	21	21	21/15	21/14	21/15	NaN	21	21/15	22/15	15	21	21/15	NaN	21/15	NaN	15	21/15	21/15	NaN	20/21	NaN	21/15	21	21/15	20/15	20/15	15	15	21/15	15	21/15	20/21	15	21/15	21/15	NaN	21/15	21	21/15	20/21	21/15	NaN	21/15	NaN	NaN	21/15	NaN
