names	Run1_C_2	Run1_C_4	Run1_C_6	Run1_C_7	root
LOC_1	19	18	18	19	19
LOC_2	20	20	20	19	20
LOC_3	7	7	7	7	7
LOC_4	7	7	7	7	7
LOC_5	7	7	7	7	7
LOC_6	16	16	16	16	16
LOC_7	13	14	13	14	13
LOC_8	22	19	26	25	22
LOC_9	15	16	16	16	15
LOC_10	17	17	17	17	17
LOC_11	21	23	24	23	23
LOC_12	20	19	20	18	17
LOC_13	17	17	18	18	17
LOC_14	18	18	18	18	18
LOC_15	27	26	27	27	27
LOC_16	14	14	14	14	14
LOC_17	15	15	14	15	15
LOC_18	23	20	22	22	23
LOC_19	24	20	20	21	22
LOC_20	15	13	15	15	15
LOC_21	13	13	13	13	13
LOC_22	22	21	21	21	21
LOC_23	16	15	14	14	16
LOC_24	23	23	20	24	23
LOC_25	22	20	21	20	22
LOC_26	16	15	15	15	15
LOC_27	16	17	17	17	17
LOC_28	21	21	23	22	21
LOC_29	25	23	24	24	25
LOC_30	19	19	21	19	19
LOC_31	26	25	25	26	26
LOC_32	20	20	19	20	20
LOC_33	15	15	16	15	15
LOC_34	14	14	14	14	14
LOC_35	19	19	20	20	19
LOC_36	20	20	21	20	20
LOC_37	22	22	24	20	21
LOC_38	16	16	16	16	16
LOC_39	20	19	19	19	20
LOC_40	14	14	14	16	14
LOC_41	21	21	21	21	21
LOC_42	20	22	21	23	21
LOC_43	18	18	18	18	18
LOC_44	18	18	18	18	18
LOC_45	18	17	18	18	18
LOC_46	20	22	21	21	20
LOC_47	15	15	15	15	15
LOC_48	19	17	15	17	17
LOC_49	15	15	15	15	15
LOC_50	16	16	16	16	16
LOC_51	22	20	20	20	20
LOC_52	19	19	19	19	19
LOC_53	23	22	23	24	23
LOC_54	21	20	18	20	20
LOC_55	20	18	19	19	20
LOC_56	20	18	18	18	19
LOC_57	23	23	25	23	23
LOC_58	20	21	21	21	21
LOC_59	9	9	9	9	9
LOC_60	20	20	20	20	20
LOC_61	24	27	25	25	24
LOC_62	19	17	18	18	18
LOC_63	17	17	17	17	17
LOC_64	17	17	17	17	17
LOC_65	18	16	16	16	17
LOC_66	21	21	21	21	21
LOC_67	22	22	23	22	22
LOC_68	16	16	17	16	16
LOC_69	21	19	17	18	21
LOC_70	24	24	20	20	23
LOC_71	17	16	16	16	16
LOC_72	20	21	22	21	20
LOC_73	19	21	19	19	19
LOC_74	21	22	21	22	22
LOC_75	23	23	24	24	23
LOC_76	21	20	18	15	21
LOC_77	14	14	14	14	14
LOC_78	23	22	24	24	22
LOC_79	15	15	16	15	15
LOC_80	24	23	25	24	24
LOC_81	16	16	16	16	16
LOC_82	20	17	21	21	20
LOC_83	18	18	18	20	18
LOC_84	17	17	13	13	16
LOC_85	21	21	20	22	21
LOC_86	16	15	16	15	16
LOC_87	21	24	20	19	20
LOC_88	21	23	22	23	22
LOC_89	26	27	25	26	26
LOC_90	20	21	20	18	20
LOC_91	16	16	16	16	17
LOC_92	20	18	18	18	19
LOC_93	11	12	12	12	12
LOC_94	15	15	16	16	15
LOC_95	13	13	13	13	13
LOC_96	20	20	21	20	20
LOC_97	21	20	20	20	20
LOC_98	16	15	18	16	15
LOC_99	16	16	17	16	16
LOC_100	14	14	14	14	14
LOC_101	22	21	22	22	21
LOC_102	19	20	20	21	19
LOC_103	16	14	14	14	14
LOC_104	21	20	21	21	21
LOC_105	17	16	15	16	16
LOC_106	28	29	25	25	28
LOC_107	15	16	15	16	15
LOC_108	22	24	24	23	23
LOC_109	14	14	14	14	14
LOC_110	16	16	16	16	16
LOC_111	14	15	15	15	15
LOC_112	21	24	22	22	21
LOC_113	14	14	14	14	14
LOC_114	17	17	17	17	17
LOC_115	14	14	14	14	14
LOC_116	14	14	14	14	14
LOC_117	19	19	19	19	19
LOC_118	16	16	16	16	16
LOC_119	23	24	24	27	23
LOC_120	18	18	18	18	18
LOC_121	18	19	18	18	18
LOC_122	21	20	20	19	19
LOC_123	24	24	25	24	24
LOC_124	22	22	22	25	22
LOC_125	25	27	28	26	27
LOC_126	13	14	18	14	14
LOC_127	24	22	23	23	22
LOC_128	22	19	20	21	20
LOC_129	19	20	20	20	19
LOC_130	24	22	22	23	24
LOC_131	15	15	15	16	15
LOC_132	21	21	22	21	21
LOC_133	23	24	22	22	22
LOC_134	25	24	23	25	23
LOC_135	14	14	14	15	14
LOC_136	15	15	15	15	15
LOC_137	24	24	23	24	24
LOC_138	20	21	20	20	21
LOC_139	17	17	16	17	17
LOC_140	17	17	17	15	17
LOC_141	15	19	17	17	15
LOC_142	27	31	30	29	27
LOC_143	21	20	21	21	21
LOC_144	16	16	17	17	16
LOC_145	21	20	20	20	20
LOC_146	21	21	19	19	20
LOC_147	21	21	21	19	21
LOC_148	17	14	14	14	14
LOC_149	18	19	18	18	18
LOC_150	15	15	15	15	15
LOC_151	16	12	12	12	16
LOC_152	20	20	22	21	20
LOC_153	20	19	20	20	20
LOC_154	18	18	18	18	18
LOC_155	21	24	22	22	21
LOC_156	17	17	16	16	17
LOC_157	17	19	17	17	17
LOC_158	22	24	23	24	22
LOC_159	17	15	15	16	15
LOC_160	19	19	18	18	19
LOC_161	21	21	18	18	21
LOC_162	20	19	22	19	20
LOC_163	18	18	20	18	18
LOC_164	22	22	21	21	20
LOC_165	15	15	15	15	15
LOC_166	17	17	19	19	17
LOC_167	15	16	17	18	16
LOC_168	29	30	28	29	28
LOC_169	23	23	23	23	23
LOC_170	19	19	20	20	19
LOC_171	23	21	22	21	23
LOC_172	22	22	24	26	22
LOC_173	16	18	17	17	16
LOC_174	22	23	25	25	22
LOC_175	28	26	24	23	27
LOC_176	14	14	14	14	14
LOC_177	26	24	25	25	24
LOC_178	23	21	20	20	23
LOC_179	23	23	23	23	23
LOC_180	22	23	21	22	22
LOC_181	19	17	16	18	18
LOC_182	23	23	24	24	23
LOC_183	25	26	25	23	25
LOC_184	16	16	14	16	16
LOC_185	20	19	19	20	20
LOC_186	16	16	16	16	16
LOC_187	20	20	19	22	21
LOC_188	26	24	22	24	25
LOC_189	15	14	14	14	14
LOC_190	22	23	23	22	22
LOC_191	17	17	17	17	17
LOC_192	21	20	22	20	21
LOC_193	15	15	16	16	15
LOC_194	18	18	18	15	18
LOC_195	18	18	18	18	18
LOC_196	23	21	23	25	22
LOC_197	21	21	21	22	21
LOC_198	28	27	24	25	27
LOC_199	14	17	14	14	14
LOC_200	23	23	22	22	23
LOC_201	24	24	24	24	24
LOC_202	17	17	17	17	17
LOC_203	18	18	19	22	18
LOC_204	18	19	18	18	18
LOC_205	15	14	15	14	14
LOC_206	22	19	20	20	20
LOC_207	14	14	14	14	14
LOC_208	14	14	14	14	14
LOC_209	17	18	18	18	17
LOC_210	22	23	21	22	22
LOC_211	23	24	23	23	24
LOC_212	25	25	26	25	24
LOC_213	19	19	16	17	19
LOC_214	17	17	17	17	17
LOC_215	19	16	17	16	16
LOC_216	20	21	21	22	20
LOC_217	26	25	25	25	25
LOC_218	17	18	19	18	17
LOC_219	15	15	15	15	15
LOC_220	18	19	20	19	18
LOC_221	24	27	25	25	24
LOC_222	26	30	30	28	28
LOC_223	14	15	14	14	14
LOC_224	17	16	16	15	16
LOC_225	24	22	20	19	21
LOC_226	16	16	15	16	16
LOC_227	7	7	7	7	7
LOC_228	16	16	15	17	16
LOC_229	17	17	17	16	17
LOC_230	19	19	17	17	19
LOC_231	19	19	19	19	19
LOC_232	18	17	18	18	18
LOC_233	17	15	16	16	15
LOC_234	15	15	15	15	15
LOC_235	22	22	22	22	22
LOC_236	17	17	16	16	17
LOC_237	20	21	22	21	20
LOC_238	21	21	20	21	21
LOC_239	22	24	22	23	22
LOC_240	17	14	14	14	14
LOC_241	18	18	19	22	18
LOC_242	17	17	18	17	17
LOC_243	19	23	18	19	19
LOC_244	14	14	14	14	14
LOC_245	24	23	23	23	24
LOC_246	24	26	26	25	24
LOC_247	16	15	15	15	16
LOC_248	18	18	17	18	18
LOC_249	24	23	25	23	24
LOC_250	28	27	26	25	27
LOC_251	17	12	12	12	17
LOC_252	23	22	22	22	22
LOC_253	14	14	16	15	14
LOC_254	16	16	15	16	16
LOC_255	23	24	22	23	23
LOC_256	19	20	18	19	19
LOC_257	20	20	20	20	20
LOC_258	13	13	13	13	13
LOC_259	20	20	20	20	20
LOC_260	22	22	22	22	22
LOC_261	15	13	14	14	15
LOC_262	13	14	14	15	13
LOC_263	16	15	15	15	16
LOC_264	23	21	21	21	22
LOC_265	25	24	24	23	24
LOC_266	19	19	19	19	19
LOC_267	18	18	18	18	18
LOC_268	17	18	17	17	17
LOC_269	16	16	16	16	16
LOC_270	19	19	19	19	19
LOC_271	27	24	23	23	24
LOC_272	24	23	23	24	23
LOC_273	23	25	25	26	24
LOC_274	22	21	20	19	22
LOC_275	13	14	15	15	15
LOC_276	20	20	19	19	20
LOC_277	14	14	15	14	14
LOC_278	14	14	15	15	14
LOC_279	14	15	15	15	15
LOC_280	20	18	18	18	20
LOC_281	19	16	19	19	20
LOC_282	15	15	15	15	15
LOC_283	14	14	14	14	14
LOC_284	14	14	14	14	14
LOC_285	28	26	28	28	29
LOC_286	20	19	18	18	18
LOC_287	28	29	29	29	28
LOC_288	17	17	15	17	17
LOC_289	15	15	15	15	15
LOC_290	19	20	20	19	19
LOC_291	18	18	18	18	18
LOC_292	20	19	20	20	19
LOC_293	15	15	15	15	15
LOC_294	23	25	25	26	25
LOC_295	18	18	21	20	18
LOC_296	14	14	14	14	14
LOC_297	15	15	15	15	15
LOC_298	17	16	15	16	17
LOC_299	16	16	17	17	16
LOC_300	18	16	16	17	17
LOC_301	20	21	21	21	20
LOC_302	24	24	24	26	24
LOC_303	19	18	18	18	18
LOC_304	14	14	14	15	14
LOC_305	18	17	18	17	17
LOC_306	25	25	27	27	26
LOC_307	21	24	22	22	22
LOC_308	21	22	24	23	22
LOC_309	21	20	21	20	22
LOC_310	15	15	15	15	15
LOC_311	18	19	19	17	18
LOC_312	18	18	16	17	18
LOC_313	16	16	16	16	16
LOC_314	15	15	15	16	15
LOC_315	15	16	15	15	15
LOC_316	24	26	26	25	26
LOC_317	21	21	21	21	21
LOC_318	22	22	22	22	22
LOC_319	22	21	21	21	22
LOC_320	21	21	21	21	21
LOC_321	16	16	17	17	16
LOC_322	12	12	11	11	12
LOC_323	14	14	14	14	14
LOC_324	21	21	20	20	21
LOC_325	16	16	16	16	16
LOC_326	15	16	16	16	16
LOC_327	15	15	15	15	15
LOC_328	22	19	19	19	20
LOC_329	21	23	23	22	23
LOC_330	22	23	22	22	22
LOC_331	23	23	23	23	23
LOC_332	15	16	15	17	15
LOC_333	14	14	14	13	14
LOC_334	18	19	19	19	19
LOC_335	24	24	24	25	23
LOC_336	24	24	23	24	24
LOC_337	18	19	17	17	20
LOC_338	19	20	20	19	19
LOC_339	17	17	17	16	17
LOC_340	13	15	15	15	13
LOC_341	20	21	20	20	20
LOC_342	14	13	14	14	14
LOC_343	20	18	18	18	20
LOC_344	17	17	17	17	17
LOC_345	15	15	15	15	15
LOC_346	23	24	23	23	23
LOC_347	17	20	20	20	20
LOC_348	20	20	20	23	20
LOC_349	15	15	16	15	15
LOC_350	17	17	16	15	17
LOC_351	25	27	27	28	26
LOC_352	20	20	21	20	20
LOC_353	18	18	18	18	18
LOC_354	15	16	15	15	15
LOC_355	14	14	15	15	14
LOC_356	18	17	18	18	17
LOC_357	15	16	16	16	16
LOC_358	7	7	7	7	7
LOC_359	18	19	19	19	19
LOC_360	24	23	24	24	24
LOC_361	25	22	22	22	21
LOC_362	22	25	27	24	22
LOC_363	8	8	8	8	8
LOC_364	14	16	17	16	14
LOC_365	25	24	23	23	25
LOC_366	17	16	19	17	17
LOC_367	16	16	16	16	16
LOC_368	24	24	24	24	24
LOC_369	28	28	29	27	28
LOC_370	18	18	19	18	18
LOC_371	23	22	25	25	23
LOC_372	21	22	20	20	21
LOC_373	14	15	14	14	14
LOC_374	15	14	15	15	15
LOC_375	18	18	18	18	18
LOC_376	20	20	18	19	20
LOC_377	23	24	25	23	23
LOC_378	23	23	24	23	23
LOC_379	18	18	18	18	18
LOC_380	18	18	18	18	18
LOC_381	14	15	14	14	14
LOC_382	18	17	17	17	18
LOC_383	17	17	17	18	17
LOC_384	14	14	14	14	14
LOC_385	18	17	18	18	18
LOC_386	19	19	19	20	19
LOC_387	17	17	17	17	17
LOC_388	28	27	28	29	28
LOC_389	18	18	18	17	18
LOC_390	7	7	7	7	7
LOC_391	22	20	22	23	22
LOC_392	23	22	22	22	22
LOC_393	15	15	17	15	15
LOC_394	16	17	16	16	16
LOC_395	20	20	21	22	20
LOC_396	17	18	18	18	17
LOC_397	19	19	19	19	19
LOC_398	17	18	18	18	17
LOC_399	29	29	31	31	29
LOC_400	15	15	15	15	15
LOC_401	13	14	14	14	13
LOC_402	14	14	13	15	14
LOC_403	14	14	14	14	14
LOC_404	10	10	10	11	10
LOC_405	16	16	16	16	16
LOC_406	19	19	20	20	19
LOC_407	17	17	17	17	17
LOC_408	14	14	14	14	14
LOC_409	15	14	14	14	15
LOC_410	16	16	16	16	16
LOC_411	14	14	14	14	14
LOC_412	19	18	17	19	19
LOC_413	20	21	23	22	20
LOC_414	15	15	16	16	15
LOC_415	14	14	14	14	14
LOC_416	17	17	17	17	17
LOC_417	14	13	13	13	14
LOC_418	13	15	15	15	14
LOC_419	15	14	15	14	15
LOC_420	13	13	13	13	13
LOC_421	17	17	17	17	17
LOC_422	23	23	23	23	23
LOC_423	9	9	8	9	9
LOC_424	20	20	20	19	20
LOC_425	16	16	16	17	16
LOC_426	17	18	16	17	17
LOC_427	20	20	20	20	20
LOC_428	16	17	17	17	16
LOC_429	19	20	19	19	19
LOC_430	19	19	19	19	19
LOC_431	18	19	17	19	19
LOC_432	14	15	15	15	14
LOC_433	23	22	23	22	23
LOC_434	19	19	19	19	19
LOC_435	26	25	27	25	25
LOC_436	24	23	22	23	24
LOC_437	22	22	21	21	22
LOC_438	23	24	23	23	23
LOC_439	16	16	16	16	16
LOC_440	21	20	20	19	20
LOC_441	16	14	15	15	16
LOC_442	22	20	20	20	22
LOC_443	18	18	18	18	18
LOC_444	20	19	19	19	20
LOC_445	22	22	20	21	22
LOC_446	18	18	18	18	18
LOC_447	17	21	24	20	18
LOC_448	28	31	26	24	28
LOC_449	17	16	16	16	17
LOC_450	20	20	20	20	20
LOC_451	14	14	15	15	14
LOC_452	19	19	21	19	19
LOC_453	18	18	20	19	18
LOC_454	21	21	19	20	21
LOC_455	16	16	16	16	16
LOC_456	15	15	16	15	15
LOC_457	22	24	25	23	22
LOC_458	16	16	16	17	16
LOC_459	7	5	7	7	7
LOC_460	17	18	18	18	18
LOC_461	14	14	14	14	14
LOC_462	21	21	19	21	21
LOC_463	24	24	25	25	25
LOC_464	19	19	19	21	18
LOC_465	25	24	23	22	25
LOC_466	25	24	22	24	24
LOC_467	20	19	19	19	19
LOC_468	14	14	14	14	14
LOC_469	24	23	23	23	23
LOC_470	24	23	23	22	23
LOC_471	19	17	17	17	19
LOC_472	16	16	16	17	16
LOC_473	21	21	22	22	21
LOC_474	15	17	15	15	15
LOC_475	16	15	16	16	16
LOC_476	16	16	16	15	16
LOC_477	19	19	18	18	19
LOC_478	15	16	16	16	16
LOC_479	17	19	17	18	17
LOC_480	17	17	17	18	17
LOC_481	16	17	17	17	16
LOC_482	17	17	17	17	17
LOC_483	22	23	23	22	24
LOC_484	24	26	24	24	25
LOC_485	17	17	17	17	17
LOC_486	23	26	24	24	23
LOC_487	17	17	17	17	17
LOC_488	23	21	22	22	23
LOC_489	18	18	18	18	18
LOC_490	14	14	15	14	14
LOC_491	21	21	22	24	21
LOC_492	20	19	20	20	20
LOC_493	26	28	27	27	27
LOC_494	17	17	17	17	17
LOC_495	24	23	27	26	23
LOC_496	22	22	22	22	22
LOC_497	20	19	23	22	20
LOC_498	8	8	8	8	8
LOC_499	21	21	21	22	21
LOC_500	19	19	19	19	19
LOC_501	17	17	17	17	17
LOC_502	28	24	25	26	27
LOC_503	7	7	7	7	7
LOC_504	15	18	15	15	15
LOC_505	21	22	20	20	21
LOC_506	14	14	14	17	14
LOC_507	14	14	13	12	14
LOC_508	18	18	18	18	18
LOC_509	19	20	20	20	19
LOC_510	19	20	21	21	20
LOC_511	20	20	22	20	20
LOC_512	20	22	24	28	23
LOC_513	16	16	16	16	16
LOC_514	14	14	14	14	14
LOC_515	18	17	17	17	18
LOC_516	18	18	18	18	18
LOC_517	19	20	20	19	19
LOC_518	22	21	20	24	21
LOC_519	17	17	17	17	17
LOC_520	21	21	20	20	20
LOC_521	16	16	16	16	16
LOC_522	19	20	20	19	19
LOC_523	18	18	22	22	18
LOC_524	22	21	20	20	22
LOC_525	18	17	17	17	18
LOC_526	14	14	15	15	14
LOC_527	18	18	18	18	18
LOC_528	18	17	17	17	18
LOC_529	16	16	16	16	16
LOC_530	14	14	14	13	14
LOC_531	25	22	22	23	22
LOC_532	16	16	14	16	16
LOC_533	21	19	19	19	19
LOC_534	18	17	16	18	18
LOC_535	20	20	20	18	20
LOC_536	16	16	16	16	16
LOC_537	21	24	21	21	21
LOC_538	21	22	21	19	21
LOC_539	29	29	29	31	30
LOC_540	27	29	27	28	27
LOC_541	14	14	12	12	14
LOC_542	17	17	17	17	17
LOC_543	20	20	20	19	20
LOC_544	12	12	12	12	12
LOC_545	17	17	17	18	17
LOC_546	18	19	17	18	18
LOC_547	22	20	22	22	22
LOC_548	28	28	26	27	28
LOC_549	16	17	17	17	16
LOC_550	25	25	27	27	24
LOC_551	15	15	15	15	15
LOC_552	16	16	16	16	16
LOC_553	18	18	18	17	18
LOC_554	14	14	14	14	14
LOC_555	22	22	23	21	22
LOC_556	19	17	19	18	17
LOC_557	21	21	21	21	21
LOC_558	16	18	18	18	18
LOC_559	16	16	16	16	16
LOC_560	20	21	21	21	21
LOC_561	23	23	27	26	24
LOC_562	21	19	20	20	22
LOC_563	26	28	26	26	27
LOC_564	18	19	20	18	18
LOC_565	19	20	19	19	19
LOC_566	15	15	15	15	15
LOC_567	23	23	22	23	23
LOC_568	19	18	18	18	18
LOC_569	17	18	18	18	17
LOC_570	19	19	18	18	19
LOC_571	17	16	17	17	17
LOC_572	17	17	16	16	17
LOC_573	19	19	19	17	19
LOC_574	21	22	21	21	21
LOC_575	17	17	17	17	17
LOC_576	18	19	19	20	18
LOC_577	12	12	12	12	12
LOC_578	13	14	14	14	14
LOC_579	19	22	21	21	20
LOC_580	14	14	14	14	14
LOC_581	18	18	18	19	18
LOC_582	18	18	18	17	18
LOC_583	14	14	11	14	14
LOC_584	18	20	18	18	20
LOC_585	15	14	12	12	14
LOC_586	20	20	20	20	20
LOC_587	12	12	13	12	12
LOC_588	28	29	27	27	28
LOC_589	8	8	8	9	8
LOC_590	14	14	14	14	14
LOC_591	17	17	17	17	17
LOC_592	11	11	11	11	11
LOC_593	14	13	14	14	14
LOC_594	27	25	25	27	26
LOC_595	18	18	18	17	18
LOC_596	26	25	25	26	26
LOC_597	20	20	20	20	20
LOC_598	21	22	21	23	21
LOC_599	28	27	26	28	29
LOC_600	24	23	24	26	26
LOC_601	14	13	14	14	14
LOC_602	14	15	15	15	14
LOC_603	17	17	16	16	17
LOC_604	26	26	28	26	26
LOC_605	22	24	21	23	23
LOC_606	14	16	14	14	14
LOC_607	19	19	19	19	19
LOC_608	24	24	24	24	24
LOC_609	30	28	28	28	30
LOC_610	16	16	16	16	16
LOC_611	22	19	20	21	22
LOC_612	15	15	16	15	15
LOC_613	27	27	26	29	27
LOC_614	29	30	26	26	29
LOC_615	18	19	19	19	18
LOC_616	24	22	24	23	22
LOC_617	28	29	32	30	29
LOC_618	19	19	19	19	19
LOC_619	21	21	23	21	21
LOC_620	23	22	22	22	24
LOC_621	25	26	27	28	25
LOC_622	22	23	22	23	23
LOC_623	23	22	24	23	23
LOC_624	21	20	20	20	20
LOC_625	14	14	14	14	14
LOC_626	16	16	16	16	16
LOC_627	14	14	14	14	14
LOC_628	17	17	22	22	17
LOC_629	20	22	21	21	20
LOC_630	17	16	16	15	16
LOC_631	19	19	19	19	19
LOC_632	16	16	16	16	16
LOC_633	20	19	20	20	20
LOC_634	21	22	20	24	22
LOC_635	18	18	19	18	18
LOC_636	17	17	18	19	17
LOC_637	15	15	15	15	15
LOC_638	18	18	22	18	18
LOC_639	25	24	24	24	24
LOC_640	20	20	20	21	20
LOC_641	22	20	19	20	20
LOC_642	28	28	26	25	28
LOC_643	22	23	22	22	22
LOC_644	22	22	19	22	22
LOC_645	19	18	19	18	18
LOC_646	16	18	17	17	16
LOC_647	14	14	14	14	14
LOC_648	16	14	14	14	15
LOC_649	17	17	17	17	17
LOC_650	24	24	26	26	24
LOC_651	15	15	15	15	15
LOC_652	16	16	16	16	16
LOC_653	24	28	26	26	24
LOC_654	21	21	22	22	21
LOC_655	24	23	23	22	24
LOC_656	16	15	15	15	15
LOC_657	16	16	16	16	16
LOC_658	25	25	23	22	25
LOC_659	18	18	19	17	18
LOC_660	16	16	16	16	16
LOC_661	9	9	10	9	9
LOC_662	16	16	16	16	16
LOC_663	18	18	18	18	18
LOC_664	26	28	26	25	26
LOC_665	12	12	12	12	12
LOC_666	23	23	22	24	23
LOC_667	17	17	18	18	17
LOC_668	18	20	20	21	20
LOC_669	23	23	23	24	23
LOC_670	12	14	14	14	14
LOC_671	17	16	16	16	16
LOC_672	21	21	21	21	21
LOC_673	21	21	21	20	21
LOC_674	21	20	21	20	21
LOC_675	18	19	18	18	18
LOC_676	20	20	21	20	20
LOC_677	16	15	16	17	16
LOC_678	20	20	18	21	20
LOC_679	15	16	16	16	15
LOC_680	18	17	22	18	18
LOC_681	16	16	18	16	16
LOC_682	14	14	14	14	14
LOC_683	22	22	22	21	22
LOC_684	28	31	32	32	28
LOC_685	22	23	23	21	23
LOC_686	15	18	17	17	17
LOC_687	21	21	20	21	21
LOC_688	23	25	25	25	24
LOC_689	23	24	24	23	23
LOC_690	21	20	20	20	21
LOC_691	20	17	17	17	20
LOC_692	19	19	17	18	19
LOC_693	19	18	21	19	19
LOC_694	14	16	18	16	16
LOC_695	17	17	17	17	17
LOC_696	24	23	22	22	23
LOC_697	23	23	24	24	22
LOC_698	27	30	30	30	28
LOC_699	15	16	15	15	15
LOC_700	17	17	17	17	17
LOC_701	16	16	15	15	16
LOC_702	21	21	19	19	21
LOC_703	29	29	29	29	29
LOC_704	28	28	31	30	28
LOC_705	19	19	19	19	19
LOC_706	21	21	21	21	21
LOC_707	18	18	18	18	18
LOC_708	28	30	29	28	30
LOC_709	28	28	27	27	29
LOC_710	19	20	19	20	20
LOC_711	12	12	12	12	12
LOC_712	24	23	23	26	23
LOC_713	22	23	22	21	23
LOC_714	15	15	15	15	15
LOC_715	16	16	16	16	16
LOC_716	32	29	29	30	28
LOC_717	29	28	31	33	30
LOC_718	17	17	17	17	17
LOC_719	29	29	26	27	29
LOC_720	30	30	31	30	30
LOC_721	28	27	26	26	28
LOC_722	16	16	17	17	16
LOC_723	21	21	22	22	21
LOC_724	28	28	28	26	28
LOC_725	19	21	18	18	19
LOC_726	23	23	24	21	23
LOC_727	21	21	20	21	21
LOC_728	18	22	19	19	18
LOC_729	27	27	26	25	27
LOC_730	30	28	27	30	30
LOC_731	27	29	25	24	27
LOC_732	17	18	18	18	17
LOC_733	22	24	22	21	22
LOC_734	27	27	27	26	27
LOC_735	29	30	27	27	28
LOC_736	20	20	20	20	20
LOC_737	17	17	17	17	17
LOC_738	27	27	28	28	27
LOC_739	16	18	17	18	16
LOC_740	21	21	19	19	21
LOC_741	25	24	23	25	25
LOC_742	21	22	20	21	22
LOC_743	20	21	21	23	20
LOC_744	14	14	15	15	14
LOC_745	16	16	15	15	16
LOC_746	28	29	28	30	28
LOC_747	15	16	17	17	16
LOC_748	15	15	16	16	15
LOC_749	21	21	21	21	21
LOC_750	22	23	21	21	22
LOC_751	18	19	19	19	18
LOC_752	22	22	22	22	23
LOC_753	22	23	21	22	22
LOC_754	26	27	26	26	27
LOC_755	16	16	15	16	16
LOC_756	16	16	16	16	16
LOC_757	16	17	16	17	16
LOC_758	13	12	12	12	13
LOC_759	20	18	18	18	19
LOC_760	16	16	16	16	16
LOC_761	19	20	20	20	20
LOC_762	16	15	16	16	16
LOC_763	27	29	26	28	26
LOC_764	22	22	22	22	22
LOC_765	27	28	25	27	27
LOC_766	15	15	15	15	15
LOC_767	18	18	18	18	18
LOC_768	26	27	26	26	26
LOC_769	24	21	21	23	25
LOC_770	25	27	28	28	26
LOC_771	24	26	22	23	23
LOC_772	22	21	20	21	21
LOC_773	16	16	16	16	16
LOC_774	25	24	22	22	25
LOC_775	20	20	20	20	20
LOC_776	21	21	20	21	21
LOC_777	24	28	25	26	26
LOC_778	17	15	16	17	16
LOC_779	20	20	20	20	20
LOC_780	27	27	25	25	26
LOC_781	25	26	30	24	26
LOC_782	14	14	14	14	14
LOC_783	26	27	27	28	26
LOC_784	26	25	24	26	26
LOC_785	24	24	23	26	24
LOC_786	25	25	26	23	26
LOC_787	21	21	21	21	21
LOC_788	26	26	27	24	26
LOC_789	18	18	18	18	18
LOC_790	26	27	25	27	26
LOC_791	26	26	26	26	26
LOC_792	16	17	16	16	16
LOC_793	19	20	20	19	19
LOC_794	20	20	19	19	20
LOC_795	21	21	21	23	21
LOC_796	18	19	19	19	18
LOC_797	27	28	28	28	27
LOC_798	26	26	21	22	26
LOC_799	26	25	24	23	26
LOC_800	9	9	9	9	9
LOC_801	25	26	25	25	26
LOC_802	26	26	25	24	26
LOC_803	21	17	16	16	20
LOC_804	17	17	16	16	16
LOC_805	16	15	15	15	16
LOC_806	19	17	17	17	17
LOC_807	16	16	16	16	16
LOC_808	18	22	21	24	20
LOC_809	26	25	24	24	26
LOC_810	17	17	17	17	17
LOC_811	19	19	19	19	19
LOC_812	21	19	19	19	19
LOC_813	28	28	27	28	26
LOC_814	25	25	26	25	26
LOC_815	28	26	27	26	26
LOC_816	16	16	16	16	16
LOC_817	22	22	23	22	22
LOC_818	25	25	23	26	25
LOC_819	7	7	7	7	7
LOC_820	16	16	16	16	16
LOC_821	29	27	30	30	28
LOC_822	24	26	26	26	25
LOC_823	15	15	15	15	15
LOC_824	25	21	21	22	21
LOC_825	25	24	26	24	25
LOC_826	18	18	18	18	18
LOC_827	21	20	21	21	21
LOC_828	18	19	18	18	19
LOC_829	17	16	16	16	16
LOC_830	25	25	24	26	25
LOC_831	26	24	24	27	25
LOC_832	18	15	16	16	16
LOC_833	14	14	14	14	14
LOC_834	20	19	20	21	21
LOC_835	26	28	28	27	25
LOC_836	15	15	15	15	15
LOC_837	12	12	12	13	12
LOC_838	24	24	22	23	23
LOC_839	18	18	18	18	18
LOC_840	20	20	20	20	20
LOC_841	14	14	16	13	14
LOC_842	24	26	25	26	25
LOC_843	17	17	17	17	17
LOC_844	26	25	24	22	26
LOC_845	25	25	27	27	25
LOC_846	18	18	16	16	18
LOC_847	25	25	25	25	25
LOC_848	19	19	19	19	19
LOC_849	26	22	25	25	25
LOC_850	17	17	19	17	17
LOC_851	24	23	24	25	23
LOC_852	15	15	15	16	15
LOC_853	26	24	25	25	25
LOC_854	23	22	23	24	25
LOC_855	18	18	18	18	18
LOC_856	26	27	25	27	26
LOC_857	29	26	30	30	29
LOC_858	14	14	14	14	14
LOC_859	14	15	14	14	14
LOC_860	22	21	22	22	22
LOC_861	17	18	17	17	17
LOC_862	15	15	15	15	15
LOC_863	20	20	21	21	20
LOC_864	24	23	25	25	24
LOC_865	24	26	25	27	25
LOC_866	26	25	24	25	25
LOC_867	18	18	18	18	18
LOC_868	26	25	25	25	25
LOC_869	20	21	24	25	21
LOC_870	13	13	12	13	13
LOC_871	14	14	14	14	14
LOC_872	25	25	27	26	25
LOC_873	17	17	17	17	17
LOC_874	24	22	23	23	24
LOC_875	19	18	16	18	18
LOC_876	17	15	18	17	17
LOC_877	25	25	23	24	25
LOC_878	25	24	25	25	25
LOC_879	25	24	24	24	25
LOC_880	28	23	23	23	25
LOC_881	17	18	18	21	17
LOC_882	20	19	20	20	20
LOC_883	27	25	27	26	25
LOC_884	15	15	15	15	15
LOC_885	17	17	17	16	17
LOC_886	27	23	27	26	25
LOC_887	25	27	26	26	25
LOC_888	25	25	25	26	25
LOC_889	23	23	23	23	23
LOC_890	22	22	22	23	22
LOC_891	25	25	23	25	25
LOC_892	22	22	21	24	22
LOC_893	21	18	19	20	19
LOC_894	18	18	18	16	18
LOC_895	24	25	24	24	24
LOC_896	25	25	24	25	25
LOC_897	17	17	16	16	17
LOC_898	25	24	24	26	25
LOC_899	25	24	24	24	25
LOC_900	24	25	22	23	24
LOC_901	26	25	27	26	25
LOC_902	23	23	23	23	23
LOC_903	26	26	26	27	25
LOC_904	15	14	14	14	14
LOC_905	24	25	25	25	25
LOC_906	15	15	15	17	15
LOC_907	18	18	19	18	18
LOC_908	22	23	23	23	22
LOC_909	24	24	25	24	25
LOC_910	16	18	18	18	17
LOC_911	19	19	19	19	19
LOC_912	11	11	11	11	11
LOC_913	18	18	18	18	18
LOC_914	25	25	24	24	25
LOC_915	24	24	25	25	25
LOC_916	18	18	20	20	18
LOC_917	15	15	16	15	15
LOC_918	16	16	14	14	16
LOC_919	14	14	14	14	14
LOC_920	18	17	16	17	18
LOC_921	16	16	16	16	16
LOC_922	22	22	23	24	22
LOC_923	25	26	24	25	25
LOC_924	24	24	22	20	25
LOC_925	14	14	14	13	14
LOC_926	25	24	24	24	25
LOC_927	25	25	26	25	25
LOC_928	24	23	22	22	25
LOC_929	15	15	15	15	15
LOC_930	12	10	10	10	10
LOC_931	24	24	25	24	24
LOC_932	24	25	25	25	24
LOC_933	28	24	22	23	24
LOC_934	24	23	22	23	24
LOC_935	17	16	17	17	17
LOC_936	25	24	25	25	23
LOC_937	25	28	25	24	24
LOC_938	15	17	17	17	17
LOC_939	19	19	19	20	19
LOC_940	19	19	19	21	19
LOC_941	14	14	13	13	14
LOC_942	24	23	24	24	24
LOC_943	20	24	20	19	20
LOC_944	18	18	18	18	18
LOC_945	17	17	16	16	17
LOC_946	24	23	24	23	24
LOC_947	22	24	21	24	24
LOC_948	20	17	22	21	20
LOC_949	23	24	26	26	23
LOC_950	24	25	24	24	24
LOC_951	20	20	20	21	20
LOC_952	19	19	19	19	20
LOC_953	25	24	24	24	24
LOC_954	22	22	26	23	22
LOC_955	25	24	24	25	24
LOC_956	24	24	25	28	24
LOC_957	24	25	21	23	24
LOC_958	16	16	16	16	16
LOC_959	18	18	18	18	18
LOC_960	24	26	24	23	24
LOC_961	26	25	25	25	25
LOC_962	24	25	23	22	24
LOC_963	25	28	23	25	24
LOC_964	17	16	17	17	16
LOC_965	23	23	23	24	23
LOC_966	20	20	22	20	20
LOC_967	24	25	27	28	24
LOC_968	26	25	25	25	24
LOC_969	18	18	19	19	18
LOC_970	19	20	18	18	19
LOC_971	23	24	21	24	24
LOC_972	24	23	24	24	24
LOC_973	29	30	27	27	30
LOC_974	15	16	14	14	14
LOC_975	17	16	16	16	14
LOC_976	29	28	23	25	29
LOC_977	17	17	19	17	17
LOC_978	19	17	18	15	17
LOC_979	27	25	25	25	25
LOC_980	17	16	16	16	16
LOC_981	22	24	23	26	22
LOC_982	14	14	14	14	14
LOC_983	24	23	25	25	24
LOC_984	24	25	25	26	24
LOC_985	14	14	14	14	14
LOC_986	17	17	17	17	17
LOC_987	24	27	25	25	24
LOC_988	18	17	19	17	18
LOC_989	24	24	24	24	24
LOC_990	24	24	26	25	24
LOC_991	16	15	15	15	15
LOC_992	24	23	23	23	23
LOC_993	19	15	14	16	19
LOC_994	25	24	23	25	24
LOC_995	23	23	24	24	24
LOC_996	24	27	25	25	24
LOC_997	23	22	22	22	24
LOC_998	14	12	12	12	14
LOC_999	23	24	24	22	24
LOC_1000	21	20	21	21	21
LOC_1001	19	19	20	18	19
LOC_1002	26	24	24	24	24
LOC_1003	23	22	24	24	24
LOC_1004	17	16	20	17	17
LOC_1005	7	7	7	7	7
LOC_1006	23	24	25	24	24
LOC_1007	18	17	19	20	18
LOC_1008	20	24	22	22	21
LOC_1009	24	24	27	25	24
LOC_1010	15	15	15	15	15
LOC_1011	25	23	24	24	24
LOC_1012	24	24	23	23	24
LOC_1013	24	24	21	21	24
LOC_1014	23	25	23	27	23
LOC_1015	14	16	16	16	16
LOC_1016	14	14	14	14	14
LOC_1017	24	24	24	24	24
LOC_1018	24	23	26	26	24
LOC_1019	16	16	16	16	15
LOC_1020	24	23	23	24	23
LOC_1021	15	15	15	15	15
LOC_1022	24	24	23	23	24
LOC_1023	24	26	30	31	24
LOC_1024	30	29	31	31	29
LOC_1025	14	14	14	14	14
LOC_1026	22	23	25	24	22
LOC_1027	23	24	23	22	24
LOC_1028	7	7	7	7	7
LOC_1029	19	19	20	20	19
LOC_1030	25	26	25	24	24
LOC_1031	23	23	23	23	23
LOC_1032	10	10	10	10	10
LOC_1033	27	24	23	24	24
LOC_1034	24	24	25	25	24
LOC_1035	23	24	23	23	23
LOC_1036	15	15	15	15	15
LOC_1037	24	24	24	25	24
LOC_1038	20	21	21	21	20
LOC_1039	15	15	15	15	15
LOC_1040	21	24	22	21	21
LOC_1041	24	23	24	24	24
LOC_1042	12	12	12	12	12
LOC_1043	16	16	16	16	16
LOC_1044	14	14	13	13	14
LOC_1045	24	23	23	24	24
LOC_1046	24	24	25	25	24
LOC_1047	21	23	21	21	21
LOC_1048	21	22	21	21	21
LOC_1049	24	23	24	24	24
LOC_1050	25	25	24	23	24
LOC_1051	24	23	24	24	23
LOC_1052	17	18	18	18	18
LOC_1053	17	16	16	17	17
LOC_1054	24	24	22	24	24
LOC_1055	14	14	15	14	14
LOC_1056	21	21	22	22	21
LOC_1057	22	22	22	22	22
LOC_1058	16	16	17	17	16
LOC_1059	21	21	19	21	21
LOC_1060	24	21	21	21	24
LOC_1061	26	22	26	23	24
LOC_1062	21	19	19	19	19
LOC_1063	24	22	21	21	23
LOC_1064	14	14	14	14	14
LOC_1065	24	23	24	25	24
LOC_1066	25	24	25	25	24
LOC_1067	15	14	14	14	15
LOC_1068	24	21	24	24	23
LOC_1069	17	17	16	16	16
LOC_1070	17	17	19	17	17
LOC_1071	22	23	23	24	23
LOC_1072	23	23	23	23	23
LOC_1073	24	22	23	24	23
LOC_1074	16	16	16	17	16
LOC_1075	17	17	16	16	17
LOC_1076	25	22	22	22	24
LOC_1077	15	15	15	15	15
LOC_1078	23	24	26	24	24
LOC_1079	17	17	17	17	17
LOC_1080	18	18	18	18	18
LOC_1081	20	20	20	20	20
LOC_1082	16	16	16	16	16
LOC_1083	19	22	19	19	19
LOC_1084	16	16	16	16	16
LOC_1085	23	23	22	23	23
LOC_1086	21	22	22	22	22
LOC_1087	20	20	22	20	20
LOC_1088	24	24	24	26	24
LOC_1089	28	24	25	25	26
LOC_1090	24	23	23	23	23
LOC_1091	18	19	18	18	18
LOC_1092	20	19	22	22	20
LOC_1093	17	17	17	17	17
LOC_1094	16	16	16	16	16
LOC_1095	16	16	16	16	16
LOC_1096	14	15	15	15	14
LOC_1097	21	21	21	21	21
LOC_1098	23	23	20	23	23
LOC_1099	23	23	23	23	23
LOC_1100	23	23	23	23	23
LOC_1101	22	24	23	25	23
LOC_1102	26	22	22	22	23
LOC_1103	14	13	12	13	14
LOC_1104	23	23	23	22	23
LOC_1105	22	23	26	26	23
LOC_1106	21	22	21	21	21
LOC_1107	23	24	26	26	23
LOC_1108	23	24	23	23	23
LOC_1109	22	22	23	23	23
LOC_1110	16	16	16	16	16
LOC_1111	25	25	26	26	25
LOC_1112	15	15	15	13	15
LOC_1113	16	16	17	18	16
LOC_1114	17	17	17	18	17
LOC_1115	14	15	15	15	15
LOC_1116	23	23	26	25	23
LOC_1117	19	19	19	20	19
LOC_1118	24	25	24	24	24
LOC_1119	23	23	22	23	23
LOC_1120	27	27	27	29	28
LOC_1121	23	23	22	21	23
LOC_1122	23	23	23	23	23
LOC_1123	20	20	19	19	20
LOC_1124	14	15	15	17	14
LOC_1125	19	17	18	17	18
LOC_1126	15	15	15	15	15
LOC_1127	25	23	23	23	23
LOC_1128	23	21	21	21	23
LOC_1129	19	24	23	23	23
LOC_1130	14	14	14	14	14
LOC_1131	14	14	14	14	14
LOC_1132	23	22	23	22	23
LOC_1133	14	14	9	9	14
LOC_1134	14	15	15	16	15
LOC_1135	17	16	16	16	16
LOC_1136	14	14	14	15	14
LOC_1137	12	12	12	12	12
LOC_1138	24	23	23	22	24
LOC_1139	19	20	20	20	19
LOC_1140	24	25	25	26	24
LOC_1141	21	24	22	22	21
LOC_1142	28	26	28	29	29
LOC_1143	23	22	22	23	23
LOC_1144	24	20	20	21	24
LOC_1145	22	24	23	22	23
LOC_1146	24	23	24	27	23
LOC_1147	28	26	28	27	27
LOC_1148	22	24	24	23	23
LOC_1149	23	23	20	21	23
LOC_1150	16	16	16	16	16
LOC_1151	20	20	20	18	20
LOC_1152	23	24	26	26	23
LOC_1153	23	23	23	23	23
LOC_1154	22	24	23	23	23
LOC_1155	32	32	29	29	29
LOC_1156	20	18	16	17	17
LOC_1157	21	20	23	23	21
LOC_1158	17	17	17	17	17
LOC_1159	24	23	24	22	23
LOC_1160	14	16	16	16	14
LOC_1161	7	7	7	7	7
LOC_1162	13	13	13	13	13
LOC_1163	15	16	17	16	15
LOC_1164	18	18	18	19	18
LOC_1165	23	24	24	23	23
LOC_1166	25	24	23	23	23
LOC_1167	15	15	17	15	15
LOC_1168	21	26	25	26	23
LOC_1169	22	22	21	22	22
LOC_1170	16	16	15	15	16
LOC_1171	24	23	22	22	23
LOC_1172	22	22	24	25	23
LOC_1173	15	16	13	13	15
LOC_1174	23	22	21	22	23
LOC_1175	22	22	22	22	22
LOC_1176	18	18	18	18	18
LOC_1177	17	17	16	18	17
LOC_1178	18	16	18	16	16
LOC_1179	29	22	22	22	23
LOC_1180	23	24	24	24	23
LOC_1181	20	19	19	19	19
LOC_1182	23	24	24	24	23
LOC_1183	23	24	22	21	23
LOC_1184	23	26	26	26	23
LOC_1185	22	22	22	23	22
LOC_1186	16	16	16	16	16
LOC_1187	15	15	15	15	15
LOC_1188	22	23	25	24	23
LOC_1189	15	15	15	15	15
LOC_1190	19	19	19	19	19
LOC_1191	22	24	22	22	23
LOC_1192	23	23	22	22	23
LOC_1193	15	16	15	15	15
LOC_1194	20	20	20	20	20
LOC_1195	14	14	14	15	14
LOC_1196	15	15	13	15	15
LOC_1197	23	24	26	25	24
LOC_1198	16	16	16	16	16
LOC_1199	15	13	13	13	15
LOC_1200	20	20	20	20	20
LOC_1201	16	17	17	17	16
LOC_1202	14	14	14	14	14
LOC_1203	16	17	16	17	16
LOC_1204	23	23	23	23	23
LOC_1205	18	20	17	19	19
LOC_1206	17	17	17	17	17
LOC_1207	21	21	21	21	21
LOC_1208	18	18	20	18	18
LOC_1209	15	15	14	14	15
LOC_1210	23	21	22	22	23
LOC_1211	23	23	21	23	22
LOC_1212	21	22	24	22	22
LOC_1213	26	25	27	26	26
LOC_1214	19	19	20	18	19
LOC_1215	22	24	26	25	23
LOC_1216	13	16	17	16	16
LOC_1217	14	14	14	14	14
LOC_1218	19	19	19	19	19
LOC_1219	16	18	19	15	16
LOC_1220	21	23	22	20	21
LOC_1221	23	22	22	22	23
LOC_1222	22	25	22	22	23
LOC_1223	13	13	13	13	13
LOC_1224	24	25	26	27	25
LOC_1225	21	21	21	21	21
LOC_1226	23	22	24	24	23
LOC_1227	18	18	18	18	18
LOC_1228	15	17	17	17	15
LOC_1229	21	21	22	20	23
LOC_1230	18	16	17	17	19
LOC_1231	24	22	24	24	24
LOC_1232	16	16	15	17	16
LOC_1233	20	19	20	19	19
LOC_1234	18	17	18	17	18
LOC_1235	20	19	19	18	20
LOC_1236	20	20	20	20	20
LOC_1237	23	26	29	29	23
LOC_1238	24	22	24	24	23
LOC_1239	28	26	25	27	28
LOC_1240	23	24	24	24	23
LOC_1241	15	15	15	15	15
LOC_1242	14	14	13	13	14
LOC_1243	15	15	15	15	15
LOC_1244	25	25	25	23	25
LOC_1245	16	18	16	17	17
LOC_1246	21	21	21	21	22
LOC_1247	14	14	12	12	14
LOC_1248	29	26	28	32	28
LOC_1249	23	24	25	25	23
LOC_1250	22	22	21	22	21
LOC_1251	24	24	22	22	24
LOC_1252	17	20	18	18	17
LOC_1253	22	23	21	24	23
LOC_1254	20	21	21	21	20
LOC_1255	23	23	22	24	23
LOC_1256	20	21	22	21	21
LOC_1257	23	24	23	24	24
LOC_1258	18	18	18	17	18
LOC_1259	23	24	23	24	23
LOC_1260	20	20	19	22	20
LOC_1261	17	18	18	17	17
LOC_1262	17	17	16	16	17
LOC_1263	17	18	19	18	17
LOC_1264	17	17	18	18	17
LOC_1265	17	15	15	15	15
LOC_1266	16	16	16	13	16
LOC_1267	21	23	22	23	23
LOC_1268	15	15	15	15	15
LOC_1269	27	26	25	25	27
LOC_1270	19	19	19	19	19
LOC_1271	22	24	23	23	23
LOC_1272	23	24	21	21	23
LOC_1273	22	17	21	19	20
LOC_1274	22	24	24	24	23
LOC_1275	19	19	21	21	19
LOC_1276	17	17	17	18	17
LOC_1277	16	16	16	16	16
LOC_1278	15	14	15	15	15
LOC_1279	19	19	19	18	19
LOC_1280	16	16	15	16	16
LOC_1281	23	22	22	24	23
LOC_1282	23	25	26	25	23
LOC_1283	22	24	24	23	23
LOC_1284	23	23	23	23	23
LOC_1285	23	22	23	25	23
LOC_1286	14	10	12	13	14
LOC_1287	15	16	15	15	15
LOC_1288	23	24	24	22	23
LOC_1289	23	23	23	23	23
LOC_1290	20	20	20	20	20
LOC_1291	22	21	22	20	23
LOC_1292	25	22	23	23	23
LOC_1293	22	23	22	22	23
LOC_1294	25	25	26	27	25
LOC_1295	20	18	18	18	20
LOC_1296	22	24	22	22	22
LOC_1297	23	24	24	24	23
LOC_1298	25	23	23	22	23
LOC_1299	15	17	17	18	15
LOC_1300	22	24	23	23	23
LOC_1301	24	23	23	24	23
LOC_1302	23	24	25	25	23
LOC_1303	16	17	17	17	16
LOC_1304	22	22	22	24	22
LOC_1305	23	21	21	22	22
LOC_1306	20	21	21	22	21
LOC_1307	14	14	14	14	14
LOC_1308	22	23	25	24	23
LOC_1309	19	21	19	20	19
LOC_1310	16	16	15	16	16
LOC_1311	24	22	24	21	23
LOC_1312	15	15	14	15	15
LOC_1313	22	22	23	23	22
LOC_1314	15	15	15	15	15
LOC_1315	16	15	14	16	16
LOC_1316	17	18	18	18	17
LOC_1317	17	17	17	17	17
LOC_1318	23	24	24	25	23
LOC_1319	18	20	20	20	18
LOC_1320	19	19	17	17	19
LOC_1321	22	21	21	20	21
LOC_1322	26	26	26	26	25
LOC_1323	23	23	23	23	23
LOC_1324	22	22	22	22	22
LOC_1325	16	16	16	18	16
LOC_1326	18	19	18	19	19
LOC_1327	23	22	23	22	23
LOC_1328	17	18	17	17	18
LOC_1329	16	16	16	16	16
LOC_1330	23	23	23	23	23
LOC_1331	23	24	24	24	23
LOC_1332	15	17	16	16	15
LOC_1333	17	17	17	17	17
LOC_1334	19	19	19	21	19
LOC_1335	14	17	14	13	14
LOC_1336	24	24	26	25	24
LOC_1337	17	17	18	18	18
LOC_1338	24	21	21	20	23
LOC_1339	12	12	12	12	12
LOC_1340	18	23	23	23	19
LOC_1341	22	23	22	21	22
LOC_1342	22	22	20	20	22
LOC_1343	16	17	16	16	17
LOC_1344	25	25	25	25	25
LOC_1345	21	18	18	18	18
LOC_1346	22	24	23	24	22
LOC_1347	18	17	17	16	18
LOC_1348	18	18	18	18	18
LOC_1349	17	17	15	15	17
LOC_1350	20	19	19	19	20
LOC_1351	16	15	15	15	16
LOC_1352	20	20	21	21	20
LOC_1353	24	26	28	27	25
LOC_1354	21	22	21	22	21
LOC_1355	21	19	19	19	19
LOC_1356	24	23	23	22	22
LOC_1357	23	22	21	19	22
LOC_1358	22	22	21	22	22
LOC_1359	14	14	14	14	14
LOC_1360	22	22	22	22	22
LOC_1361	22	21	21	22	22
LOC_1362	18	17	17	17	18
LOC_1363	22	22	22	22	22
LOC_1364	15	12	14	13	15
LOC_1365	22	22	22	22	22
LOC_1366	16	16	16	16	16
LOC_1367	15	15	14	14	15
LOC_1368	18	19	18	18	18
LOC_1369	22	19	24	24	22
LOC_1370	20	20	16	20	20
LOC_1371	20	20	20	20	20
LOC_1372	24	26	23	27	24
LOC_1373	7	7	7	7	7
LOC_1374	23	21	22	22	22
LOC_1375	14	14	14	14	14
LOC_1376	23	23	23	23	23
LOC_1377	17	17	17	19	17
LOC_1378	15	15	15	15	15
LOC_1379	16	16	16	16	16
LOC_1380	21	22	21	21	21
LOC_1381	23	23	23	23	23
LOC_1382	21	22	22	21	21
LOC_1383	15	14	14	14	14
LOC_1384	19	20	19	19	19
LOC_1385	24	21	22	21	22
LOC_1386	14	14	15	15	14
LOC_1387	19	19	22	22	21
LOC_1388	22	24	27	25	22
LOC_1389	22	22	22	21	22
LOC_1390	17	17	17	17	17
LOC_1391	14	12	14	14	14
LOC_1392	19	19	20	20	19
LOC_1393	25	24	22	22	24
LOC_1394	21	23	21	21	22
LOC_1395	16	16	17	17	16
LOC_1396	22	20	20	20	22
LOC_1397	19	19	18	18	19
LOC_1398	14	14	14	13	14
LOC_1399	17	17	17	17	17
LOC_1400	14	14	14	12	14
LOC_1401	14	14	14	14	14
LOC_1402	22	21	21	21	22
LOC_1403	17	18	16	17	17
LOC_1404	17	17	17	17	17
LOC_1405	16	17	17	17	16
LOC_1406	21	22	21	18	22
LOC_1407	22	22	23	22	22
LOC_1408	22	21	22	22	22
LOC_1409	18	19	19	21	18
LOC_1410	7	7	7	7	7
LOC_1411	18	17	17	17	17
LOC_1412	17	17	18	19	17
LOC_1413	20	18	18	18	18
LOC_1414	19	20	19	20	20
LOC_1415	15	15	15	15	15
LOC_1416	19	21	21	21	19
LOC_1417	22	22	22	22	22
LOC_1418	17	17	17	17	17
LOC_1419	18	18	16	17	18
LOC_1420	21	21	20	21	21
LOC_1421	16	16	11	11	16
LOC_1422	18	18	18	18	18
LOC_1423	22	23	20	24	22
LOC_1424	22	24	23	22	22
LOC_1425	21	23	21	21	21
LOC_1426	20	19	18	18	18
LOC_1427	22	20	20	19	20
LOC_1428	22	25	22	22	22
LOC_1429	22	18	19	18	22
LOC_1430	22	22	23	22	22
LOC_1431	22	21	24	23	22
LOC_1432	17	17	17	17	17
LOC_1433	22	21	23	22	22
LOC_1434	17	16	18	17	17
LOC_1435	19	16	17	17	17
LOC_1436	15	15	15	15	15
LOC_1437	24	22	22	22	22
LOC_1438	22	21	24	22	22
LOC_1439	20	20	20	20	20
LOC_1440	17	17	17	17	17
LOC_1441	25	26	23	23	23
LOC_1442	22	22	23	24	22
LOC_1443	23	22	24	23	23
LOC_1444	21	21	21	21	21
LOC_1445	24	22	21	21	22
LOC_1446	27	23	22	22	26
LOC_1447	22	21	21	23	22
LOC_1448	22	22	22	21	22
LOC_1449	22	23	23	23	22
LOC_1450	20	20	20	20	20
LOC_1451	22	21	22	22	22
LOC_1452	16	17	17	17	16
LOC_1453	16	19	19	19	19
LOC_1454	22	22	22	21	22
LOC_1455	22	24	24	26	22
LOC_1456	18	19	19	20	19
LOC_1457	17	17	17	17	17
LOC_1458	23	22	22	22	22
LOC_1459	22	21	23	22	22
LOC_1460	23	25	26	25	24
LOC_1461	22	22	23	23	22
LOC_1462	22	23	25	22	22
LOC_1463	14	15	14	14	14
LOC_1464	25	26	27	27	25
LOC_1465	26	27	24	24	26
LOC_1466	22	22	21	20	22
LOC_1467	19	20	19	19	19
LOC_1468	22	22	21	21	22
LOC_1469	22	23	22	22	22
LOC_1470	21	20	24	21	20
LOC_1471	19	21	21	21	20
LOC_1472	22	22	22	24	22
LOC_1473	24	22	23	24	23
LOC_1474	15	15	17	15	15
LOC_1475	18	18	18	18	18
LOC_1476	18	18	20	20	18
LOC_1477	18	18	18	18	18
LOC_1478	19	21	21	22	19
LOC_1479	21	20	21	21	21
LOC_1480	20	21	21	22	22
LOC_1481	21	18	23	24	22
LOC_1482	25	25	26	27	25
LOC_1483	22	19	19	19	22
LOC_1484	21	21	20	20	21
LOC_1485	22	22	22	22	22
LOC_1486	22	22	22	22	22
LOC_1487	14	15	16	14	14
LOC_1488	21	25	23	22	21
LOC_1489	21	22	23	23	22
LOC_1490	22	22	22	22	22
LOC_1491	22	22	24	23	22
LOC_1492	21	21	22	22	22
LOC_1493	22	24	24	24	22
LOC_1494	24	23	22	22	24
LOC_1495	22	22	21	21	22
LOC_1496	20	23	23	23	20
LOC_1497	21	22	22	22	22
LOC_1498	21	22	22	22	22
LOC_1499	16	16	16	16	16
LOC_1500	17	17	19	17	17
LOC_1501	22	22	22	22	22
LOC_1502	22	22	20	22	22
LOC_1503	22	22	22	22	22
LOC_1504	17	17	17	17	17
LOC_1505	22	22	22	22	22
LOC_1506	17	17	17	17	17
LOC_1507	20	22	22	21	20
LOC_1508	22	22	21	22	22
LOC_1509	20	20	20	20	20
LOC_1510	21	21	21	21	21
LOC_1511	19	23	22	23	22
LOC_1512	19	19	16	19	19
LOC_1513	15	15	15	15	15
LOC_1514	22	23	22	23	22
LOC_1515	19	18	21	21	19
LOC_1516	22	22	22	22	22
LOC_1517	17	16	16	17	16
LOC_1518	23	26	22	22	23
LOC_1519	20	17	21	20	20
LOC_1520	21	22	22	22	22
LOC_1521	17	17	16	16	17
LOC_1522	23	23	23	24	22
LOC_1523	20	19	19	19	19
LOC_1524	23	21	18	22	21
LOC_1525	22	22	23	25	22
LOC_1526	20	20	20	20	20
LOC_1527	23	21	19	21	22
LOC_1528	15	15	13	15	15
LOC_1529	22	24	24	25	22
LOC_1530	16	16	16	16	16
LOC_1531	22	20	18	18	22
LOC_1532	22	22	25	23	22
LOC_1533	16	16	17	15	16
LOC_1534	23	22	22	22	22
LOC_1535	22	23	22	23	22
LOC_1536	14	15	14	14	14
LOC_1537	21	22	22	23	22
LOC_1538	16	16	17	17	16
LOC_1539	28	28	29	26	29
LOC_1540	22	22	21	22	22
LOC_1541	15	15	15	15	15
LOC_1542	23	24	22	25	22
LOC_1543	17	17	17	17	17
LOC_1544	23	18	18	18	23
LOC_1545	22	23	23	23	22
LOC_1546	22	21	23	22	22
LOC_1547	29	28	25	26	28
LOC_1548	24	24	25	24	24
LOC_1549	21	22	22	22	22
LOC_1550	15	15	15	15	15
LOC_1551	22	22	21	21	22
LOC_1552	30	28	26	26	30
LOC_1553	21	20	20	19	21
LOC_1554	19	19	18	19	19
LOC_1555	18	18	18	18	18
LOC_1556	23	24	23	25	23
LOC_1557	18	20	19	19	19
LOC_1558	21	23	21	21	22
LOC_1559	25	22	22	22	22
LOC_1560	20	20	20	20	20
LOC_1561	22	22	21	22	22
LOC_1562	17	19	19	20	17
LOC_1563	14	13	13	13	14
LOC_1564	22	21	22	21	21
LOC_1565	27	26	23	25	27
LOC_1566	21	21	19	22	21
LOC_1567	23	22	21	21	23
LOC_1568	24	24	24	25	24
LOC_1569	21	23	22	22	22
LOC_1570	16	16	20	20	16
LOC_1571	22	22	23	22	22
LOC_1572	21	21	21	22	21
LOC_1573	18	19	19	19	19
LOC_1574	20	20	22	20	20
LOC_1575	15	15	15	16	15
LOC_1576	21	22	21	21	21
LOC_1577	14	15	15	15	14
LOC_1578	24	22	22	22	22
LOC_1579	22	24	22	23	22
LOC_1580	22	22	22	22	22
LOC_1581	18	19	19	19	19
LOC_1582	18	22	23	23	22
LOC_1583	10	10	10	10	10
LOC_1584	15	18	19	18	15
LOC_1585	21	22	22	22	22
LOC_1586	23	23	22	22	23
LOC_1587	22	22	24	23	22
LOC_1588	19	18	20	18	19
LOC_1589	19	19	19	19	19
LOC_1590	22	22	22	21	22
LOC_1591	17	17	17	17	17
LOC_1592	26	25	24	24	25
LOC_1593	22	22	24	25	22
LOC_1594	22	26	23	20	22
LOC_1595	26	24	25	25	26
LOC_1596	17	18	16	16	17
LOC_1597	14	14	14	14	14
LOC_1598	21	21	21	21	21
LOC_1599	16	18	18	18	16
LOC_1600	20	23	18	20	20
LOC_1601	20	21	21	21	20
LOC_1602	23	22	23	23	23
LOC_1603	21	21	21	21	21
LOC_1604	14	15	13	15	14
LOC_1605	15	15	15	17	15
LOC_1606	15	15	16	15	15
LOC_1607	21	21	20	21	21
LOC_1608	22	21	22	21	21
LOC_1609	14	14	14	14	14
LOC_1610	19	21	20	20	21
LOC_1611	16	18	18	18	16
LOC_1612	15	15	15	15	15
LOC_1613	27	26	26	26	27
LOC_1614	13	13	13	13	13
LOC_1615	21	20	20	22	21
LOC_1616	14	14	13	14	14
LOC_1617	15	14	14	14	14
LOC_1618	21	20	13	19	21
LOC_1619	13	13	13	13	13
LOC_1620	18	18	18	18	18
LOC_1621	17	19	19	19	17
LOC_1622	21	21	22	22	21
LOC_1623	21	21	22	21	21
LOC_1624	17	17	17	17	17
LOC_1625	21	21	22	21	21
LOC_1626	19	19	20	19	19
LOC_1627	15	15	15	16	15
LOC_1628	17	19	18	17	17
LOC_1629	22	22	22	22	22
LOC_1630	21	23	23	23	21
LOC_1631	22	22	23	21	22
LOC_1632	17	15	14	14	17
LOC_1633	21	21	20	21	21
LOC_1634	17	17	17	17	17
LOC_1635	9	9	9	9	9
LOC_1636	24	25	24	23	24
LOC_1637	14	16	16	16	16
LOC_1638	30	29	27	28	29
LOC_1639	21	21	20	21	21
LOC_1640	16	17	16	16	16
LOC_1641	18	17	17	17	18
LOC_1642	21	20	22	20	20
LOC_1643	19	18	19	18	18
LOC_1644	17	14	15	15	17
LOC_1645	21	21	21	20	21
LOC_1646	18	18	18	18	18
LOC_1647	12	12	12	13	12
LOC_1648	21	19	19	19	21
LOC_1649	12	16	16	13	12
LOC_1650	17	18	19	19	17
LOC_1651	16	16	16	17	16
LOC_1652	17	17	17	17	17
LOC_1653	22	24	26	25	24
LOC_1654	14	15	15	15	14
LOC_1655	14	14	14	15	14
LOC_1656	16	18	18	18	17
LOC_1657	26	26	28	26	27
LOC_1658	21	21	20	21	21
LOC_1659	21	20	22	22	21
LOC_1660	17	17	17	17	17
LOC_1661	21	22	21	21	21
LOC_1662	21	21	21	21	21
LOC_1663	22	24	23	23	22
LOC_1664	18	18	17	17	18
LOC_1665	15	17	16	15	15
LOC_1666	12	12	12	12	12
LOC_1667	14	14	14	14	14
LOC_1668	21	21	21	21	21
LOC_1669	23	21	21	20	22
LOC_1670	19	20	20	20	19
LOC_1671	15	15	15	15	15
LOC_1672	21	21	20	20	21
LOC_1673	21	19	21	21	21
LOC_1674	20	19	20	21	20
LOC_1675	18	18	18	18	18
LOC_1676	21	21	21	19	21
LOC_1677	14	12	14	14	14
LOC_1678	21	21	21	21	21
LOC_1679	18	21	22	21	18
LOC_1680	19	21	19	20	21
LOC_1681	21	24	23	25	21
LOC_1682	14	14	12	12	14
LOC_1683	22	21	22	21	21
LOC_1684	19	18	16	16	18
LOC_1685	17	17	18	17	17
LOC_1686	18	17	21	19	18
LOC_1687	17	14	17	17	17
LOC_1688	14	14	14	14	14
LOC_1689	18	19	18	18	18
LOC_1690	15	15	15	15	15
LOC_1691	18	19	18	18	18
LOC_1692	22	21	20	19	21
LOC_1693	21	22	21	22	21
LOC_1694	16	16	17	17	16
LOC_1695	21	21	20	20	21
LOC_1696	8	8	7	7	8
LOC_1697	20	21	23	22	21
LOC_1698	14	15	15	15	14
LOC_1699	22	20	20	20	21
LOC_1700	21	21	22	21	21
LOC_1701	12	12	12	12	12
LOC_1702	22	24	23	20	21
LOC_1703	14	14	14	14	14
LOC_1704	21	19	19	18	21
LOC_1705	21	21	21	21	21
LOC_1706	16	17	16	15	16
LOC_1707	21	21	21	19	21
LOC_1708	13	13	13	13	13
LOC_1709	21	21	21	21	21
LOC_1710	13	13	13	13	13
LOC_1711	21	21	25	23	21
LOC_1712	19	19	21	21	20
LOC_1713	18	17	16	16	18
LOC_1714	14	14	14	14	14
LOC_1715	17	17	17	16	17
LOC_1716	16	17	17	17	16
LOC_1717	11	12	13	12	11
LOC_1718	17	17	17	17	17
LOC_1719	18	18	18	18	18
LOC_1720	18	19	18	18	18
LOC_1721	19	19	19	18	19
LOC_1722	20	22	22	22	20
LOC_1723	20	19	21	19	20
LOC_1724	16	16	17	16	16
LOC_1725	14	14	17	17	14
LOC_1726	29	28	26	26	29
LOC_1727	21	21	21	21	21
LOC_1728	14	14	14	14	14
LOC_1729	18	18	17	19	18
LOC_1730	21	20	20	20	21
LOC_1731	21	21	23	24	21
LOC_1732	25	24	24	23	25
LOC_1733	21	20	20	20	21
LOC_1734	22	21	21	21	21
LOC_1735	16	14	18	16	16
LOC_1736	21	20	22	22	21
LOC_1737	21	21	21	21	21
LOC_1738	16	16	16	16	16
LOC_1739	21	20	21	20	21
LOC_1740	17	17	17	17	17
LOC_1741	18	18	19	19	18
LOC_1742	16	18	20	18	18
LOC_1743	21	22	21	21	21
LOC_1744	17	16	16	16	17
LOC_1745	16	16	16	16	16
LOC_1746	18	22	22	22	22
LOC_1747	17	16	17	17	17
LOC_1748	18	18	17	18	18
LOC_1749	21	20	20	20	21
LOC_1750	18	18	18	18	18
LOC_1751	22	22	21	21	21
LOC_1752	13	13	13	13	13
LOC_1753	19	19	19	19	21
LOC_1754	21	20	20	20	21
LOC_1755	22	21	21	21	21
LOC_1756	18	18	17	17	18
LOC_1757	18	17	19	18	18
LOC_1758	21	21	22	23	21
LOC_1759	17	17	16	17	17
LOC_1760	21	19	19	19	21
LOC_1761	24	23	23	23	23
LOC_1762	19	20	19	19	19
LOC_1763	16	17	16	17	17
LOC_1764	16	18	18	18	16
LOC_1765	20	21	21	21	21
LOC_1766	17	17	17	17	17
LOC_1767	21	20	24	22	21
LOC_1768	14	16	16	16	14
LOC_1769	18	18	18	18	18
LOC_1770	21	21	21	21	21
LOC_1771	18	16	18	18	18
LOC_1772	15	17	16	15	16
LOC_1773	21	19	19	19	20
LOC_1774	17	19	17	18	18
LOC_1775	18	18	18	19	18
LOC_1776	21	21	22	21	21
LOC_1777	16	16	16	18	16
LOC_1778	21	20	20	19	21
LOC_1779	18	16	18	19	18
LOC_1780	23	22	21	21	23
LOC_1781	20	19	19	19	21
LOC_1782	14	14	16	14	14
LOC_1783	21	21	21	21	21
LOC_1784	17	17	17	17	17
LOC_1785	18	17	17	18	17
LOC_1786	10	10	10	10	10
LOC_1787	14	13	13	13	13
LOC_1788	19	21	20	20	21
LOC_1789	25	25	26	24	25
LOC_1790	18	18	18	18	18
LOC_1791	11	11	12	11	11
LOC_1792	19	19	19	17	19
LOC_1793	16	17	19	17	16
LOC_1794	21	21	21	20	21
LOC_1795	16	16	16	16	16
LOC_1796	11	11	12	12	11
LOC_1797	17	18	17	18	17
LOC_1798	22	21	20	21	21
LOC_1799	16	15	15	15	16
LOC_1800	21	21	21	21	21
LOC_1801	21	24	22	23	21
LOC_1802	18	19	18	18	18
LOC_1803	17	17	17	17	17
LOC_1804	21	21	21	21	21
LOC_1805	18	18	16	19	18
LOC_1806	20	21	23	24	21
LOC_1807	21	21	22	22	21
LOC_1808	15	15	16	15	15
LOC_1809	22	21	20	20	21
LOC_1810	18	18	18	18	18
LOC_1811	25	27	25	26	25
LOC_1812	15	15	15	15	15
LOC_1813	14	14	14	14	14
LOC_1814	13	12	13	13	13
LOC_1815	15	15	15	15	15
LOC_1816	21	21	25	21	21
LOC_1817	15	15	15	15	15
LOC_1818	22	22	23	23	22
LOC_1819	18	18	18	20	18
LOC_1820	22	30	23	23	23
LOC_1821	18	17	18	18	17
LOC_1822	21	22	22	21	21
LOC_1823	16	15	17	16	16
LOC_1824	15	15	15	15	15
LOC_1825	21	20	21	23	21
LOC_1826	15	15	15	15	15
LOC_1827	23	22	22	21	23
LOC_1828	16	16	18	16	16
LOC_1829	12	12	13	13	12
LOC_1830	16	16	16	16	16
LOC_1831	17	17	18	18	17
LOC_1832	15	15	15	15	15
LOC_1833	21	20	18	18	21
LOC_1834	14	17	17	17	17
LOC_1835	15	15	15	15	15
LOC_1836	18	19	19	19	17
LOC_1837	19	20	20	19	19
LOC_1838	13	13	13	14	13
LOC_1839	20	20	20	21	20
LOC_1840	18	18	18	18	18
LOC_1841	13	14	13	14	13
LOC_1842	17	17	18	17	17
LOC_1843	21	20	20	20	21
LOC_1844	21	21	21	21	21
LOC_1845	13	13	13	13	13
LOC_1846	21	21	23	22	21
LOC_1847	15	16	16	16	16
LOC_1848	18	18	18	18	18
LOC_1849	13	13	13	13	13
LOC_1850	16	16	16	17	16
LOC_1851	21	20	22	21	21
LOC_1852	20	16	16	16	19
LOC_1853	12	12	11	12	12
LOC_1854	21	22	22	22	21
LOC_1855	18	18	18	18	18
LOC_1856	14	14	14	14	14
LOC_1857	17	17	17	17	17
LOC_1858	15	15	15	15	15
LOC_1859	17	17	17	17	17
LOC_1860	17	18	19	18	17
LOC_1861	18	18	17	18	18
LOC_1862	22	21	22	22	21
LOC_1863	14	15	15	15	14
LOC_1864	15	14	14	15	14
LOC_1865	14	14	14	14	14
LOC_1866	14	14	18	18	14
LOC_1867	21	22	21	21	21
LOC_1868	18	19	17	17	18
LOC_1869	18	19	18	19	18
LOC_1870	14	14	16	14	14
LOC_1871	18	19	20	20	19
LOC_1872	18	19	22	21	19
LOC_1873	16	15	15	15	15
LOC_1874	15	18	16	18	15
LOC_1875	17	16	16	17	17
LOC_1876	15	15	15	15	15
LOC_1877	21	21	20	20	21
LOC_1878	19	19	19	21	19
LOC_1879	22	23	22	24	22
LOC_1880	14	14	14	13	14
LOC_1881	16	16	17	20	16
LOC_1882	21	18	21	19	18
LOC_1883	20	20	20	19	20
LOC_1884	16	16	16	16	16
LOC_1885	18	18	17	18	18
LOC_1886	18	18	18	18	18
LOC_1887	16	17	15	15	17
LOC_1888	22	22	22	23	22
LOC_1889	18	15	20	18	18
LOC_1890	17	20	17	18	17
LOC_1891	14	14	14	14	14
LOC_1892	13	13	13	13	13
LOC_1893	20	21	22	21	21
LOC_1894	17	18	17	17	17
LOC_1895	18	18	18	18	18
LOC_1896	22	22	22	22	22
LOC_1897	14	14	13	13	13
LOC_1898	13	14	14	13	14
LOC_1899	16	18	16	16	16
LOC_1900	20	21	20	21	20
LOC_1901	16	16	16	16	16
LOC_1902	18	18	16	16	18
LOC_1903	20	20	20	21	20
LOC_1904	22	21	21	21	21
LOC_1905	20	19	21	21	20
LOC_1906	16	17	17	17	16
LOC_1907	23	25	24	24	21
LOC_1908	21	21	21	21	21
LOC_1909	16	16	16	16	16
LOC_1910	17	16	16	16	16
LOC_1911	17	18	17	18	17
LOC_1912	21	21	22	21	21
LOC_1913	22	22	22	22	22
LOC_1914	20	21	21	21	20
LOC_1915	21	20	19	20	21
LOC_1916	7	6	6	6	8
LOC_1917	20	20	20	20	20
LOC_1918	19	18	18	18	19
LOC_1919	20	21	17	17	20
LOC_1920	22	24	24	26	23
LOC_1921	15	15	15	15	15
LOC_1922	13	13	14	13	13
LOC_1923	20	20	18	18	20
LOC_1924	20	19	20	20	20
LOC_1925	22	21	22	22	22
LOC_1926	17	17	17	17	17
LOC_1927	15	15	15	15	15
LOC_1928	19	19	19	18	19
LOC_1929	23	22	22	23	23
LOC_1930	20	20	22	19	20
LOC_1931	16	15	16	17	16
LOC_1932	14	14	13	13	14
LOC_1933	16	14	15	15	16
LOC_1934	20	20	16	20	20
LOC_1935	18	20	17	17	18
LOC_1936	18	18	18	18	18
LOC_1937	14	14	14	14	14
LOC_1938	19	17	16	18	19
LOC_1939	20	19	20	19	19
LOC_1940	22	22	22	22	22
LOC_1941	12	12	12	12	12
LOC_1942	20	20	19	21	20
LOC_1943	21	20	21	20	21
LOC_1944	23	24	23	21	23
LOC_1945	17	17	17	17	17
LOC_1946	20	23	18	20	20
LOC_1947	20	20	21	20	20
LOC_1948	21	19	14	14	21
LOC_1949	15	15	15	15	15
LOC_1950	29	29	29	32	27
LOC_1951	18	19	21	20	18
LOC_1952	20	20	15	15	20
LOC_1953	20	20	19	19	20
LOC_1954	15	13	13	13	14
LOC_1955	14	13	13	13	14
LOC_1956	13	13	13	14	13
LOC_1957	19	22	21	21	20
LOC_1958	20	21	21	20	20
LOC_1959	17	17	17	17	17
LOC_1960	14	14	16	20	14
LOC_1961	16	18	17	17	16
LOC_1962	19	20	20	20	20
LOC_1963	15	16	16	16	15
LOC_1964	17	18	17	18	18
LOC_1965	14	14	15	14	14
LOC_1966	20	20	20	20	20
LOC_1967	16	16	16	16	16
LOC_1968	20	21	22	21	20
LOC_1969	17	18	18	18	17
LOC_1970	23	23	23	25	23
LOC_1971	18	18	19	19	18
LOC_1972	18	18	19	19	18
LOC_1973	17	18	18	17	18
LOC_1974	14	14	14	14	14
LOC_1975	17	17	16	16	17
LOC_1976	21	21	21	20	21
LOC_1977	14	14	14	14	14
LOC_1978	17	17	16	16	16
LOC_1979	22	20	21	21	22
LOC_1980	14	14	13	14	14
LOC_1981	14	15	15	20	14
LOC_1982	17	17	17	17	17
LOC_1983	20	20	17	19	20
LOC_1984	19	18	19	19	20
LOC_1985	20	21	20	20	20
LOC_1986	15	12	12	13	15
LOC_1987	20	20	22	20	20
LOC_1988	14	13	13	13	13
LOC_1989	20	19	19	19	20
LOC_1990	20	20	19	19	20
LOC_1991	19	21	21	21	20
LOC_1992	19	15	17	17	17
LOC_1993	16	16	16	16	16
LOC_1994	26	28	27	29	27
LOC_1995	21	21	21	21	21
LOC_1996	20	20	20	20	20
LOC_1997	20	20	21	20	20
LOC_1998	19	18	18	20	18
LOC_1999	17	17	18	17	17
LOC_2000	13	14	14	13	13
LOC_2001	17	17	18	19	17
LOC_2002	20	20	20	20	20
LOC_2003	20	19	20	20	20
LOC_2004	23	24	24	24	23
LOC_2005	13	13	13	13	13
LOC_2006	20	20	20	20	20
LOC_2007	20	20	20	21	20
LOC_2008	14	14	14	14	14
LOC_2009	18	18	18	18	18
LOC_2010	19	19	19	19	19
LOC_2011	21	20	20	25	20
LOC_2012	16	16	16	16	16
LOC_2013	20	20	22	21	20
LOC_2014	21	21	21	21	21
LOC_2015	18	17	21	21	19
LOC_2016	19	18	18	17	18
LOC_2017	19	17	18	18	19
LOC_2018	14	15	15	15	15
LOC_2019	20	20	20	20	20
LOC_2020	28	31	29	28	29
LOC_2021	18	18	20	20	18
LOC_2022	18	18	17	17	18
LOC_2023	15	15	17	15	15
LOC_2024	23	23	28	24	23
LOC_2025	16	16	16	16	16
LOC_2026	22	23	22	22	22
LOC_2027	20	20	21	19	20
LOC_2028	14	14	14	12	14
LOC_2029	20	21	20	20	20
LOC_2030	19	18	17	17	17
LOC_2031	17	16	15	15	17
LOC_2032	23	23	23	22	23
LOC_2033	20	22	21	20	20
LOC_2034	19	19	19	19	19
LOC_2035	20	19	20	20	20
LOC_2036	12	13	13	13	13
LOC_2037	20	19	20	20	20
LOC_2038	20	19	19	20	20
LOC_2039	20	20	20	21	20
LOC_2040	21	20	20	20	20
LOC_2041	15	15	14	14	15
LOC_2042	7	8	7	7	7
LOC_2043	18	18	18	18	18
LOC_2044	13	13	13	13	13
LOC_2045	20	19	20	20	20
LOC_2046	17	17	18	17	17
LOC_2047	23	22	23	22	23
LOC_2048	20	20	19	20	20
