names	Run1_C_4	Run1_C_5	Run1_C_8	Run1_C_9	Run1_C_10	Run1_C_11	root
LOC_1	19	19	19	19	19	19	19
LOC_2	21	21	20	19	19	19	20
LOC_3	7	7	7	7	7	7	7
LOC_4	7	8	7	7	7	7	7
LOC_5	7	7	7	7	8	8	7
LOC_6	19	18	16	16	16	16	16
LOC_7	13	13	14	14	13	13	13
LOC_8	20	19	22	22	22	22	22
LOC_9	15	15	15	15	15	15	15
LOC_10	16	17	17	17	17	17	17
LOC_11	23	24	22	22	23	23	23
LOC_12	17	17	17	17	16	17	17
LOC_13	17	17	17	17	17	17	17
LOC_14	19	18	18	19	18	19	18
LOC_15	29	29	29	28	28	27	27
LOC_16	14	14	16	14	14	14	14
LOC_17	15	15	13	15	15	15	15
LOC_18	24	24	22	22	23	22	23
LOC_19	21	20	20	20	21	21	22
LOC_20	14	14	15	15	15	15	15
LOC_21	13	15	14	14	13	13	13
LOC_22	20	21	21	21	21	22	21
LOC_23	16	15	16	16	16	16	16
LOC_24	21	24	23	22	23	23	23
LOC_25	23	22	21	21	21	21	22
LOC_26	15	15	15	15	15	14	15
LOC_27	17	17	17	17	16	16	17
LOC_28	22	22	21	21	22	22	21
LOC_29	23	26	25	25	24	25	25
LOC_30	19	20	21	21	19	19	19
LOC_31	25	24	25	26	26	26	26
LOC_32	20	20	20	20	17	17	20
LOC_33	15	14	15	15	16	15	15
LOC_34	15	15	14	14	14	14	14
LOC_35	20	20	24	24	21	23	19
LOC_36	21	20	25	25	22	22	20
LOC_37	18	20	21	20	20	22	21
LOC_38	16	16	16	16	16	16	16
LOC_39	20	20	21	22	20	20	20
LOC_40	15	15	14	14	14	14	14
LOC_41	21	21	20	21	21	21	21
LOC_42	21	22	21	22	21	21	21
LOC_43	18	17	17	16	17	17	18
LOC_44	18	18	18	18	17	18	18
LOC_45	18	18	19	19	17	18	18
LOC_46	20	21	21	20	18	20	20
LOC_47	15	15	15	15	15	15	15
LOC_48	17	17	19	19	20	20	17
LOC_49	15	14	15	15	15	15	15
LOC_50	16	16	16	16	16	16	16
LOC_51	20	20	20	20	20	21	20
LOC_52	18	19	18	18	18	17	19
LOC_53	24	24	24	25	20	22	23
LOC_54	20	20	22	22	22	22	20
LOC_55	20	20	20	20	20	21	20
LOC_56	19	19	18	19	21	19	19
LOC_57	23	23	23	23	24	24	23
LOC_58	21	21	23	23	24	23	21
LOC_59	8	9	9	9	9	9	9
LOC_60	20	20	20	17	20	20	20
LOC_61	24	24	24	24	24	24	24
LOC_62	19	19	17	17	17	17	18
LOC_63	17	17	17	17	17	17	17
LOC_64	18	19	18	17	17	17	17
LOC_65	17	17	16	17	16	17	17
LOC_66	21	21	20	22	22	21	21
LOC_67	22	22	22	21	22	24	22
LOC_68	15	16	17	17	17	16	16
LOC_69	21	21	22	21	21	21	21
LOC_70	24	24	23	23	23	23	23
LOC_71	16	16	15	16	16	16	16
LOC_72	22	22	21	21	20	20	20
LOC_73	16	19	19	18	19	18	19
LOC_74	22	20	21	22	22	22	22
LOC_75	25	26	24	23	23	23	23
LOC_76	22	22	21	20	22	22	21
LOC_77	14	14	16	13	14	13	14
LOC_78	22	24	22	24	22	22	22
LOC_79	15	15	15	15	15	15	15
LOC_80	26	25	24	25	23	24	24
LOC_81	16	16	17	16	17	17	16
LOC_82	21	21	20	20	20	20	20
LOC_83	18	18	18	18	18	18	18
LOC_84	15	15	16	16	16	16	16
LOC_85	19	21	21	21	21	21	21
LOC_86	16	16	16	16	15	16	16
LOC_87	23	20	19	20	21	21	20
LOC_88	24	22	21	22	22	21	22
LOC_89	27	28	26	26	26	25	26
LOC_90	20	20	21	21	22	21	20
LOC_91	17	17	16	17	15	15	17
LOC_92	19	19	18	19	19	17	19
LOC_93	12	12	12	12	12	12	12
LOC_94	14	12	17	15	15	15	15
LOC_95	13	13	13	13	12	14	13
LOC_96	20	20	19	19	20	20	20
LOC_97	20	20	16	17	18	22	20
LOC_98	15	15	15	15	15	15	15
LOC_99	17	17	16	16	17	17	16
LOC_100	14	14	14	14	13	14	14
LOC_101	21	21	22	23	20	21	21
LOC_102	19	19	18	19	18	18	19
LOC_103	14	14	15	14	14	14	14
LOC_104	21	21	21	21	20	19	21
LOC_105	16	16	16	16	17	16	16
LOC_106	29	29	31	31	27	28	28
LOC_107	15	15	15	15	15	15	15
LOC_108	22	24	25	26	27	23	23
LOC_109	14	14	14	14	14	14	14
LOC_110	16	16	16	16	16	16	16
LOC_111	17	15	15	15	15	15	15
LOC_112	22	26	21	19	21	21	21
LOC_113	14	14	14	14	14	14	14
LOC_114	17	17	17	16	17	17	17
LOC_115	14	14	16	16	14	14	14
LOC_116	14	14	14	14	14	14	14
LOC_117	19	19	19	19	19	19	19
LOC_118	16	16	16	16	16	16	16
LOC_119	25	23	23	23	23	23	23
LOC_120	18	18	18	18	17	18	18
LOC_121	21	18	18	18	18	18	18
LOC_122	18	18	20	19	18	18	19
LOC_123	24	23	25	24	23	20	24
LOC_124	21	21	23	23	21	21	22
LOC_125	29	26	32	31	30	29	27
LOC_126	14	14	16	17	14	13	14
LOC_127	22	21	22	22	22	22	22
LOC_128	20	22	20	20	19	19	20
