names	Run1_C_7	Run1_C_8	Run1_C_12	Run1_C_14	Run1_C_15	Run1_C_17	Run1_C_18	Run1_C_19	Run1_C_20	Run1_C_21	Run1_C_22	Run1_C_23	root
LOC_1	19	19	17	19	20	20	19	20	17	18	19	18	19
LOC_2	20	22	21	20	20	20	21	18	21	19	19	20	20
LOC_3	7	7	7	7	7	7	7	7	7	7	7	7	7
LOC_4	7	7	7	7	7	7	6	7	6	7	7	7	7
LOC_5	7	7	7	7	7	6	7	7	7	7	6	6	7
LOC_6	16	16	18	16	16	16	16	17	18	18	17	16	16
LOC_7	13	14	13	13	13	13	13	13	13	13	13	13	13
LOC_8	23	23	22	22	22	22	22	24	22	22	21	21	22
LOC_9	15	17	18	17	17	16	18	18	18	18	16	16	15
LOC_10	17	17	17	16	17	18	17	17	17	18	17	17	17
LOC_11	21	24	22	24	26	21	21	23	23	21	22	21	23
LOC_12	20	18	17	17	15	20	17	17	17	17	21	20	17
LOC_13	20	17	17	17	16	17	18	17	17	17	17	18	17
LOC_14	18	18	18	17	17	18	18	18	18	18	23	19	18
LOC_15	26	27	25	25	25	25	24	24	26	25	25	25	27
LOC_16	14	14	12	13	14	14	12	12	12	12	14	14	14
LOC_17	15	14	15	15	15	13	15	15	15	15	13	13	15
LOC_18	22	23	19	23	23	23	23	22	19	21	23	24	23
LOC_19	23	22	23	23	23	26	22	22	23	23	25	27	22
LOC_20	16	15	15	15	15	14	17	15	15	15	13	14	15
LOC_21	13	13	13	13	13	12	13	13	13	13	13	14	13
LOC_22	21	23	22	21	22	21	19	20	19	20	21	21	21
LOC_23	16	16	16	16	16	16	15	15	16	16	16	16	16
LOC_24	22	23	23	25	22	23	20	21	23	24	22	20	23
LOC_25	22	21	22	21	21	23	23	23	23	22	22	22	22
LOC_26	15	15	15	15	15	15	15	15	15	15	15	15	15
LOC_27	16	17	19	18	18	16	18	20	19	19	16	16	17
LOC_28	20	20	17	21	21	21	18	19	19	19	21	21	21
LOC_29	25	25	24	23	23	26	21	21	23	23	27	26	25
LOC_30	19	19	20	18	19	19	19	19	20	19	19	20	19
LOC_31	26	27	29	28	28	26	27	28	26	28	27	28	26
LOC_32	20	20	21	20	20	20	20	20	22	23	19	20	20
LOC_33	15	13	15	13	13	15	15	15	15	15	15	15	15
LOC_34	14	13	14	13	13	14	14	14	14	14	14	14	14
LOC_35	19	19	18	19	19	19	20	19	19	19	19	19	19
LOC_36	20	20	18	20	20	20	20	20	18	18	20	19	20
LOC_37	22	24	23	23	23	22	23	23	24	24	23	22	21
LOC_38	16	18	18	20	20	16	17	21	18	18	16	16	16
LOC_39	20	20	20	20	21	20	20	20	19	20	20	20	20
LOC_40	14	13	14	13	13	14	15	16	16	15	14	14	14
LOC_41	20	20	22	22	19	21	23	21	22	21	21	21	21
LOC_42	21	23	20	22	21	17	23	20	19	18	19	19	21
LOC_43	18	18	19	19	18	18	19	19	19	19	18	18	18
LOC_44	18	18	18	18	18	18	18	18	18	18	18	18	18
LOC_45	18	19	19	18	18	18	19	19	19	19	18	18	18
LOC_46	20	19	20	19	19	20	23	18	20	20	20	20	20
LOC_47	15	14	14	14	16	15	14	14	14	14	15	15	15
LOC_48	19	17	16	18	17	19	18	19	16	16	18	18	17
LOC_49	15	17	16	16	13	15	15	15	16	16	15	15	15
LOC_50	16	16	16	15	17	16	16	15	16	16	15	16	16
LOC_51	22	20	22	20	20	22	19	20	23	22	22	23	20
LOC_52	19	20	18	20	20	19	17	14	18	19	19	21	19
LOC_53	23	23	23	19	20	23	22	22	26	22	24	23	23
LOC_54	21	20	20	22	22	21	20	19	21	20	21	20	20
LOC_55	20	20	20	20	20	20	20	20	21	21	20	19	20
LOC_56	20	23	18	24	22	21	19	21	18	19	20	20	19
LOC_57	23	23	23	20	23	25	25	25	22	24	23	21	23
LOC_58	20	21	21	21	21	23	21	21	22	22	23	22	21
LOC_59	9	9	9	9	10	9	9	9	9	9	9	9	9
LOC_60	20	20	20	20	20	20	20	19	20	20	19	19	20
LOC_61	24	24	25	24	23	24	24	24	25	25	23	23	24
LOC_62	19	19	18	20	20	16	17	18	18	18	19	19	18
LOC_63	17	17	16	17	17	17	17	17	16	16	18	17	17
LOC_64	18	16	17	17	17	17	17	17	17	18	18	18	17
LOC_65	17	18	18	18	18	18	18	18	18	18	18	18	17
LOC_66	21	23	19	21	21	22	19	19	18	19	25	22	21
LOC_67	22	22	19	22	20	24	22	22	22	22	24	24	22
LOC_68	16	16	15	16	16	14	14	14	15	15	16	16	16
LOC_69	20	24	22	22	22	21	22	22	22	22	22	20	21
LOC_70	24	20	23	23	24	27	23	23	21	22	30	27	23
LOC_71	17	16	16	16	15	17	15	15	16	16	17	17	16
LOC_72	20	23	20	20	20	23	20	21	20	20	20	20	20
LOC_73	19	19	20	19	19	20	18	18	20	20	19	18	19
LOC_74	21	23	26	22	22	21	24	23	23	23	20	20	22
LOC_75	22	23	22	25	25	20	22	20	22	22	23	24	23
LOC_76	21	20	22	19	19	21	21	20	22	21	21	21	21
LOC_77	14	14	13	15	15	14	16	14	15	14	11	11	14
LOC_78	23	20	23	25	26	21	23	24	24	27	25	26	22
LOC_79	16	15	15	15	15	13	15	15	13	13	14	14	15
LOC_80	24	24	24	25	27	23	25	25	26	30	24	23	24
LOC_81	16	16	15	16	16	16	17	17	18	18	16	16	16
LOC_82	19	20	20	20	20	20	22	20	20	20	20	20	20
LOC_83	18	18	18	20	21	17	18	18	18	20	15	17	18
LOC_84	17	16	17	16	16	21	16	16	16	16	21	24	16
LOC_85	21	20	20	21	21	22	20	20	20	20	24	22	21
LOC_86	16	16	16	16	16	16	19	18	16	16	16	16	16
LOC_87	21	20	20	22	20	22	20	21	21	21	22	22	20
LOC_88	22	23	20	22	23	20	20	20	19	19	21	19	22
LOC_89	26	27	24	26	26	27	23	21	24	23	25	26	26
LOC_90	20	20	21	21	19	20	21	21	22	21	20	20	20
LOC_91	16	16	16	16	16	16	16	16	18	18	18	16	17
LOC_92	20	20	22	19	19	19	19	20	21	21	19	19	19
LOC_93	11	12	13	12	13	11	12	12	13	13	10	11	12
LOC_94	15	15	15	15	15	15	15	15	15	15	15	15	15
LOC_95	13	14	13	13	14	13	13	13	12	13	13	13	13
LOC_96	20	20	21	21	17	21	19	20	20	21	21	22	20
LOC_97	21	22	20	21	20	21	20	20	20	20	21	21	20
LOC_98	15	15	15	15	15	16	15	15	15	14	16	16	15
LOC_99	16	15	17	14	16	16	17	17	17	17	17	16	16
LOC_100	14	13	14	14	14	14	14	14	14	14	15	15	14
LOC_101	22	20	20	21	21	21	22	22	20	20	21	21	21
LOC_102	20	19	20	19	19	20	19	19	20	20	19	18	19
LOC_103	16	15	15	10	10	16	15	15	16	15	15	17	14
LOC_104	20	22	22	22	22	22	20	21	24	23	21	21	21
LOC_105	17	13	13	13	13	14	13	13	13	13	17	17	16
LOC_106	28	28	26	27	28	30	27	27	30	29	28	28	28
LOC_107	15	15	15	14	15	15	15	15	17	17	15	15	15
LOC_108	22	24	23	23	23	22	23	24	24	23	22	22	23
LOC_109	14	14	14	14	14	15	13	14	14	14	14	14	14
LOC_110	16	15	16	15	15	16	16	17	15	16	16	16	16
LOC_111	14	16	16	16	15	14	16	16	16	16	14	14	15
LOC_112	21	22	20	23	23	21	21	22	20	20	20	21	21
LOC_113	14	14	14	14	14	14	12	14	16	16	14	14	14
LOC_114	20	17	17	17	17	17	17	16	17	17	17	17	17
LOC_115	14	14	16	14	14	14	14	14	14	14	14	14	14
LOC_116	14	14	14	12	14	14	14	14	14	14	14	14	14
LOC_117	19	16	19	16	16	19	19	18	19	19	20	20	19
LOC_118	17	16	16	16	16	17	16	16	14	14	17	17	16
LOC_119	23	23	26	22	22	22	22	22	25	25	23	23	23
LOC_120	18	17	22	18	18	16	19	18	22	21	19	17	18
LOC_121	19	17	17	17	17	19	17	18	17	17	18	18	18
LOC_122	21	20	21	20	20	21	20	21	20	20	22	21	19
LOC_123	24	25	26	27	24	24	26	25	25	25	24	24	24
LOC_124	22	22	23	22	22	21	23	23	24	25	21	21	22
LOC_125	24	29	30	30	30	21	28	27	26	28	22	21	27
LOC_126	13	14	16	14	14	13	14	15	15	15	13	13	14
LOC_127	25	22	20	23	23	24	22	20	20	20	24	24	22
LOC_128	24	20	20	19	19	22	20	20	20	20	22	22	20
LOC_129	20	19	17	19	19	19	21	22	18	18	17	19	19
LOC_130	22	23	23	23	23	26	22	22	24	24	26	27	24
LOC_131	15	17	14	17	17	16	17	17	17	17	18	16	15
LOC_132	21	25	23	25	24	21	23	23	22	25	21	21	21
LOC_133	23	24	21	23	23	22	21	25	21	21	21	22	22
LOC_134	25	22	22	22	22	28	23	22	22	22	24	28	23
LOC_135	14	14	14	14	14	14	14	14	14	14	14	13	14
LOC_136	15	17	15	16	16	15	15	14	15	12	15	15	15
LOC_137	24	25	24	24	24	23	26	26	23	23	26	25	24
LOC_138	20	23	22	22	22	21	27	24	25	22	24	24	21
LOC_139	17	17	17	17	16	19	17	17	18	18	19	19	17
LOC_140	17	17	17	15	17	17	12	17	17	17	17	17	17
LOC_141	15	16	15	16	16	15	15	15	16	16	15	15	15
LOC_142	26	29	30	30	30	26	32	28	30	30	26	27	27
LOC_143	21	21	20	19	20	24	20	20	20	21	24	26	21
LOC_144	16	15	15	15	15	16	15	15	17	16	16	17	16
LOC_145	20	20	20	20	20	21	20	20	19	22	20	19	20
LOC_146	22	22	20	20	22	22	20	20	20	20	22	22	20
LOC_147	21	21	22	21	21	21	20	19	22	23	23	21	21
LOC_148	17	14	11	14	14	14	12	12	11	11	17	17	14
LOC_149	18	18	18	18	18	18	18	18	19	19	15	15	18
LOC_150	15	15	16	16	17	16	16	15	15	18	15	15	15
LOC_151	16	16	16	15	16	16	15	16	16	16	16	16	16
LOC_152	20	21	20	20	20	22	21	21	21	21	22	22	20
LOC_153	20	20	19	20	22	20	20	22	19	20	20	19	20
LOC_154	18	19	20	20	20	20	20	20	19	19	20	20	18
LOC_155	22	24	29	28	27	22	33	30	28	28	22	22	21
LOC_156	18	17	21	17	17	17	17	17	19	21	19	17	17
LOC_157	17	19	19	17	19	17	17	17	19	19	18	18	17
LOC_158	22	23	22	23	23	22	22	24	22	21	22	24	22
LOC_159	17	15	15	15	15	18	15	15	15	15	17	18	15
LOC_160	19	21	19	19	19	20	19	19	19	19	19	19	19
LOC_161	21	23	20	20	21	23	21	21	20	21	23	23	21
LOC_162	21	20	19	21	20	20	20	20	22	22	18	18	20
LOC_163	18	19	20	20	20	18	18	19	20	20	18	18	18
LOC_164	22	20	19	19	22	22	19	19	20	20	22	26	20
LOC_165	15	15	15	15	17	16	15	15	15	15	16	16	15
LOC_166	18	18	16	17	17	17	14	14	17	18	17	17	17
LOC_167	15	16	16	16	16	15	17	17	16	16	15	15	16
LOC_168	30	32	26	29	28	26	27	27	23	22	25	27	28
LOC_169	23	22	23	22	22	23	24	25	23	23	23	23	23
LOC_170	19	19	20	19	19	20	20	20	21	20	20	18	19
LOC_171	23	23	23	22	23	24	23	23	23	22	25	25	23
LOC_172	22	19	23	20	20	22	22	22	22	23	22	22	22
LOC_173	16	16	16	16	16	16	16	16	16	16	16	17	16
LOC_174	22	23	22	23	23	21	23	21	20	22	21	21	22
LOC_175	29	27	23	28	26	28	22	23	23	23	27	30	27
LOC_176	15	14	14	14	14	14	14	14	14	14	14	14	14
LOC_177	26	24	24	24	22	27	22	24	25	26	29	31	24
LOC_178	24	23	18	23	23	23	23	23	17	18	23	23	23
LOC_179	23	22	22	20	21	23	23	22	23	22	23	23	23
LOC_180	22	22	22	22	22	22	22	22	22	22	22	23	22
LOC_181	19	19	15	18	18	21	16	16	15	15	19	19	18
LOC_182	24	23	21	25	23	22	25	25	16	21	22	22	23
LOC_183	24	24	24	24	26	25	28	27	25	25	24	26	25
LOC_184	16	16	16	16	16	16	17	15	16	16	16	16	16
LOC_185	20	20	18	20	20	20	21	20	20	20	20	20	20
LOC_186	16	16	18	18	16	16	17	17	16	16	16	16	16
LOC_187	20	23	24	23	21	21	22	22	21	21	22	22	21
LOC_188	26	24	27	28	25	27	24	25	25	23	26	27	25
LOC_189	15	14	14	14	14	15	16	16	14	14	18	16	14
LOC_190	23	23	22	21	19	23	22	23	23	24	22	21	22
LOC_191	17	17	17	17	17	15	17	17	18	18	16	15	17
LOC_192	21	18	18	18	18	21	18	18	18	18	21	23	21
LOC_193	16	15	15	15	15	14	14	15	15	15	14	11	15
LOC_194	18	18	21	18	18	18	18	18	19	18	18	19	18
LOC_195	18	19	18	19	19	18	18	18	18	18	18	20	18
LOC_196	24	23	22	23	23	25	22	18	21	21	26	27	22
LOC_197	21	22	21	21	21	20	20	23	22	22	21	19	21
LOC_198	28	27	24	26	27	28	25	26	25	25	27	27	27
LOC_199	14	14	15	14	13	14	15	14	16	18	15	14	14
LOC_200	23	21	22	22	19	22	23	21	22	22	22	22	23
LOC_201	24	27	23	26	26	26	24	24	25	23	27	27	24
LOC_202	17	16	17	16	16	16	16	17	16	17	17	17	17
LOC_203	17	17	18	16	16	18	19	19	18	19	18	18	18
LOC_204	16	18	17	18	18	19	18	18	17	17	20	20	18
LOC_205	15	13	13	13	13	15	13	13	13	13	15	14	14
LOC_206	22	19	20	21	20	23	19	19	20	21	22	22	20
LOC_207	14	12	13	16	15	14	14	14	13	13	14	14	14
LOC_208	14	14	14	15	15	14	14	16	14	14	14	14	14
LOC_209	17	18	19	18	18	17	21	18	19	19	17	18	17
LOC_210	22	24	21	24	24	23	21	21	21	21	23	23	22
LOC_211	23	23	24	23	22	23	23	25	22	22	25	24	24
LOC_212	25	23	25	21	21	24	23	24	24	25	24	24	24
LOC_213	19	20	20	20	21	19	21	21	20	21	19	19	19
LOC_214	17	18	19	18	18	17	18	18	19	19	17	17	17
LOC_215	19	16	16	16	16	19	16	16	21	22	20	20	16
LOC_216	20	21	19	20	20	19	20	19	20	20	19	20	20
LOC_217	25	27	27	23	23	25	27	28	26	28	26	26	25
LOC_218	18	17	18	18	17	19	17	17	16	17	16	19	17
LOC_219	15	15	15	17	17	16	14	15	15	16	17	17	15
LOC_220	18	18	16	18	18	19	17	17	20	20	19	19	18
LOC_221	24	23	24	21	19	25	23	25	23	23	26	26	24
LOC_222	27	27	24	27	29	28	29	28	25	25	31	27	28
LOC_223	14	14	14	13	13	13	14	14	14	14	14	14	14
LOC_224	17	15	16	16	16	17	16	21	15	16	17	16	16
LOC_225	27	21	21	21	22	23	21	20	20	20	22	23	21
LOC_226	16	17	16	16	16	15	16	16	17	17	16	17	16
LOC_227	7	7	7	7	7	7	7	7	7	7	7	7	7
LOC_228	16	16	16	16	17	16	16	18	16	16	16	16	16
LOC_229	17	16	15	16	16	17	15	16	14	14	17	17	17
LOC_230	19	20	20	20	22	18	18	18	20	20	17	18	19
LOC_231	19	19	18	19	19	18	20	19	17	18	19	18	19
LOC_232	18	17	20	17	17	18	16	16	17	16	18	18	18
LOC_233	17	15	14	15	15	18	13	15	11	11	18	19	15
LOC_234	16	15	15	16	16	15	15	15	18	14	15	15	15
LOC_235	22	23	22	24	23	23	23	22	23	22	22	25	22
LOC_236	17	18	18	17	18	19	18	17	17	20	16	18	17
LOC_237	20	20	19	18	20	20	19	20	19	19	20	20	20
LOC_238	21	21	21	21	20	22	22	22	21	21	21	20	21
LOC_239	22	22	23	20	19	22	22	23	19	21	22	22	22
LOC_240	17	14	14	14	14	21	14	15	12	12	21	21	14
LOC_241	17	20	21	20	20	18	21	19	21	23	18	18	18
LOC_242	17	16	15	16	16	17	15	15	15	15	17	17	17
LOC_243	19	17	20	19	18	21	18	18	22	22	20	19	19
LOC_244	14	14	13	14	14	14	13	16	13	13	14	14	14
LOC_245	25	24	25	25	26	24	24	24	24	23	22	23	24
LOC_246	21	25	23	24	24	25	23	22	21	22	24	22	24
LOC_247	16	17	17	16	16	16	18	16	18	17	15	15	16
LOC_248	18	17	13	19	18	18	13	13	13	13	18	18	18
LOC_249	23	26	25	26	25	23	26	27	23	23	25	24	24
LOC_250	27	27	23	25	27	29	22	23	23	23	27	28	27
LOC_251	16	17	17	17	17	17	16	16	17	17	17	17	17
LOC_252	23	22	21	22	22	24	22	22	23	23	24	24	22
LOC_253	14	14	15	14	14	14	14	14	15	15	14	14	14
LOC_254	16	16	16	16	16	16	16	16	15	16	16	15	16
LOC_255	23	25	23	25	25	22	22	22	22	22	23	23	23
LOC_256	20	19	19	19	19	20	19	23	19	19	19	19	19
LOC_257	20	20	20	20	20	20	25	20	21	20	20	21	20
LOC_258	13	13	12	13	13	13	12	12	11	11	12	13	13
LOC_259	18	17	21	17	17	20	22	21	20	21	20	20	20
LOC_260	23	23	20	23	20	23	20	20	20	20	23	22	22
LOC_261	16	15	15	16	16	15	15	15	15	15	15	15	15
LOC_262	13	13	13	14	15	13	13	13	13	13	13	13	13
LOC_263	16	16	16	16	16	16	16	16	16	16	16	16	16
LOC_264	23	20	24	19	20	22	20	21	22	22	23	22	22
LOC_265	24	23	22	24	24	27	22	24	24	24	25	25	24
LOC_266	19	19	19	19	18	19	20	19	21	20	19	19	19
LOC_267	18	19	19	20	19	16	18	18	19	19	18	18	18
LOC_268	17	18	18	18	18	18	18	20	19	19	17	17	17
LOC_269	18	16	16	17	17	16	16	16	16	16	16	16	16
LOC_270	19	19	18	20	21	19	21	20	19	19	19	19	19
LOC_271	27	24	24	24	23	27	23	22	25	26	29	26	24
LOC_272	26	27	23	26	28	22	22	23	23	26	22	22	23
LOC_273	24	25	24	25	24	26	23	24	25	25	24	22	24
LOC_274	22	24	23	24	24	22	24	23	24	24	23	22	22
LOC_275	13	15	15	15	15	14	15	15	15	15	13	13	15
LOC_276	20	21	20	21	22	20	21	20	22	21	19	19	20
LOC_277	14	15	14	15	15	13	14	14	14	14	14	14	14
LOC_278	14	14	14	14	14	11	13	14	13	13	11	11	14
LOC_279	14	15	15	16	16	14	15	13	15	19	14	14	15
LOC_280	20	20	21	19	21	20	19	19	21	21	20	20	20
LOC_281	19	21	21	21	22	19	22	23	22	21	19	19	20
LOC_282	17	15	14	15	15	14	14	15	14	14	14	14	15
LOC_283	14	14	15	14	14	15	17	14	14	15	18	18	14
LOC_284	14	14	15	14	14	15	14	14	15	15	15	15	14
LOC_285	29	30	29	28	28	23	26	28	29	30	26	25	29
LOC_286	19	19	21	19	19	19	18	17	20	19	18	18	18
LOC_287	27	29	27	29	29	27	30	32	31	26	31	30	28
LOC_288	16	17	17	17	17	17	17	17	17	17	17	16	17
LOC_289	15	16	17	17	16	15	15	15	16	16	15	15	15
LOC_290	19	19	19	17	17	20	19	17	19	19	20	21	19
LOC_291	18	18	19	18	18	17	19	18	21	19	16	17	18
LOC_292	20	20	16	20	20	19	17	18	18	18	20	20	19
LOC_293	15	16	16	15	15	15	15	15	15	15	15	15	15
LOC_294	23	26	24	27	27	23	26	25	24	24	22	24	25
LOC_295	18	18	19	18	18	19	17	19	16	17	17	17	18
LOC_296	14	14	14	15	14	14	13	13	14	14	14	14	14
LOC_297	15	15	15	14	14	13	16	16	15	15	15	16	15
LOC_298	17	17	16	16	16	17	17	17	16	16	17	15	17
LOC_299	16	16	17	16	15	15	16	16	17	18	16	16	16
LOC_300	18	17	17	17	17	18	17	17	17	17	18	18	17
LOC_301	20	19	20	19	22	20	20	20	22	22	19	20	20
LOC_302	24	24	21	28	25	24	22	22	21	20	23	24	24
LOC_303	19	19	18	20	19	18	18	18	18	18	18	17	18
LOC_304	14	14	15	14	14	14	15	16	15	15	14	14	14
LOC_305	19	18	19	18	18	18	16	17	18	19	18	18	17
LOC_306	25	24	22	27	28	23	26	26	23	23	21	22	26
LOC_307	22	22	20	22	22	21	22	23	21	20	21	23	22
LOC_308	24	22	22	23	23	22	20	20	22	22	22	20	22
LOC_309	21	22	22	22	22	22	24	23	22	22	22	20	22
LOC_310	15	16	15	15	15	15	15	16	14	15	15	15	15
LOC_311	18	17	19	17	17	17	20	20	18	19	17	17	18
LOC_312	18	18	18	18	18	20	18	18	18	18	22	23	18
LOC_313	16	19	14	18	18	16	15	15	15	15	16	16	16
LOC_314	15	15	15	15	15	15	15	15	14	14	15	15	15
LOC_315	17	15	15	14	14	14	15	15	15	17	16	14	15
LOC_316	24	23	22	24	25	24	23	19	22	21	24	23	26
LOC_317	21	21	21	21	21	21	21	21	21	21	21	21	21
LOC_318	21	22	23	23	22	22	23	24	24	23	21	21	22
LOC_319	22	21	21	19	19	22	22	21	23	21	22	22	22
LOC_320	21	20	21	20	23	21	21	20	20	21	20	20	21
LOC_321	16	19	19	19	19	16	18	18	18	19	14	16	16
LOC_322	12	12	12	12	12	12	13	14	12	12	12	12	12
LOC_323	14	14	16	14	14	14	15	14	14	14	14	14	14
LOC_324	21	19	19	19	19	21	20	20	19	19	21	21	21
LOC_325	16	16	16	16	16	16	16	16	16	16	16	16	16
LOC_326	15	16	16	16	16	15	16	16	15	15	15	15	16
LOC_327	15	15	15	15	15	15	16	14	13	15	15	15	15
LOC_328	22	20	20	20	20	22	21	19	21	20	22	23	20
LOC_329	21	23	22	20	23	21	22	22	22	22	22	22	23
LOC_330	22	22	21	22	22	23	21	21	23	21	22	22	22
LOC_331	23	22	23	23	24	23	27	26	22	24	23	23	23
LOC_332	15	17	17	17	17	16	17	17	17	17	15	15	15
LOC_333	14	14	15	14	14	14	14	14	15	15	14	14	14
LOC_334	18	18	18	19	17	18	20	21	18	18	18	18	19
LOC_335	24	21	23	21	20	25	21	22	23	24	26	26	23
LOC_336	24	24	23	24	24	24	23	24	27	25	24	23	24
LOC_337	18	17	22	16	16	18	22	25	22	23	19	19	20
LOC_338	19	19	19	20	20	20	19	19	21	19	19	19	19
LOC_339	17	17	20	18	17	15	18	17	19	19	17	17	17
LOC_340	13	13	12	13	13	13	9	9	12	13	13	13	13
LOC_341	21	20	19	20	18	20	20	20	20	20	18	20	20
LOC_342	12	14	14	14	15	11	13	13	15	14	14	15	14
LOC_343	20	20	21	22	20	21	21	20	21	21	20	21	20
LOC_344	17	16	17	17	20	17	18	17	19	19	17	17	17
LOC_345	15	16	15	15	16	15	15	15	15	15	15	15	15
LOC_346	23	24	24	24	24	23	23	23	24	24	22	22	23
LOC_347	17	19	20	18	19	17	20	20	19	20	17	17	20
LOC_348	20	20	20	20	20	20	20	20	20	20	22	22	20
LOC_349	15	16	15	18	15	15	15	15	15	15	15	15	15
LOC_350	17	19	18	18	18	17	18	18	19	19	17	17	17
LOC_351	25	23	24	24	24	27	25	24	23	23	26	24	26
LOC_352	20	20	18	20	20	20	20	22	19	18	21	20	20
LOC_353	18	18	18	18	18	19	19	19	18	18	18	18	18
LOC_354	15	16	14	18	15	15	16	15	15	17	16	16	15
LOC_355	14	14	14	14	14	14	15	15	14	14	14	14	14
LOC_356	18	17	18	17	17	18	17	17	19	18	18	18	17
LOC_357	15	15	16	17	17	15	16	16	16	16	15	15	16
LOC_358	7	9	7	8	8	7	7	7	7	7	7	7	7
LOC_359	17	21	20	22	21	19	23	22	20	20	19	21	19
LOC_360	21	23	23	23	23	25	23	23	25	26	24	24	24
LOC_361	25	24	23	27	24	27	23	22	24	23	26	25	21
LOC_362	22	21	21	22	22	20	21	21	21	21	21	21	22
LOC_363	8	8	8	8	8	8	8	8	8	8	8	8	8
LOC_364	12	14	14	14	14	14	14	14	14	14	14	14	14
LOC_365	25	26	24	24	25	25	24	24	21	23	23	23	25
LOC_366	17	16	17	17	17	17	17	17	17	17	17	17	17
LOC_367	17	15	16	13	14	16	16	16	14	14	19	19	16
LOC_368	25	24	22	23	22	23	22	23	23	23	23	23	24
LOC_369	28	26	30	25	27	29	28	30	29	28	31	29	28
LOC_370	18	16	16	16	16	20	17	18	16	16	20	21	18
LOC_371	23	23	24	22	23	22	24	23	23	21	22	22	23
LOC_372	21	21	22	21	21	21	20	22	22	22	21	21	21
LOC_373	14	14	14	14	14	13	13	13	12	12	14	14	14
LOC_374	15	15	15	17	16	15	14	14	15	15	15	15	15
LOC_375	18	18	18	18	18	18	18	19	18	18	18	18	18
LOC_376	21	20	19	19	19	20	20	19	21	19	20	20	20
LOC_377	23	26	23	24	24	22	24	25	23	22	21	23	23
LOC_378	23	24	22	24	23	25	23	23	24	23	22	25	23
LOC_379	18	18	17	18	18	18	17	17	18	18	19	19	18
LOC_380	18	17	16	18	17	18	18	17	17	17	19	18	18
LOC_381	14	14	14	14	13	14	15	14	14	14	14	14	14
LOC_382	18	20	19	20	20	17	18	18	18	18	17	18	18
LOC_383	17	17	17	17	18	17	17	17	17	17	19	18	17
LOC_384	14	14	14	14	14	14	14	14	14	14	14	14	14
LOC_385	18	18	18	19	18	18	17	18	20	18	18	20	18
LOC_386	19	19	19	19	19	19	19	20	19	19	19	19	19
LOC_387	17	18	20	18	18	17	18	18	21	20	17	17	17
LOC_388	27	28	29	30	29	24	27	28	28	30	24	25	28
LOC_389	18	23	20	21	22	18	18	18	20	20	19	19	18
LOC_390	7	7	7	7	7	7	6	7	7	7	7	7	7
LOC_391	22	22	22	18	17	23	25	22	22	22	23	22	22
LOC_392	23	22	22	21	22	22	23	24	23	22	23	23	22
LOC_393	15	15	17	15	15	15	13	13	16	16	15	16	15
LOC_394	16	16	16	16	16	16	16	16	16	16	17	16	16
LOC_395	20	20	23	20	20	20	21	21	21	21	21	20	20
LOC_396	17	19	16	19	19	17	17	17	16	16	17	17	17
LOC_397	21	19	19	18	18	19	20	20	20	19	19	19	19
LOC_398	18	17	18	16	17	17	18	18	18	18	18	18	17
LOC_399	30	29	28	30	29	28	28	28	27	29	28	28	29
LOC_400	15	15	15	15	15	15	15	15	15	16	17	15	15
LOC_401	15	13	12	13	13	13	11	12	12	12	13	13	13
LOC_402	14	12	15	12	12	14	15	15	15	15	14	14	14
LOC_403	14	16	16	17	17	14	16	16	16	18	14	13	14
LOC_404	10	10	10	10	10	10	10	10	10	10	10	10	10
LOC_405	16	16	16	15	16	16	16	16	16	16	16	16	16
LOC_406	18	19	16	19	19	19	18	18	16	16	19	19	19
LOC_407	16	18	17	17	19	18	17	17	17	19	17	17	17
LOC_408	14	15	14	14	14	14	17	15	14	14	14	14	14
LOC_409	15	15	15	15	15	14	15	16	16	15	14	13	15
LOC_410	16	16	15	16	15	16	16	16	16	19	16	18	16
LOC_411	14	15	15	15	15	14	15	15	15	15	15	14	14
LOC_412	19	20	19	21	21	22	16	20	19	20	20	20	19
LOC_413	20	22	21	21	21	20	22	22	21	21	21	21	20
LOC_414	17	15	14	16	15	15	14	14	15	14	15	15	15
LOC_415	14	14	14	14	16	14	15	15	15	16	14	14	14
LOC_416	17	17	18	18	17	13	17	17	18	19	15	17	17
LOC_417	14	16	14	16	16	14	16	16	14	14	14	16	14
LOC_418	13	14	14	14	15	13	14	14	14	14	13	13	14
LOC_419	15	13	15	12	12	15	15	15	15	15	15	15	15
LOC_420	13	13	12	13	13	15	13	13	12	12	13	13	13
LOC_421	17	19	19	19	19	17	19	19	19	18	17	17	17
LOC_422	23	25	24	28	25	23	24	25	26	26	23	23	23
LOC_423	9	9	9	9	9	10	9	9	9	9	10	11	9
LOC_424	19	20	20	20	20	20	20	21	20	19	19	19	20
LOC_425	16	17	15	14	17	16	17	17	15	15	17	16	16
LOC_426	17	17	17	17	17	17	17	16	16	16	17	17	17
LOC_427	20	20	20	20	20	20	23	22	20	20	20	20	20
LOC_428	16	17	16	17	17	16	14	16	17	17	16	16	16
LOC_429	19	16	20	16	18	19	17	17	16	18	19	16	19
LOC_430	18	19	19	18	20	20	20	19	19	19	19	19	19
LOC_431	18	19	19	19	17	18	20	21	19	19	18	19	19
LOC_432	13	13	13	15	15	14	13	13	14	13	14	14	14
LOC_433	23	23	22	23	23	23	22	22	21	21	22	22	23
LOC_434	19	20	20	20	20	20	20	19	20	20	19	19	19
LOC_435	25	25	25	24	24	26	26	26	24	24	25	24	25
LOC_436	25	22	22	21	21	23	22	23	22	22	23	23	24
LOC_437	22	23	22	21	22	20	21	22	22	23	22	21	22
LOC_438	24	23	17	22	22	22	21	21	21	20	21	19	23
LOC_439	16	16	14	16	16	16	15	15	15	15	16	16	16
LOC_440	21	21	20	21	22	21	24	23	22	21	21	21	20
LOC_441	16	17	16	15	16	16	16	16	16	16	15	16	16
LOC_442	23	19	24	22	22	22	22	23	24	23	22	22	22
LOC_443	18	18	18	18	18	19	18	18	18	18	22	18	18
LOC_444	20	21	24	21	21	19	26	27	25	25	17	19	20
LOC_445	22	23	25	22	22	24	23	24	26	26	25	25	22
LOC_446	17	19	20	20	21	18	16	19	20	20	19	19	18
LOC_447	17	18	17	17	17	17	17	17	17	17	17	18	18
LOC_448	28	26	24	28	29	27	27	26	26	27	29	27	28
LOC_449	17	18	19	17	18	16	18	18	18	18	17	18	17
LOC_450	20	20	21	20	20	20	20	20	22	21	20	20	20
LOC_451	14	15	15	15	15	14	14	14	15	15	14	14	14
LOC_452	18	19	19	19	17	19	19	19	19	19	20	19	19
LOC_453	18	18	17	18	18	18	16	17	17	17	18	18	18
LOC_454	17	22	22	20	20	22	21	22	24	23	19	21	21
LOC_455	16	16	18	16	16	16	16	16	16	16	16	16	16
LOC_456	15	12	13	12	12	14	14	14	13	13	12	12	15
LOC_457	22	21	21	20	20	22	25	24	22	21	22	22	22
LOC_458	16	16	16	15	16	16	16	16	15	16	17	16	16
LOC_459	7	7	7	7	7	7	7	7	7	7	7	7	7
LOC_460	18	18	17	18	18	16	18	17	17	17	16	16	18
LOC_461	14	17	14	17	18	14	15	16	14	14	14	14	14
LOC_462	21	22	21	21	21	22	20	20	20	21	24	21	21
LOC_463	24	25	27	25	24	24	26	23	25	25	23	23	25
LOC_464	19	18	18	17	17	19	17	18	17	18	19	19	18
LOC_465	23	24	22	22	22	25	22	23	23	22	23	23	25
LOC_466	25	26	23	24	27	25	24	26	23	24	25	23	24
LOC_467	20	20	18	21	19	20	16	19	19	19	20	20	19
LOC_468	14	14	13	14	14	14	13	13	13	13	14	14	14
LOC_469	25	25	22	25	25	24	23	24	22	24	24	24	23
LOC_470	24	23	23	23	23	25	23	26	22	22	22	22	23
LOC_471	19	18	19	19	19	21	18	18	16	18	22	22	19
LOC_472	16	16	16	16	17	15	14	15	17	16	15	15	16
LOC_473	21	20	20	19	19	21	20	20	20	20	21	21	21
LOC_474	15	15	15	15	16	15	15	15	15	15	16	16	15
LOC_475	16	16	16	16	16	16	16	16	16	16	16	17	16
LOC_476	16	16	16	16	16	18	16	16	16	16	18	18	16
LOC_477	19	19	19	19	19	19	19	19	19	18	19	19	19
LOC_478	15	16	17	16	16	15	16	16	18	17	15	15	16
LOC_479	17	17	17	18	16	17	17	17	17	18	17	18	17
LOC_480	18	18	17	19	18	17	17	17	18	17	19	22	17
LOC_481	16	16	16	16	16	16	16	16	16	16	16	18	16
LOC_482	17	17	19	17	17	17	13	14	17	18	17	16	17
LOC_483	22	23	26	23	23	22	25	26	25	24	22	22	24
LOC_484	25	25	27	24	25	24	24	24	27	28	23	22	25
LOC_485	17	17	17	19	19	17	17	17	17	17	16	16	17
LOC_486	23	23	23	25	23	23	24	24	23	23	25	23	23
LOC_487	17	15	14	15	15	17	14	14	14	14	18	17	17
LOC_488	21	23	22	22	21	23	23	23	22	22	23	23	23
LOC_489	18	20	18	18	18	17	19	19	19	19	16	16	18
LOC_490	14	14	14	14	14	14	14	14	14	14	14	14	14
LOC_491	24	24	21	19	19	23	20	20	21	21	21	21	21
LOC_492	17	18	21	20	21	20	21	21	22	22	20	20	20
LOC_493	26	27	29	27	26	26	28	28	29	29	25	25	27
LOC_494	17	17	15	18	20	19	13	13	16	16	17	17	17
LOC_495	24	25	25	27	27	22	23	23	25	25	23	24	23
LOC_496	22	21	20	21	21	22	22	21	21	22	22	22	22
LOC_497	20	20	23	22	19	21	17	18	20	19	20	20	20
LOC_498	8	9	9	9	9	8	7	7	9	9	8	8	8
LOC_499	21	22	19	22	21	21	21	20	19	19	21	21	21
LOC_500	19	19	21	19	19	19	21	21	20	20	18	18	19
LOC_501	17	17	17	17	17	20	17	18	18	17	21	20	17
LOC_502	27	29	27	29	29	30	26	28	26	27	27	30	27
LOC_503	7	7	10	7	7	7	7	7	7	7	7	7	7
LOC_504	15	14	15	14	14	15	15	15	16	15	15	15	15
LOC_505	21	21	23	21	21	19	21	21	24	24	18	18	21
LOC_506	14	14	15	14	14	15	16	15	15	15	14	14	14
LOC_507	14	14	14	14	14	14	14	14	14	14	15	15	14
LOC_508	18	19	18	21	19	18	19	18	17	18	18	19	18
LOC_509	20	19	23	18	19	18	20	19	20	20	19	19	19
LOC_510	19	21	21	24	20	19	20	21	20	20	19	20	20
LOC_511	20	20	20	19	19	22	21	20	20	21	22	22	20
LOC_512	20	23	20	21	24	20	19	19	20	20	20	20	23
LOC_513	16	16	16	16	16	16	16	16	16	16	16	16	16
LOC_514	14	14	15	14	14	13	15	15	15	15	14	14	14
LOC_515	18	20	18	22	19	19	18	18	18	21	18	18	18
LOC_516	18	18	20	19	18	18	18	18	19	19	19	18	18
LOC_517	19	19	21	15	15	19	19	19	21	21	20	19	19
LOC_518	22	21	22	24	24	22	22	22	21	21	22	24	21
LOC_519	17	17	17	19	17	18	17	15	17	17	17	17	17
LOC_520	21	20	22	21	20	20	20	20	21	21	19	21	20
LOC_521	16	16	15	16	17	15	16	16	17	16	15	15	16
LOC_522	19	19	19	19	19	19	19	18	18	18	19	19	19
LOC_523	18	18	19	18	19	18	18	18	20	20	19	18	18
LOC_524	22	22	22	23	22	22	21	21	22	22	24	22	22
LOC_525	18	15	16	15	15	18	15	17	16	16	17	17	18
LOC_526	14	13	12	14	15	14	14	14	13	13	14	14	14
LOC_527	18	18	18	18	18	18	18	18	18	18	18	18	18
LOC_528	18	17	17	17	17	18	18	18	17	17	18	18	18
LOC_529	17	16	14	16	16	15	16	16	16	16	17	17	16
LOC_530	15	14	14	14	15	14	14	14	14	14	14	14	14
LOC_531	25	23	21	25	23	24	21	21	22	21	23	24	22
LOC_532	16	16	16	15	16	15	16	16	16	16	17	18	16
LOC_533	21	19	18	18	18	21	18	16	18	18	21	22	19
LOC_534	18	18	17	18	18	21	19	19	18	18	21	22	18
LOC_535	20	22	22	25	24	21	22	21	22	22	21	21	20
LOC_536	16	15	17	15	15	16	14	14	16	16	16	16	16
LOC_537	21	21	21	20	19	21	21	23	21	21	20	20	21
LOC_538	21	21	21	21	21	21	21	19	21	20	21	21	21
LOC_539	28	31	30	31	28	29	30	31	31	33	30	30	30
LOC_540	26	25	26	31	34	26	29	27	25	26	30	26	27
LOC_541	14	14	14	14	14	14	15	15	14	14	14	14	14
LOC_542	17	17	17	17	17	17	17	17	18	18	20	18	17
LOC_543	20	20	22	21	20	21	20	21	23	24	20	20	20
LOC_544	12	13	12	12	12	11	13	12	12	12	12	12	12
LOC_545	17	17	17	17	17	17	16	17	17	17	16	16	17
LOC_546	18	18	17	18	18	18	19	20	20	20	18	18	18
LOC_547	23	21	24	23	21	21	24	23	25	22	21	21	22
LOC_548	28	29	28	31	30	30	28	29	30	26	28	27	28
LOC_549	16	16	15	15	15	16	15	15	15	15	16	16	16
LOC_550	26	28	24	25	25	25	25	25	23	24	26	26	24
LOC_551	15	15	15	15	15	14	15	14	16	15	15	15	15
LOC_552	17	16	16	16	16	16	16	16	16	16	17	17	16
LOC_553	18	18	18	18	18	18	18	18	18	18	18	18	18
LOC_554	14	15	15	15	15	14	15	15	15	15	14	14	14
LOC_555	22	25	23	22	22	22	23	25	22	21	22	21	22
LOC_556	20	17	17	17	17	19	17	17	17	17	18	18	17
LOC_557	21	22	20	24	22	21	21	22	19	19	20	20	21
LOC_558	16	15	17	15	15	16	16	16	17	17	16	16	18
LOC_559	17	16	15	16	16	16	15	15	15	16	18	16	16
LOC_560	19	22	21	22	22	20	21	21	24	26	20	20	21
LOC_561	22	23	22	24	23	24	24	22	19	19	24	24	24
LOC_562	21	22	22	22	22	22	23	24	23	23	26	23	22
LOC_563	26	28	28	26	27	25	30	28	27	27	24	26	27
LOC_564	18	17	16	18	18	20	18	18	18	18	18	18	18
LOC_565	19	19	18	19	19	20	18	18	18	15	20	20	19
LOC_566	15	14	16	15	15	16	16	16	18	16	15	15	15
LOC_567	26	23	23	24	24	20	22	23	21	22	23	22	23
LOC_568	19	18	18	18	18	18	19	19	18	18	19	19	18
LOC_569	19	16	17	16	14	17	17	17	17	17	17	17	17
LOC_570	19	18	19	18	19	19	17	17	19	19	19	14	19
LOC_571	17	17	17	17	17	18	17	19	18	18	17	12	17
LOC_572	17	19	18	19	19	17	17	17	19	19	17	17	17
LOC_573	22	19	19	19	18	18	20	20	20	20	21	19	19
LOC_574	21	22	20	21	21	21	19	19	20	20	21	22	21
LOC_575	17	17	17	17	17	17	17	17	17	17	17	17	17
LOC_576	18	18	19	17	18	19	21	20	18	18	19	19	18
LOC_577	13	12	10	12	12	13	12	12	10	10	12	12	12
LOC_578	13	14	14	14	14	14	15	15	14	14	13	13	14
LOC_579	19	17	20	21	21	20	20	21	20	20	19	19	20
LOC_580	14	14	16	14	14	14	14	14	14	14	13	13	14
LOC_581	18	18	18	18	18	19	17	17	21	18	22	20	18
LOC_582	18	18	18	18	19	18	18	18	19	20	20	20	18
LOC_583	14	14	14	14	14	14	14	14	14	14	14	14	14
LOC_584	18	22	20	24	23	18	21	21	20	20	18	18	20
LOC_585	15	14	14	14	14	15	14	14	14	15	16	15	14
LOC_586	20	18	17	18	18	21	15	16	18	18	21	22	20
LOC_587	12	12	12	12	12	12	12	12	12	12	12	12	12
LOC_588	28	27	27	24	25	27	22	22	29	27	27	27	28
LOC_589	8	8	9	8	8	8	8	9	8	8	8	8	8
LOC_590	14	14	14	14	14	15	14	14	14	14	13	13	14
LOC_591	16	17	17	17	18	17	17	17	16	17	16	15	17
LOC_592	11	11	11	12	12	11	11	11	11	11	12	12	11
LOC_593	14	15	15	16	16	14	14	15	15	15	14	14	14
LOC_594	26	31	24	26	27	27	24	25	27	28	27	28	26
LOC_595	18	18	16	18	18	20	19	19	19	17	22	19	18
LOC_596	26	27	24	26	25	24	27	27	26	27	23	25	26
LOC_597	20	19	20	20	20	20	19	19	20	19	19	19	20
LOC_598	21	23	21	20	20	20	23	23	20	20	19	19	21
LOC_599	28	32	25	30	29	28	29	29	25	25	27	29	29
LOC_600	24	23	25	26	26	24	24	24	26	26	25	25	26
LOC_601	14	15	14	15	15	14	14	14	12	14	14	14	14
LOC_602	14	14	15	13	13	14	14	14	14	15	13	14	14
LOC_603	17	19	20	18	18	17	22	20	20	20	18	17	17
LOC_604	26	26	30	27	26	25	24	26	27	28	25	27	26
LOC_605	22	22	22	21	22	22	22	25	23	23	21	22	23
LOC_606	14	14	15	14	14	14	15	14	15	14	14	14	14
LOC_607	19	19	20	17	19	20	19	20	19	19	17	18	19
LOC_608	25	23	20	24	24	24	20	21	19	20	24	24	24
LOC_609	29	31	31	29	26	30	27	25	30	30	31	31	30
LOC_610	16	16	18	16	16	16	16	16	18	18	16	16	16
LOC_611	22	22	23	22	22	23	22	21	23	21	23	21	22
LOC_612	15	15	16	15	16	15	17	17	16	16	15	15	15
LOC_613	29	25	25	25	25	26	25	24	25	25	23	23	27
LOC_614	28	29	30	24	25	28	31	31	34	32	28	27	29
LOC_615	18	19	18	18	18	18	18	18	18	18	18	18	18
LOC_616	24	22	21	22	22	24	22	22	18	18	26	24	22
LOC_617	24	30	26	28	32	27	25	25	23	28	28	27	29
LOC_618	19	19	20	19	19	19	20	20	22	22	17	19	19
LOC_619	21	22	22	21	21	21	21	22	22	22	22	22	21
LOC_620	22	24	24	26	25	22	24	23	24	24	25	22	24
LOC_621	25	22	24	23	24	26	25	26	26	25	26	27	25
LOC_622	22	32	22	26	28	24	22	21	23	26	22	22	23
LOC_623	24	25	24	26	27	22	25	26	23	23	21	23	23
LOC_624	21	20	20	20	20	21	20	20	20	20	21	21	20
LOC_625	14	14	15	14	14	14	14	14	14	14	14	14	14
LOC_626	16	16	17	16	16	16	17	17	17	17	16	16	16
LOC_627	14	16	15	14	15	14	15	15	14	14	14	14	14
LOC_628	17	17	16	18	17	14	17	17	16	16	17	18	17
LOC_629	19	19	19	20	20	20	18	18	19	19	20	20	20
LOC_630	17	16	15	16	16	17	15	15	15	13	17	17	16
LOC_631	19	19	20	19	19	20	18	20	19	20	18	19	19
LOC_632	15	15	18	15	15	16	15	15	19	19	18	16	16
LOC_633	20	19	21	19	19	18	22	21	20	21	19	19	20
LOC_634	22	21	22	22	22	22	22	22	22	22	21	21	22
LOC_635	18	20	16	18	18	18	19	19	16	16	18	18	18
LOC_636	18	17	17	17	17	17	17	19	16	16	17	17	17
LOC_637	16	15	15	15	15	15	15	15	16	15	15	17	15
LOC_638	20	19	16	19	19	18	19	15	16	16	21	18	18
LOC_639	24	24	24	23	23	28	24	22	23	23	27	27	24
LOC_640	19	20	20	20	20	21	20	21	20	20	22	22	20
LOC_641	22	20	20	17	19	22	20	20	21	21	23	22	20
LOC_642	28	26	31	24	25	30	29	29	29	30	28	28	28
LOC_643	22	23	23	23	22	24	22	22	20	20	24	27	22
LOC_644	21	24	22	25	24	22	23	19	22	22	22	22	22
LOC_645	19	19	18	19	19	20	17	18	19	19	20	19	18
LOC_646	15	16	16	16	16	16	16	16	16	16	16	17	16
LOC_647	14	13	14	13	13	14	14	14	14	17	14	14	14
LOC_648	16	16	15	15	15	16	15	15	16	16	16	16	15
LOC_649	17	17	17	16	18	17	17	18	14	14	17	17	17
LOC_650	21	25	25	22	22	27	24	26	26	26	26	23	24
LOC_651	15	15	15	15	15	16	15	15	15	15	16	15	15
LOC_652	16	17	16	20	19	16	13	13	16	16	16	17	16
LOC_653	24	23	27	24	24	24	26	26	26	29	24	23	24
LOC_654	22	23	21	21	21	21	22	21	21	21	21	20	21
LOC_655	24	25	24	24	23	25	23	24	26	27	26	27	24
LOC_656	16	14	14	15	14	16	15	15	14	14	16	16	15
LOC_657	16	16	16	16	17	16	15	16	18	16	16	16	16
LOC_658	26	25	25	28	26	25	26	26	27	26	24	25	25
LOC_659	17	18	19	18	19	18	18	18	18	18	18	18	18
LOC_660	13	16	16	16	16	16	15	16	15	15	16	14	16
LOC_661	9	9	9	9	9	9	9	9	11	9	9	9	9
LOC_662	17	16	16	15	15	16	16	16	16	16	14	15	16
LOC_663	18	18	18	18	18	19	18	18	18	17	18	18	18
LOC_664	27	26	24	24	24	25	21	23	24	25	25	25	26
LOC_665	12	12	12	12	12	12	12	12	12	15	12	12	12
LOC_666	24	23	23	21	21	23	23	23	23	23	25	23	23
LOC_667	16	17	18	18	19	16	14	17	20	18	16	19	17
LOC_668	18	21	23	22	21	18	20	22	22	22	18	18	20
LOC_669	23	24	22	24	23	23	18	20	23	20	23	23	23
LOC_670	12	14	14	15	14	12	14	14	14	14	12	12	14
LOC_671	17	17	16	19	17	16	15	16	15	15	16	16	16
LOC_672	21	20	18	20	21	22	23	25	17	18	22	23	21
LOC_673	21	20	19	20	20	19	20	20	21	19	23	21	21
LOC_674	21	20	24	20	20	20	21	21	23	24	21	21	21
LOC_675	21	18	22	19	19	14	19	20	21	22	19	19	18
LOC_676	20	20	19	22	19	20	20	21	21	21	20	20	20
LOC_677	16	14	16	13	13	15	18	18	16	15	13	13	16
LOC_678	20	23	21	21	22	21	23	20	21	21	20	20	20
LOC_679	15	15	15	15	17	15	15	15	16	15	15	15	15
LOC_680	18	18	18	18	18	18	18	18	18	18	20	20	18
LOC_681	16	16	17	17	17	16	18	18	16	16	17	17	16
LOC_682	14	15	14	14	14	14	14	14	14	14	14	14	14
LOC_683	22	22	22	20	20	25	21	21	21	22	26	25	22
LOC_684	28	26	26	26	22	26	27	25	27	26	28	28	28
LOC_685	21	23	22	24	23	24	21	22	22	23	26	24	23
LOC_686	15	17	16	18	18	15	17	17	15	16	14	14	17
LOC_687	21	23	22	20	20	21	23	21	21	22	22	20	21
LOC_688	23	24	22	23	23	23	20	20	21	21	23	23	24
LOC_689	24	22	23	24	24	23	24	24	23	23	24	24	23
LOC_690	21	22	20	23	22	22	21	20	20	20	21	20	21
LOC_691	20	21	21	20	20	20	21	21	21	21	21	22	20
LOC_692	19	19	19	20	19	19	17	19	18	19	18	18	19
LOC_693	20	20	20	21	20	20	22	22	20	19	19	19	19
LOC_694	14	16	16	16	16	14	17	17	16	16	15	15	16
LOC_695	17	17	18	25	23	17	18	18	18	18	17	17	17
LOC_696	24	20	23	23	22	26	22	22	25	23	25	25	23
LOC_697	23	23	22	23	22	24	21	22	23	25	22	23	22
LOC_698	27	30	29	29	26	26	29	28	28	29	26	27	28
LOC_699	15	15	15	15	15	15	14	14	15	15	15	15	15
LOC_700	17	17	17	17	18	17	17	17	17	19	17	17	17
LOC_701	16	16	16	18	18	16	16	16	16	16	16	16	16
LOC_702	21	19	22	22	21	21	21	21	20	20	21	21	21
LOC_703	29	27	31	27	24	27	27	28	30	29	28	29	29
LOC_704	27	28	26	27	25	26	27	25	26	26	26	31	28
LOC_705	19	19	19	19	19	19	21	21	20	20	19	19	19
LOC_706	21	20	20	21	21	22	20	20	20	20	22	22	21
LOC_707	18	17	19	18	18	18	19	18	19	19	18	18	18
LOC_708	25	29	30	29	30	29	30	30	29	29	27	25	30
LOC_709	26	29	28	30	28	26	32	30	29	28	27	28	29
LOC_710	19	21	20	22	23	19	20	20	20	20	19	19	20
LOC_711	12	14	12	13	12	12	12	12	12	12	12	12	12
LOC_712	25	22	23	21	22	24	26	25	23	23	23	26	23
LOC_713	22	22	22	22	22	22	23	23	19	22	20	22	23
LOC_714	15	15	15	15	15	15	15	15	15	17	15	15	15
LOC_715	16	16	15	16	16	13	16	16	16	16	16	16	16
LOC_716	33	30	28	28	27	29	29	28	28	26	29	29	28
LOC_717	28	27	26	27	26	34	27	29	28	28	28	29	30
LOC_718	17	15	16	15	15	17	15	15	15	15	17	17	17
LOC_719	29	28	25	27	29	27	26	27	25	25	29	28	29
LOC_720	27	29	32	33	31	30	28	29	33	33	30	31	30
LOC_721	29	27	30	28	28	27	29	31	28	28	27	27	28
LOC_722	16	13	13	13	13	18	13	13	13	14	18	17	16
LOC_723	21	21	21	21	20	22	21	21	21	21	21	20	21
LOC_724	30	28	26	27	27	27	28	28	27	27	30	27	28
LOC_725	19	18	21	19	19	21	21	21	21	22	21	21	19
LOC_726	24	21	23	20	19	23	23	24	23	23	23	22	23
LOC_727	21	21	22	20	21	22	21	23	20	22	21	21	21
LOC_728	18	17	19	18	18	20	18	18	20	19	19	19	18
LOC_729	27	24	26	25	25	27	24	24	24	26	26	28	27
LOC_730	28	31	33	31	29	27	32	32	29	32	32	32	30
LOC_731	27	28	29	26	27	28	31	29	28	30	27	25	27
LOC_732	17	17	17	17	18	17	18	17	15	16	15	18	17
LOC_733	23	20	22	20	20	21	21	21	22	22	22	21	22
LOC_734	27	24	28	27	28	27	27	27	28	25	29	27	27
LOC_735	31	29	26	32	29	28	29	28	27	27	27	28	28
LOC_736	20	19	19	19	19	22	21	21	19	19	22	23	20
LOC_737	17	19	18	20	20	17	19	19	17	18	17	16	17
LOC_738	27	26	25	22	24	26	25	26	25	25	27	26	27
LOC_739	16	14	15	15	14	16	15	15	15	15	16	16	16
LOC_740	20	21	22	21	21	21	22	23	22	22	21	21	21
LOC_741	25	27	23	24	22	23	25	24	24	24	25	25	25
LOC_742	21	22	23	21	21	21	23	23	26	23	24	22	22
LOC_743	20	20	20	21	21	21	20	20	18	19	20	20	20
LOC_744	13	14	14	14	14	14	14	14	15	14	13	14	14
LOC_745	17	16	16	16	16	16	16	16	16	16	16	16	16
LOC_746	29	27	28	31	32	30	28	27	29	29	26	29	28
LOC_747	15	16	15	18	16	15	16	16	15	15	16	16	16
LOC_748	15	14	14	14	14	15	14	14	16	14	14	15	15
LOC_749	21	22	19	23	22	21	20	22	18	18	21	20	21
LOC_750	23	21	22	20	20	22	22	22	22	23	22	21	22
LOC_751	18	17	17	17	17	18	18	18	17	17	18	18	18
LOC_752	20	23	24	25	23	23	25	25	24	25	19	22	23
LOC_753	22	22	22	22	22	22	23	22	22	22	23	23	22
LOC_754	26	23	28	23	23	26	25	27	26	27	27	27	27
LOC_755	16	16	15	16	16	16	15	15	15	15	16	16	16
LOC_756	16	16	16	17	17	16	17	17	15	16	16	16	16
LOC_757	16	15	15	15	16	16	15	15	15	15	16	16	16
LOC_758	13	13	13	13	13	13	13	12	13	13	13	13	13
LOC_759	20	18	18	19	19	19	20	20	15	18	19	19	19
LOC_760	16	16	16	14	15	17	16	16	16	16	17	17	16
LOC_761	19	21	21	21	21	19	22	22	19	20	19	18	20
LOC_762	16	16	16	16	16	16	16	16	16	16	15	16	16
LOC_763	28	27	23	29	26	28	28	29	25	23	25	26	26
LOC_764	23	20	21	20	20	22	19	19	22	22	20	21	22
LOC_765	27	27	25	27	24	27	27	27	29	28	28	27	27
LOC_766	16	15	14	16	16	14	15	14	14	14	14	14	15
LOC_767	18	18	19	18	18	18	19	19	19	19	18	19	18
LOC_768	26	23	25	25	25	30	23	23	26	25	28	30	26
LOC_769	24	27	25	26	27	23	24	26	23	23	25	23	25
LOC_770	26	25	26	25	24	25	26	27	24	25	26	25	26
LOC_771	24	21	22	21	22	24	21	22	22	22	25	25	23
LOC_772	21	21	19	20	20	22	22	22	22	22	22	21	21
LOC_773	16	16	16	17	16	16	16	16	17	15	19	18	16
LOC_774	26	27	27	29	27	28	26	26	28	25	27	29	25
LOC_775	21	21	22	21	21	18	15	17	22	22	18	18	20
LOC_776	21	21	24	23	23	21	21	21	23	22	23	22	21
LOC_777	23	25	22	26	26	24	25	25	24	24	25	26	26
LOC_778	17	16	16	16	16	17	17	17	16	16	17	17	16
LOC_779	20	20	20	21	19	20	20	20	20	20	21	21	20
LOC_780	27	26	27	26	28	26	26	28	27	27	25	26	26
LOC_781	24	25	25	25	25	25	24	22	28	26	24	24	26
LOC_782	14	13	16	14	14	14	14	14	16	16	14	14	14
LOC_783	26	25	26	24	25	25	25	27	25	26	29	27	26
LOC_784	27	26	22	28	29	25	23	26	24	25	25	26	26
LOC_785	24	25	26	26	26	26	27	27	25	26	23	23	24
LOC_786	25	25	29	27	29	25	30	29	31	29	27	25	26
LOC_787	19	21	23	21	21	21	21	21	23	24	22	19	21
LOC_788	25	23	25	25	26	25	25	25	24	24	25	27	26
LOC_789	18	18	19	18	18	19	18	18	18	18	19	19	18
LOC_790	27	26	23	25	26	27	24	25	25	24	29	29	26
LOC_791	26	26	27	28	26	26	23	25	27	24	24	24	26
LOC_792	16	13	16	16	16	16	17	17	15	15	16	16	16
LOC_793	26	19	20	19	19	18	22	21	20	20	18	18	19
LOC_794	20	20	21	20	20	20	21	22	20	20	20	20	20
LOC_795	22	21	21	22	22	22	17	20	20	20	22	23	21
LOC_796	17	18	18	18	19	19	18	18	18	18	16	18	18
LOC_797	25	25	31	24	27	27	30	28	30	27	26	27	27
LOC_798	24	25	25	26	26	26	27	28	26	29	27	26	26
LOC_799	26	26	26	29	29	28	26	24	25	22	28	28	26
LOC_800	9	9	7	9	9	9	7	7	7	7	9	9	9
LOC_801	25	25	25	26	26	27	24	25	25	26	26	26	26
LOC_802	26	28	23	25	27	26	25	25	23	24	24	26	26
LOC_803	22	20	20	18	18	24	18	19	20	20	23	22	20
LOC_804	17	16	16	16	16	17	16	16	15	16	17	18	16
LOC_805	16	16	18	16	16	16	18	18	19	18	16	16	16
LOC_806	19	16	17	16	16	19	16	17	18	18	18	19	17
LOC_807	16	17	16	16	17	16	15	16	16	16	16	16	16
LOC_808	18	20	21	20	20	18	20	22	22	22	18	18	20
LOC_809	26	28	31	28	28	26	28	27	29	28	25	27	26
LOC_810	17	15	14	15	13	17	14	13	14	14	17	17	17
LOC_811	19	19	19	19	19	19	19	19	21	19	19	18	19
LOC_812	21	19	20	20	18	21	20	22	20	20	23	23	19
LOC_813	27	26	27	24	25	27	28	27	28	25	30	27	26
LOC_814	27	25	24	25	26	25	24	25	24	24	25	26	26
LOC_815	28	28	27	25	25	27	26	25	23	25	27	27	26
LOC_816	16	16	16	17	18	16	16	16	16	16	16	16	16
LOC_817	22	21	22	23	23	22	22	22	23	22	23	24	22
LOC_818	25	25	26	25	25	24	28	27	28	26	25	24	25
LOC_819	7	7	7	7	9	7	7	7	7	7	7	7	7
LOC_820	16	16	16	16	16	16	16	16	16	16	16	16	16
LOC_821	29	28	30	28	27	28	31	31	31	30	26	25	28
LOC_822	24	25	26	26	26	24	26	23	24	23	24	25	25
LOC_823	15	14	14	13	14	15	13	13	14	14	14	17	15
LOC_824	24	21	20	22	22	24	21	22	21	20	24	25	21
LOC_825	26	22	24	21	20	24	24	22	24	26	27	27	25
LOC_826	18	18	18	18	18	18	18	18	18	19	17	18	18
LOC_827	22	21	22	22	21	21	21	21	23	23	21	21	21
LOC_828	18	20	21	20	20	17	20	20	19	23	20	20	19
LOC_829	17	16	16	16	16	15	16	16	17	17	15	15	16
LOC_830	24	23	25	23	23	24	25	25	25	26	24	23	25
LOC_831	26	27	22	25	26	24	22	24	23	22	22	24	25
LOC_832	18	16	15	13	17	20	18	16	18	16	18	18	16
LOC_833	14	15	14	15	15	14	14	14	14	14	14	14	14
LOC_834	20	20	21	20	21	20	21	20	21	21	16	19	21
LOC_835	26	25	26	25	27	27	25	25	28	29	27	28	25
LOC_836	15	16	15	21	20	15	15	12	15	15	17	15	15
LOC_837	12	12	12	12	12	12	12	12	12	12	12	12	12
LOC_838	24	23	24	24	24	24	22	24	25	25	25	25	23
LOC_839	18	18	18	19	18	18	17	17	17	17	18	17	18
LOC_840	21	20	22	21	21	20	25	25	22	22	20	20	20
LOC_841	16	14	14	14	14	14	15	15	14	14	15	14	14
LOC_842	24	26	25	30	30	23	26	26	24	23	24	23	25
LOC_843	17	17	18	16	17	15	18	17	16	16	17	17	17
LOC_844	26	26	28	26	27	24	24	24	30	27	25	25	26
LOC_845	25	27	24	25	26	24	22	24	28	24	25	26	25
LOC_846	18	19	18	19	19	15	18	18	20	20	15	15	18
LOC_847	25	28	24	27	27	27	23	22	21	21	25	22	25
LOC_848	18	18	19	18	18	21	18	18	20	22	19	17	19
LOC_849	26	26	27	27	29	27	27	27	27	27	26	26	25
LOC_850	18	16	17	16	16	17	17	19	17	18	17	18	17
LOC_851	24	23	24	25	24	21	23	23	24	24	21	22	23
LOC_852	15	15	15	15	15	15	17	18	15	13	15	15	15
LOC_853	26	24	25	24	24	27	27	24	24	24	26	25	25
LOC_854	23	25	25	22	24	21	24	26	24	25	21	20	25
LOC_855	17	19	18	19	19	18	17	17	19	19	18	18	18
LOC_856	26	26	28	26	25	26	29	26	24	23	24	25	26
LOC_857	30	28	27	25	25	27	28	29	28	28	26	26	29
LOC_858	14	18	17	17	17	15	17	18	17	17	15	15	14
LOC_859	14	14	14	15	15	14	14	14	14	14	14	15	14
LOC_860	21	21	26	20	20	21	23	23	23	23	20	21	22
LOC_861	17	17	17	17	17	18	17	17	17	17	17	17	17
LOC_862	12	15	15	15	15	15	15	15	15	15	17	18	15
LOC_863	23	19	21	19	19	20	19	19	21	21	20	20	20
LOC_864	24	23	22	24	24	25	24	24	22	21	24	24	24
LOC_865	24	25	26	25	26	25	26	26	22	23	21	23	25
LOC_866	26	25	28	25	25	25	26	27	28	26	27	26	25
LOC_867	19	18	18	19	18	19	18	18	18	19	19	21	18
LOC_868	25	25	25	25	25	24	25	25	25	25	25	25	25
LOC_869	20	20	18	20	20	20	20	20	19	18	20	20	21
LOC_870	14	13	13	13	14	14	13	13	13	13	12	12	13
LOC_871	14	14	14	15	14	14	14	12	14	14	14	14	14
LOC_872	28	25	28	22	26	25	25	26	25	24	26	26	25
LOC_873	18	19	19	19	19	15	19	18	19	19	15	15	17
LOC_874	23	22	22	21	22	24	22	22	22	16	24	24	24
LOC_875	19	18	18	18	19	19	18	18	18	18	19	19	18
LOC_876	17	17	16	17	17	17	17	17	17	17	18	16	17
LOC_877	25	25	26	25	27	26	23	23	24	24	24	26	25
LOC_878	23	26	26	24	25	25	26	25	26	26	25	25	25
LOC_879	24	27	26	27	26	24	27	25	24	26	24	24	25
LOC_880	30	30	28	28	28	26	25	27	27	29	26	27	25
LOC_881	17	17	16	17	18	17	16	16	16	16	17	17	17
LOC_882	19	20	20	20	20	20	21	21	20	21	20	20	20
LOC_883	28	27	25	29	28	28	25	24	25	23	26	28	25
LOC_884	16	15	15	15	16	16	15	15	15	17	16	16	15
LOC_885	17	17	14	17	17	17	17	16	16	16	17	17	17
LOC_886	27	28	23	26	27	27	26	27	23	21	27	26	25
LOC_887	25	27	24	25	26	26	25	25	26	25	25	26	25
LOC_888	25	24	25	24	24	25	25	25	25	24	25	26	25
LOC_889	23	20	23	18	17	21	23	22	21	21	23	21	23
LOC_890	22	22	21	22	22	20	22	22	21	17	21	21	22
LOC_891	25	21	23	23	24	24	24	24	24	24	25	25	25
LOC_892	23	22	19	21	22	23	20	20	19	19	24	23	22
LOC_893	21	20	19	18	18	21	19	18	19	19	21	21	19
LOC_894	18	18	17	18	20	18	18	19	17	17	18	18	18
LOC_895	24	24	24	24	24	24	23	23	24	22	25	25	24
LOC_896	25	24	23	23	24	25	22	24	24	24	26	27	25
LOC_897	17	17	19	17	17	19	17	17	17	16	20	17	17
LOC_898	23	25	26	25	25	26	23	28	28	28	23	25	25
LOC_899	25	25	26	24	25	24	25	25	24	24	24	26	25
LOC_900	24	24	25	24	23	24	26	25	24	22	26	26	24
LOC_901	26	25	25	25	24	27	26	26	26	25	26	27	25
LOC_902	23	22	24	20	20	23	23	23	24	25	23	23	23
LOC_903	26	24	23	24	24	27	24	24	23	23	28	27	25
LOC_904	14	14	14	14	15	15	11	11	14	14	15	15	14
LOC_905	24	26	23	23	23	25	26	24	23	25	25	25	25
LOC_906	14	15	15	14	15	13	15	15	15	14	15	15	15
LOC_907	18	18	19	18	23	18	19	19	18	19	18	18	18
LOC_908	23	22	22	21	24	22	19	19	22	22	24	23	22
LOC_909	24	27	26	24	23	23	28	28	29	28	24	23	25
LOC_910	16	19	17	18	17	16	18	17	17	17	16	14	17
LOC_911	18	18	19	18	18	19	20	20	20	20	20	20	19
LOC_912	11	10	11	11	11	11	11	11	11	11	11	11	11
LOC_913	18	18	18	18	18	18	19	20	18	18	18	18	18
LOC_914	25	25	22	25	26	24	26	25	21	19	25	25	25
LOC_915	25	26	23	25	25	26	25	25	27	27	27	25	25
LOC_916	18	19	17	17	17	18	16	16	18	18	19	18	18
LOC_917	17	15	15	16	16	14	15	15	17	17	14	14	15
LOC_918	16	15	16	11	11	16	16	16	16	16	16	16	16
LOC_919	16	14	14	14	14	14	14	14	14	14	14	14	14
LOC_920	18	17	18	18	19	18	18	18	19	17	18	18	18
LOC_921	16	15	16	16	16	16	16	17	16	16	16	16	16
LOC_922	22	22	20	17	19	22	21	22	21	19	24	22	22
LOC_923	26	26	23	27	25	23	26	25	25	25	25	24	25
LOC_924	26	26	26	25	24	24	24	25	25	25	29	27	25
LOC_925	14	14	13	14	14	14	14	13	12	12	14	14	14
LOC_926	26	26	25	25	25	25	26	26	25	25	23	23	25
LOC_927	24	21	24	21	21	26	24	24	29	27	25	26	25
LOC_928	24	21	24	22	22	23	25	25	25	25	23	24	25
LOC_929	15	15	16	15	16	15	16	15	16	16	15	15	15
LOC_930	13	12	11	14	14	12	11	11	11	11	12	12	10
LOC_931	24	24	26	24	24	23	22	22	24	25	23	24	24
LOC_932	24	25	24	24	25	22	24	24	24	26	22	21	24
LOC_933	26	22	24	22	22	25	26	25	24	24	26	29	24
LOC_934	24	26	24	27	26	26	24	24	25	25	23	26	24
LOC_935	17	16	17	17	17	17	19	18	17	18	17	17	17
LOC_936	25	23	23	24	24	25	23	24	23	23	25	24	23
LOC_937	25	23	22	27	23	25	20	25	24	23	24	23	24
LOC_938	15	16	16	17	17	16	17	16	16	16	15	15	17
LOC_939	19	18	19	19	19	18	19	19	20	20	18	18	19
LOC_940	19	18	18	18	18	23	18	18	18	17	23	23	19
LOC_941	14	15	12	16	16	14	14	14	10	12	14	14	14
LOC_942	24	26	23	24	23	24	24	23	22	22	23	27	24
LOC_943	20	20	20	21	20	20	20	20	20	20	20	20	20
LOC_944	18	18	18	18	18	19	19	18	18	18	19	19	18
LOC_945	17	17	16	16	16	15	17	17	15	16	15	15	17
LOC_946	24	24	26	25	23	26	27	29	25	25	22	24	24
LOC_947	22	23	27	23	23	22	24	24	26	24	22	22	24
LOC_948	20	20	23	19	20	20	22	20	28	29	20	20	20
LOC_949	23	21	21	21	21	23	21	20	21	21	23	23	23
LOC_950	24	25	24	24	25	23	22	22	21	24	23	24	24
LOC_951	21	19	20	20	20	19	20	21	20	20	19	19	20
LOC_952	18	19	20	18	17	19	20	20	20	20	19	19	20
LOC_953	25	23	23	22	22	26	22	22	26	25	25	24	24
LOC_954	22	25	25	24	25	24	23	25	23	24	24	25	22
LOC_955	26	24	24	24	24	24	26	26	22	24	23	26	24
LOC_956	24	22	24	23	23	22	22	22	23	24	26	27	24
LOC_957	22	22	23	22	22	26	25	26	24	23	27	29	24
LOC_958	17	17	16	15	15	16	16	16	16	16	16	16	16
LOC_959	18	15	18	15	15	18	19	17	19	18	19	18	18
LOC_960	24	23	27	22	23	28	23	23	27	25	27	27	24
LOC_961	25	28	25	25	25	24	25	25	26	26	26	25	25
LOC_962	24	23	24	22	23	25	24	25	24	23	24	24	24
LOC_963	26	24	24	24	27	24	24	24	25	24	24	24	24
LOC_964	17	17	17	18	18	18	17	17	17	17	16	16	16
LOC_965	20	23	22	24	23	23	26	27	22	24	25	24	23
LOC_966	20	20	21	20	20	20	23	21	19	21	21	21	20
LOC_967	24	22	23	24	24	27	24	22	23	23	23	23	24
LOC_968	25	27	26	27	28	26	27	26	29	27	26	27	24
LOC_969	18	18	16	17	18	18	19	19	19	18	18	18	18
LOC_970	19	18	16	18	18	19	19	19	16	16	19	19	19
LOC_971	23	24	25	25	27	22	24	25	25	26	26	25	24
LOC_972	24	24	32	26	23	24	25	29	28	27	26	24	24
LOC_973	31	31	26	30	30	30	29	28	27	28	28	28	30
LOC_974	15	15	15	16	16	15	16	15	16	16	14	14	14
LOC_975	17	14	14	14	14	17	14	14	14	14	18	17	14
LOC_976	27	29	28	30	28	28	28	28	26	28	28	27	29
LOC_977	17	18	17	18	17	17	18	16	17	17	19	19	17
LOC_978	19	17	19	17	17	19	19	19	24	24	21	19	17
LOC_979	27	25	24	24	24	28	24	24	24	24	27	26	25
LOC_980	17	16	16	16	16	17	16	16	16	16	17	18	16
LOC_981	22	23	23	24	25	23	22	23	24	24	22	23	22
LOC_982	14	14	16	14	14	14	14	14	16	16	14	14	14
LOC_983	24	23	24	22	24	22	25	26	22	24	23	23	24
LOC_984	24	25	27	24	24	23	25	26	30	28	23	25	24
LOC_985	14	14	14	17	16	14	14	14	14	14	14	14	14
LOC_986	17	17	17	17	17	15	17	16	19	17	17	17	17
LOC_987	24	25	21	26	26	24	24	24	18	21	23	24	24
LOC_988	16	19	17	18	19	20	18	19	17	19	18	18	18
LOC_989	25	23	23	23	23	22	23	25	23	23	23	24	24
LOC_990	22	23	19	20	20	23	19	20	20	20	21	21	24
LOC_991	16	14	14	16	16	16	14	15	14	14	16	16	15
LOC_992	24	26	24	24	24	23	25	27	29	28	23	23	23
LOC_993	19	21	19	22	22	20	22	22	19	19	20	19	19
LOC_994	25	21	20	23	23	23	23	23	20	19	25	26	24
LOC_995	23	24	22	24	24	20	21	18	19	19	22	22	24
LOC_996	25	23	24	23	23	24	24	23	24	25	25	24	24
LOC_997	23	24	25	24	24	22	27	27	26	27	23	23	24
LOC_998	14	14	18	14	14	14	15	14	17	17	14	14	14
LOC_999	24	24	24	25	27	23	25	24	23	21	23	24	24
LOC_1000	21	22	20	18	20	20	20	21	20	20	25	22	21
LOC_1001	19	20	19	18	19	18	18	19	19	19	19	18	19
LOC_1002	27	24	25	23	23	27	25	24	23	24	25	28	24
LOC_1003	23	25	25	25	24	24	22	25	24	27	25	26	24
LOC_1004	17	16	17	16	16	17	17	17	17	17	17	17	17
LOC_1005	7	7	10	7	7	8	7	7	7	7	8	8	7
LOC_1006	24	27	28	26	27	23	28	27	27	27	24	24	24
LOC_1007	18	16	17	18	17	19	17	17	17	17	19	19	18
LOC_1008	19	21	21	20	21	20	21	23	21	21	20	20	21
LOC_1009	25	24	21	25	24	25	23	23	22	22	27	28	24
LOC_1010	14	15	15	17	15	15	15	15	15	15	14	15	15
LOC_1011	25	23	23	19	20	27	23	22	22	22	22	23	24
LOC_1012	24	24	22	22	22	25	21	22	22	22	25	25	24
LOC_1013	24	25	23	24	23	23	24	25	23	23	24	23	24
LOC_1014	23	23	24	22	22	23	23	23	23	22	23	23	23
LOC_1015	15	16	17	16	16	14	17	17	17	17	15	14	16
LOC_1016	14	15	16	15	15	14	17	17	18	18	14	14	14
LOC_1017	24	28	27	25	25	22	24	24	26	23	24	24	24
LOC_1018	23	23	23	24	22	24	22	22	26	27	23	23	24
LOC_1019	16	15	15	15	15	16	15	15	15	15	16	16	15
LOC_1020	23	23	27	23	23	24	22	24	27	28	24	24	23
LOC_1021	15	15	15	16	16	15	15	15	17	17	15	15	15
LOC_1022	24	24	23	23	22	25	23	23	23	23	25	24	24
LOC_1023	24	25	24	24	24	24	25	26	25	25	28	25	24
LOC_1024	30	28	29	30	28	30	29	28	27	30	28	27	29
