names	Run1_C_27	Run1_C_42	Run1_C_43	Run1_C_47	Run1_C_52	Run1_C_57	Run1_C_58	Run1_C_69	Run1_C_72	Run1_C_73	Run1_C_78	Run1_C_80	Run1_C_81	Run1_C_83	Run1_C_86	Run1_C_88	Run1_C_91	Run1_C_94	Run1_C_95	Run1_C_96	Run1_C_98	Run1_C_99	Run1_C_100	Run1_C_101	Run1_C_102	Run1_C_106	Run1_C_108	Run1_C_109	Run1_C_110	Run1_C_111	Run1_C_114	Run1_C_115	Run1_C_118	Run1_C_119	Run1_C_120	Run1_C_121	Run1_C_123	Run1_C_125	Run1_C_127	Run1_C_128	Run1_C_129	Run1_C_130	Run1_C_131	Run1_C_132	Run1_C_133	Run1_C_136	Run1_C_137	Run1_C_139	Run1_C_141	Run1_C_142	Run1_C_143	Run1_C_144	Run1_C_145	Run1_C_148	Run1_C_149	Run1_C_151	Run1_C_152	Run1_C_153	Run1_C_154	Run1_C_155	Run1_C_157	Run1_C_158	Run1_C_159	Run1_C_160	Run1_C_161	Run1_C_162	Run1_C_163	Run1_C_164	Run1_C_165	Run1_C_166	Run1_C_168	Run1_C_169	Run1_C_170	Run1_C_171	Run1_C_172	Run1_C_173	Run1_C_175	Run1_C_176	Run1_C_178	Run1_C_179	Run1_C_180	Run1_C_181	Run1_C_182	Run1_C_183	Run1_C_184	Run1_C_185	Run1_C_186	Run1_C_187	Run1_C_188	Run1_C_189	Run1_C_190	Run1_C_191	Run1_C_192	Run1_C_193	Run1_C_194	Run1_C_195	Run1_C_196	Run1_C_197	Run1_C_198	Run1_C_199	root
LOC_1	16	16	16	16	16	16	16	16	16	16	16	16	16	16	16	16	16	16	16	16	16	16	16	17	16	16	16	16	16	16	16	16	16	16	16	16	16	16	16	16	16	16	16	16	16	16	16	16	16	16	16	15	15	16	16	16	16	16	16	16	16	16	16	16	16	16	16	16	16	16	16	16	16	16	16	16	16	16	16	16	16	16	16	16	16	16	16	16	16	16	16	16	16	16	16	16	16	16	16	16	16
LOC_2	22	22	22	22	22	22	21	22	21	22	21	22	22	22	22	22	22	22	22	22	22	22	22	22	22	22	22	22	22	22	23	23	22	22	22	22	22	22	22	22	22	22	22	22	22	22	22	22	22	22	22	22	22	21	21	21	22	22	22	22	22	22	22	22	22	22	22	22	22	22	22	22	22	22	22	22	22	22	22	22	22	22	22	22	21	21	22	22	22	22	22	22	21	21	22	22	22	22	22	22	22
LOC_3	18	18	18	18	18	18	18	18	18	18	18	18	18	18	18	18	18	18	18	18	18	18	18	18	18	18	18	18	18	18	18	18	18	18	18	18	18	17	17	18	18	18	18	18	18	18	18	18	18	18	18	18	18	18	18	18	18	18	18	19	18	18	18	18	18	17	17	18	18	18	18	18	18	18	18	18	18	18	18	18	18	18	18	18	18	18	18	18	18	20	18	18	18	18	18	18	18	18	18	18	18
LOC_4	17	17	17	17	17	17	17	17	17	17	17	18	17	17	17	17	17	17	17	17	17	17	17	17	17	17	17	17	17	17	17	17	17	17	17	17	17	17	17	17	17	17	17	17	17	17	17	17	17	17	17	17	17	17	17	17	17	17	17	17	17	17	17	17	17	17	17	17	17	17	17	16	17	17	17	17	17	17	17	17	17	17	17	17	18	18	17	17	17	17	17	17	17	18	17	17	17	17	17	17	17
LOC_5	16	16	16	16	16	16	16	16	16	16	16	16	16	16	16	16	16	16	16	16	16	16	16	16	16	16	16	16	16	16	16	16	16	16	16	16	16	16	16	16	16	16	16	16	16	16	16	16	16	16	16	16	16	16	16	16	16	16	16	16	16	16	16	16	16	16	16	16	16	16	16	16	16	16	16	16	16	16	16	14	16	16	16	16	16	16	16	16	16	16	16	16	16	16	16	16	16	16	16	16	16
LOC_6	17	17	17	17	17	17	17	17	17	17	17	17	17	17	17	17	17	18	18	17	18	17	17	17	17	17	17	17	17	17	17	17	18	18	17	17	17	17	19	17	17	17	17	17	17	17	17	17	17	17	17	17	17	17	17	17	17	18	17	17	17	17	17	17	17	17	17	17	17	17	17	17	17	15	17	17	17	17	17	17	17	17	17	17	17	17	17	17	17	17	17	17	17	17	17	17	17	17	17	17	17
LOC_7	22	22	22	22	22	22	22	22	22	22	22	22	22	22	21	22	22	22	22	22	22	22	22	22	22	22	22	22	22	22	22	22	22	22	22	22	22	22	22	22	22	23	23	22	22	22	22	22	22	22	22	23	25	22	22	22	22	22	22	22	22	22	22	22	22	21	21	22	22	22	22	22	22	22	22	22	22	22	22	22	22	22	22	22	22	22	23	22	22	22	22	22	22	22	22	22	22	22	22	22	22
LOC_8	26	26	26	27	27	26	27	27	27	27	26	26	26	26	27	27	26	26	27	26	27	27	26	26	26	27	26	26	26	26	26	26	27	27	27	27	27	27	27	27	27	27	27	23	26	25	25	27	27	27	27	27	27	26	26	27	27	27	27	27	27	26	26	27	27	27	27	27	29	27	26	26	27	27	29	27	26	27	27	27	27	26	27	27	25	28	27	27	26	26	26	26	27	27	26	26	26	26	26	27	27
LOC_9	13	13	13	13	13	13	13	13	13	13	13	13	13	13	13	13	13	14	14	13	13	13	13	13	13	13	13	13	13	13	13	13	14	14	13	13	13	13	13	13	13	13	13	13	13	13	13	13	13	13	13	13	13	13	13	12	13	13	13	13	13	13	13	13	13	13	13	13	13	13	13	13	13	13	13	13	13	13	13	13	13	13	13	13	13	13	13	13	13	13	13	13	12	12	13	13	13	13	13	13	13
LOC_10	19	19	19	19	19	19	19	19	20	20	19	19	19	19	19	19	19	19	19	19	19	19	19	19	19	19	19	19	19	19	19	19	19	19	19	19	19	19	19	19	19	19	19	19	19	19	19	19	19	19	19	20	19	20	19	19	19	19	19	19	19	19	19	19	19	19	19	19	19	19	19	19	19	19	19	19	19	19	19	19	19	19	20	19	19	19	19	19	19	19	19	19	19	19	19	19	19	19	19	19	19
LOC_11	25	25	25	25	25	25	25	25	25	25	25	26	25	25	25	25	25	23	23	25	25	25	25	25	25	25	25	25	25	25	25	25	24	24	25	25	25	25	25	26	26	25	26	25	25	25	25	25	25	25	25	25	25	25	25	25	25	25	24	24	25	25	25	25	25	25	25	25	25	25	25	25	25	25	25	25	25	25	25	25	25	24	25	25	25	25	25	25	25	27	25	25	25	25	23	25	25	25	25	25	25
LOC_12	18	18	18	17	17	18	18	17	18	18	18	18	16	18	18	18	18	18	18	18	18	18	18	18	18	18	18	18	18	18	18	18	18	18	18	18	18	18	18	18	18	18	18	18	18	18	18	18	18	18	20	18	18	18	18	18	18	18	19	18	17	18	18	17	17	18	18	17	17	18	18	18	18	18	18	18	18	18	18	18	18	18	17	17	18	18	17	17	18	18	18	18	18	18	18	18	18	18	18	18	18
LOC_13	24	24	24	23	22	22	24	23	23	23	24	24	24	23	24	23	24	22	22	24	24	24	23	23	24	25	24	24	24	24	23	23	22	22	23	23	25	24	24	23	23	23	23	23	24	24	24	23	24	23	23	23	23	24	24	24	24	24	23	23	23	23	23	23	23	24	24	23	23	25	24	24	24	24	24	25	24	24	23	23	25	25	23	23	24	24	23	23	24	24	24	24	24	24	23	23	26	26	24	24	24
LOC_14	20	21	21	23	20	21	20	20	20	20	20	21	21	22	20	20	21	20	20	20	20	20	20	20	21	20	20	20	20	20	22	22	20	20	20	20	20	20	20	20	20	20	20	22	22	20	20	20	20	20	20	20	20	21	21	20	20	20	20	20	20	22	22	20	20	20	20	20	20	20	22	22	20	20	20	20	20	20	19	20	20	20	20	20	20	20	20	20	20	20	20	20	20	20	20	20	20	20	20	20	20
LOC_15	14	14	14	14	14	14	14	14	14	14	14	14	14	14	14	14	14	14	14	14	14	14	14	14	14	14	14	14	14	14	14	14	14	14	14	14	14	14	14	14	14	14	14	14	14	14	14	14	14	14	14	14	14	14	14	14	14	14	14	14	14	14	14	14	14	14	14	14	14	14	14	14	14	14	14	14	14	14	14	14	14	14	14	14	14	14	14	14	14	14	14	14	14	14	14	14	14	14	14	14	14
LOC_16	20	20	20	20	20	20	20	20	20	20	20	20	20	20	20	20	20	20	20	20	20	20	20	20	20	20	20	20	20	21	20	20	20	20	20	20	20	20	19	20	21	20	20	20	20	17	20	20	19	20	20	20	20	20	20	20	20	20	20	20	20	20	20	20	19	19	19	23	23	20	20	20	21	20	20	20	20	20	19	19	20	20	20	20	20	20	20	18	20	20	20	20	20	20	20	20	20	20	20	20	20
LOC_17	20	20	20	20	20	21	20	20	20	20	20	20	20	20	20	20	20	20	20	20	20	20	21	21	20	20	21	21	21	21	20	20	20	20	20	20	20	20	20	20	20	21	21	20	20	20	20	21	21	21	21	21	21	20	20	20	19	20	20	20	20	21	20	20	20	20	20	20	20	20	20	20	20	20	20	20	20	20	21	21	20	20	20	20	20	20	20	20	20	20	20	20	20	20	20	20	21	21	20	20	20
LOC_18	21	22	22	21	21	21	21	21	21	21	21	22	22	21	21	21	22	21	21	21	21	20	21	21	22	21	21	21	21	21	21	21	21	21	21	21	21	23	23	21	21	21	21	21	21	21	21	21	21	21	21	21	21	22	22	21	21	21	21	21	21	21	21	21	21	23	23	21	21	21	21	21	21	21	21	21	22	21	21	21	21	20	21	21	21	21	20	21	20	21	22	22	21	21	21	21	21	21	21	21	21
LOC_19	23	21	21	21	22	21	21	21	21	21	21	21	21	21	21	22	21	21	21	21	20	20	21	21	21	21	21	21	21	21	19	19	21	21	21	21	21	21	21	21	21	21	21	21	21	21	21	21	21	21	21	21	21	21	21	21	20	20	21	21	22	21	21	21	21	21	21	22	21	21	19	19	21	21	21	21	21	21	21	21	21	21	22	22	21	21	22	22	21	21	21	21	21	21	21	21	21	21	21	21	21
LOC_20	16	16	16	16	16	17	16	16	16	16	16	16	16	16	16	16	16	15	17	16	16	16	16	16	16	16	16	16	16	16	16	16	16	16	16	16	16	18	18	16	16	16	16	16	16	16	16	16	16	16	17	16	16	16	16	15	15	15	16	16	16	16	16	16	16	18	18	16	16	16	16	16	16	16	16	16	16	15	16	16	16	16	16	16	17	17	16	16	16	16	17	16	15	15	16	16	17	17	16	16	16
LOC_21	22	22	22	22	22	22	22	22	22	22	22	22	22	22	22	22	22	22	22	22	24	24	22	22	22	22	22	22	22	22	22	22	22	22	22	22	22	24	24	22	21	22	22	22	22	22	21	21	21	22	22	22	22	22	22	22	25	25	22	22	22	22	22	22	22	24	24	22	22	22	22	22	22	22	22	22	22	22	21	21	22	22	22	22	22	22	22	22	22	22	22	22	22	22	22	22	22	22	22	22	22
LOC_22	20	20	20	20	20	19	20	20	20	20	20	20	20	20	20	20	20	20	20	20	20	20	20	20	20	20	20	20	19	19	20	20	20	20	20	20	20	20	20	20	20	20	20	20	20	20	20	20	18	20	20	20	20	20	20	20	20	20	20	20	20	20	20	20	20	20	20	20	20	20	20	20	20	20	20	20	20	20	18	18	20	20	21	20	20	18	20	20	20	20	20	20	20	20	20	20	19	19	20	20	20
LOC_23	20	20	20	20	20	20	20	20	20	20	20	20	20	20	20	20	20	20	20	20	20	20	20	20	20	20	20	20	20	20	20	20	20	20	20	20	20	20	20	20	20	22	22	20	20	20	20	20	20	20	20	20	20	20	20	20	20	20	20	20	20	20	20	20	20	20	20	20	20	20	20	20	20	20	20	20	20	20	20	20	20	20	20	20	20	20	18	20	20	20	20	20	20	20	20	20	20	21	20	20	20
LOC_24	28	27	27	24	24	26	26	24	26	26	27	27	27	26	25	25	28	26	26	27	24	25	26	26	27	26	27	27	26	26	26	26	25	25	25	25	26	26	26	25	25	26	26	26	26	27	27	26	26	26	26	26	26	27	27	26	24	24	26	26	24	26	26	24	24	22	26	24	24	26	26	26	25	25	26	26	27	26	26	26	28	26	24	24	26	26	24	24	27	27	27	27	26	26	25	25	26	26	26	26	26
LOC_25	25	25	25	25	25	25	25	25	25	25	25	25	25	25	25	25	25	25	25	25	25	25	25	25	25	25	25	25	24	24	25	25	24	24	25	25	25	25	25	25	25	25	25	26	26	25	25	25	25	25	25	25	25	25	25	25	25	26	25	25	25	25	25	25	25	25	25	25	25	25	25	25	25	25	25	25	25	25	25	25	25	25	25	24	25	25	25	25	25	25	25	25	25	25	25	25	25	25	25	25	25
LOC_26	24	24	24	24	24	26	21	24	24	24	24	25	25	24	24	24	24	24	24	24	24	24	24	24	24	24	24	24	23	23	24	24	24	24	25	25	24	24	24	25	25	24	24	24	24	24	24	24	24	24	24	24	24	24	24	24	24	24	24	23	24	25	24	22	24	24	24	24	24	24	24	24	24	24	24	24	25	24	24	24	24	24	25	25	24	25	24	24	24	24	26	25	24	24	24	24	25	25	24	24	24
LOC_27	21	21	21	21	21	21	21	20	21	21	21	21	21	21	21	21	21	22	22	21	21	21	21	21	21	21	21	21	21	21	21	21	21	21	21	21	21	21	21	21	21	21	21	21	21	21	21	21	21	21	21	21	21	21	21	22	21	21	21	21	21	21	21	21	21	21	21	21	21	21	21	21	21	21	21	21	21	21	21	21	21	21	21	21	22	22	21	21	21	21	21	21	23	22	21	21	21	21	21	22	21
LOC_28	19	19	19	19	19	19	19	19	19	19	20	19	19	19	19	19	19	19	19	19	19	19	20	20	19	19	19	19	19	19	19	19	19	19	19	19	19	19	19	19	19	19	19	19	19	19	19	19	19	19	19	19	19	19	19	19	19	19	19	19	19	19	19	19	19	19	19	19	19	19	19	19	19	19	19	19	19	19	19	19	19	19	19	19	19	19	19	19	17	17	18	18	19	19	19	19	19	19	19	19	19
LOC_29	18	18	18	18	18	18	18	18	18	20	18	18	18	21	18	18	18	18	18	18	16	18	17	17	18	17	17	18	18	18	21	21	18	18	18	18	17	18	18	18	18	18	18	18	18	18	18	18	18	18	18	18	18	18	18	18	18	18	18	18	18	20	20	18	18	18	18	18	18	18	21	21	18	18	17	17	18	19	18	18	18	18	18	18	18	18	18	18	18	18	18	18	18	18	18	18	18	18	19	19	18
LOC_30	16	16	19	16	16	18	16	16	16	16	16	16	16	16	16	16	16	16	16	16	16	16	16	16	16	16	16	16	16	16	16	16	16	16	16	16	16	16	16	16	16	16	16	16	16	16	16	16	16	16	16	16	16	16	16	16	16	16	16	16	16	16	16	16	16	16	16	16	16	16	16	16	16	16	16	16	17	16	16	16	16	16	17	17	16	16	16	16	16	16	17	17	16	16	16	16	16	16	16	16	16
LOC_31	18	18	18	18	18	18	19	18	18	18	18	18	18	18	18	18	18	18	18	18	18	18	18	18	18	18	18	18	18	18	17	17	18	18	18	18	18	18	18	18	18	18	18	18	18	18	18	20	20	18	18	18	18	18	18	19	18	18	18	18	18	18	18	18	18	18	18	18	18	18	18	18	18	18	18	18	18	18	20	20	18	18	18	18	19	19	17	18	18	18	18	18	19	19	18	20	18	18	18	19	18
LOC_32	24	24	24	24	24	24	23	23	24	24	24	24	24	24	24	24	24	24	24	24	23	23	24	23	24	25	24	24	24	24	24	24	24	24	24	24	25	23	23	24	24	24	24	24	24	24	24	24	24	24	24	24	24	23	24	23	23	23	24	24	24	24	24	24	24	23	23	24	24	24	24	24	24	24	25	25	24	25	24	24	24	24	24	24	23	23	24	24	24	24	24	24	23	23	24	24	24	24	25	25	23
LOC_33	17	17	17	17	17	17	17	17	17	17	17	17	17	17	17	17	17	17	17	17	17	17	17	17	17	17	17	17	17	17	17	17	17	17	17	17	17	17	17	17	17	18	18	17	17	17	17	18	18	18	18	18	18	17	17	17	17	17	17	17	17	17	17	17	17	17	17	17	17	17	17	17	17	17	17	17	17	17	18	18	17	17	17	17	17	17	17	17	17	17	17	17	17	17	17	17	17	17	17	17	17
LOC_34	25	25	25	25	25	24	24	25	25	25	25	25	25	24	25	25	25	25	25	25	25	25	25	24	26	25	25	25	24	24	24	24	25	25	25	25	25	25	25	25	25	25	25	24	24	25	25	25	25	25	25	26	26	26	25	25	25	25	25	25	25	24	24	25	25	25	25	25	25	25	24	24	25	25	25	24	25	25	25	25	25	25	25	25	25	25	25	25	25	25	25	25	25	25	25	25	24	24	25	25	25
LOC_35	26	26	26	26	26	26	28	26	26	26	26	26	26	26	26	26	26	26	25	26	28	28	26	26	26	25	26	26	26	26	26	26	25	25	26	26	25	28	28	26	26	26	26	26	26	26	26	26	26	26	26	26	26	26	26	28	28	28	26	26	25	26	26	26	26	28	28	25	25	26	26	26	26	26	25	25	26	26	26	26	26	26	25	25	28	28	28	27	26	26	26	26	28	29	26	26	26	26	26	26	26
LOC_36	25	26	26	24	25	26	26	25	25	25	25	26	26	26	26	25	26	24	24	25	26	26	23	26	25	27	25	25	26	26	26	26	25	25	25	25	26	26	26	25	25	26	26	26	26	25	25	24	29	26	26	26	26	25	26	26	26	26	26	26	25	26	26	25	25	26	26	25	24	26	26	26	26	26	26	26	26	26	26	26	26	26	25	25	26	26	25	25	25	25	26	26	26	26	26	26	26	26	25	26	26
LOC_37	19	19	19	19	19	19	19	19	19	19	19	19	19	19	19	19	19	19	19	20	19	19	20	20	19	19	19	19	19	19	19	19	19	19	19	19	19	19	19	19	19	19	19	19	19	19	19	19	19	19	19	19	19	19	19	19	19	19	19	19	19	19	19	19	19	19	19	19	19	19	19	19	19	19	19	19	19	19	19	19	19	19	19	19	19	19	19	19	19	19	19	19	19	19	20	20	19	19	19	19	19
LOC_38	29	29	29	30	30	29	29	30	31	31	29	29	29	26	29	30	29	31	31	29	29	29	30	31	29	29	29	29	29	29	28	28	28	28	30	30	29	29	30	29	30	29	29	29	30	29	28	29	29	29	29	29	29	29	29	29	29	29	29	28	30	28	28	30	30	29	30	30	30	29	28	28	29	29	29	29	29	29	29	29	28	28	30	30	29	29	30	30	29	29	29	29	29	29	29	29	30	29	29	29	29
LOC_39	32	32	32	31	31	32	32	30	31	31	32	30	31	32	32	31	32	31	31	32	31	31	32	32	32	32	32	32	32	32	32	32	31	30	31	31	32	31	31	31	31	31	31	32	32	32	32	31	31	31	31	31	31	32	32	32	31	31	31	31	31	32	32	30	30	31	31	32	31	31	32	32	32	32	32	32	31	32	31	31	31	31	31	31	32	32	31	31	32	32	30	31	32	32	32	32	32	32	32	32	32
LOC_40	16	16	16	16	16	16	16	16	16	16	16	16	16	16	16	16	16	16	16	16	16	16	16	16	16	16	16	16	16	16	16	16	16	16	16	16	16	15	15	16	16	16	16	16	16	16	16	16	16	16	16	16	16	16	16	16	16	16	16	16	16	14	14	16	16	15	15	16	16	16	16	15	16	16	16	16	16	16	16	16	16	16	16	16	16	16	16	16	16	16	16	16	16	16	16	16	16	16	16	16	16
LOC_41	20	20	20	20	20	20	20	20	20	20	20	20	20	20	20	20	20	20	20	20	20	20	20	20	20	20	20	20	20	20	20	20	20	20	20	20	20	20	20	20	20	20	20	20	20	20	20	20	20	20	20	20	20	20	20	20	20	20	20	20	20	20	20	20	20	20	20	20	20	20	20	20	20	20	20	20	20	21	20	20	20	20	20	20	20	20	20	20	20	20	20	20	20	20	20	20	20	20	21	21	20
LOC_42	17	17	17	17	17	17	17	17	17	17	17	17	17	17	17	17	17	17	17	17	16	17	17	18	17	17	17	17	17	17	17	17	17	17	17	17	17	17	17	17	17	17	17	17	16	17	17	17	17	17	17	17	17	17	17	17	17	17	17	17	18	17	17	17	17	17	17	17	17	17	17	17	17	17	17	17	17	17	17	17	17	17	17	17	17	17	17	17	17	17	17	17	17	17	17	17	17	17	17	17	17
LOC_43	20	20	20	20	20	20	20	20	20	20	20	21	20	20	20	20	20	20	20	20	20	20	20	20	20	20	20	20	20	20	20	20	20	20	20	20	20	20	20	20	20	20	20	20	20	20	20	20	20	20	20	20	20	20	20	20	21	21	20	20	20	19	19	22	22	20	20	20	20	20	20	20	21	21	20	20	20	20	21	21	20	20	20	20	20	20	20	20	20	20	20	20	20	20	20	20	20	20	20	20	20
LOC_44	20	20	20	20	20	20	20	20	20	20	20	20	20	20	20	20	20	20	20	20	20	20	20	20	20	20	20	20	20	20	20	20	20	20	20	20	20	20	20	20	20	20	20	20	20	20	20	20	20	20	20	20	20	20	20	20	20	20	20	20	20	20	20	20	20	20	20	20	20	20	20	20	20	20	20	20	20	20	20	20	21	21	19	20	20	20	20	20	20	20	20	20	20	20	20	20	20	20	20	20	20
LOC_45	17	17	17	17	17	17	17	17	17	17	17	17	17	17	17	17	17	17	17	17	17	17	17	17	17	17	17	17	17	17	17	17	17	17	17	17	17	17	17	17	17	17	17	17	18	17	17	17	17	16	17	17	17	17	17	17	17	17	17	17	17	17	17	17	17	17	17	17	17	17	17	17	17	19	17	17	17	17	17	17	17	17	17	17	17	17	17	17	17	17	17	17	17	17	17	17	17	17	17	17	17
LOC_46	22	21	21	23	22	22	22	22	22	22	22	21	21	22	22	23	21	22	22	22	22	22	22	22	22	22	22	23	22	22	23	23	22	22	22	23	22	22	22	22	22	22	22	22	22	22	22	22	22	22	22	22	22	21	21	22	22	22	22	22	22	22	22	22	22	22	22	21	22	22	23	23	22	22	22	22	21	22	22	22	22	22	22	22	22	22	22	22	22	22	21	21	22	22	22	22	21	22	22	22	22
LOC_47	14	14	14	14	14	14	14	14	14	14	14	16	16	14	14	14	14	14	14	14	14	14	14	14	14	14	14	14	14	14	14	14	14	14	14	14	14	14	14	14	14	14	14	14	14	14	14	14	14	14	14	14	14	14	14	14	14	14	14	14	14	14	14	14	14	13	13	14	14	14	14	14	14	14	14	14	14	14	14	14	14	14	14	14	14	14	14	14	14	14	14	14	14	14	14	14	14	14	14	14	14
LOC_48	21	21	21	21	21	21	22	21	21	21	21	21	21	21	21	21	21	21	21	21	22	22	21	21	21	21	21	21	22	21	21	21	21	21	21	21	21	23	23	21	21	21	21	21	21	21	21	21	21	21	21	20	21	20	21	22	22	22	21	21	21	21	21	21	21	23	23	21	21	21	21	21	21	21	21	21	21	21	21	21	21	21	21	21	22	22	20	21	21	21	21	21	22	22	21	21	21	21	21	21	21
LOC_49	22	22	22	23	22	22	22	23	22	22	22	22	22	19	22	22	22	22	22	22	26	26	22	22	22	22	22	22	22	22	20	20	22	22	22	22	22	26	26	22	22	23	22	20	20	22	22	22	21	22	22	22	22	22	22	22	26	26	22	22	22	22	22	22	22	26	26	22	22	22	20	19	22	22	22	22	23	22	22	22	22	22	22	22	22	22	22	22	22	22	22	22	22	22	22	22	22	22	22	22	22
LOC_50	24	24	24	24	24	24	24	24	24	24	24	24	24	24	25	24	24	24	24	24	24	24	24	24	24	24	24	24	24	24	24	24	24	24	26	26	24	24	24	24	24	24	24	24	24	24	24	24	24	24	24	24	24	24	24	24	24	24	21	22	27	25	25	24	24	24	24	27	27	24	24	24	24	24	24	24	24	24	24	24	24	24	27	27	24	24	24	24	24	24	24	24	24	24	24	24	24	24	24	24	24
LOC_51	27	27	27	28	28	28	28	28	28	28	27	27	27	27	28	28	28	27	27	27	27	27	28	28	27	28	27	26	26	26	27	27	26	26	28	28	28	28	28	28	28	28	28	27	27	27	27	28	28	32	32	28	30	27	27	28	28	28	28	28	28	28	28	28	28	28	28	28	28	28	27	27	28	28	28	28	28	28	28	28	28	28	28	28	28	28	28	28	27	27	28	28	28	28	28	28	28	28	28	28	28
LOC_52	17	17	17	17	17	17	16	17	17	17	17	17	17	17	17	17	17	17	17	17	17	17	17	17	17	17	17	17	17	17	17	17	17	17	17	17	17	17	17	16	16	17	17	17	17	17	17	17	17	17	17	17	17	17	17	16	17	17	17	17	17	17	17	17	17	17	17	17	17	17	17	17	17	17	17	17	17	17	17	17	17	17	17	17	16	16	17	17	17	17	17	17	16	16	17	17	17	17	17	17	17
LOC_53	7	7	7	7	7	7	7	7	7	7	7	7	7	7	7	7	7	7	7	7	7	8	8	7	7	7	7	7	7	7	7	7	7	7	7	7	7	7	7	7	7	7	7	7	7	7	7	7	7	7	7	7	7	7	7	7	7	7	7	7	7	7	7	7	7	7	7	7	7	7	7	7	7	7	7	7	7	7	7	7	7	7	7	7	7	7	7	7	7	7	7	7	7	7	7	7	7	7	7	7	7
LOC_54	15	15	15	15	15	15	15	15	15	15	15	15	15	16	15	15	15	15	15	15	15	15	15	15	15	15	15	15	15	15	16	16	15	15	15	15	15	15	15	15	15	15	15	15	15	15	15	15	15	15	15	15	15	15	15	15	15	15	15	15	15	15	15	15	15	15	15	15	15	15	16	16	15	15	15	15	15	15	15	15	15	15	15	15	15	15	15	15	15	15	15	15	15	15	15	15	15	15	15	15	15
LOC_55	21	21	21	21	21	21	21	22	21	21	19	21	21	21	21	21	21	21	21	21	21	21	21	21	21	20	21	19	21	21	21	21	21	21	21	21	21	21	21	21	21	21	21	21	21	21	21	21	21	21	21	21	21	22	22	21	21	21	21	21	21	21	21	22	22	21	21	21	21	21	21	21	21	21	21	21	21	21	21	21	21	21	21	21	21	21	21	21	19	19	21	21	21	21	21	21	21	21	21	21	21
LOC_56	16	16	16	16	16	16	16	16	16	16	16	16	16	16	16	16	16	15	16	16	16	16	16	16	16	16	16	16	16	16	16	16	18	18	16	16	16	16	16	16	16	16	16	16	16	16	16	16	16	16	16	16	16	16	16	16	16	16	16	16	16	16	16	16	16	16	16	16	16	16	16	16	16	16	16	17	16	16	16	16	16	16	16	16	16	17	16	16	16	16	16	16	16	16	16	16	16	16	16	16	16
LOC_57	15	15	15	15	15	15	15	15	17	15	15	15	15	15	15	15	15	15	15	15	15	15	15	15	15	15	15	15	16	16	15	15	15	15	15	15	15	15	15	15	15	15	15	15	15	15	15	15	15	15	15	15	15	15	15	15	15	15	15	15	15	15	15	15	15	15	15	15	15	15	15	15	15	15	15	15	15	15	15	15	15	15	15	15	15	15	15	15	15	15	15	15	15	15	15	15	15	15	15	15	15
LOC_58	15	15	15	15	15	15	15	15	15	15	15	15	15	15	15	15	15	15	15	15	15	15	15	15	15	15	15	15	15	15	15	15	15	15	15	15	15	15	16	15	15	15	15	15	15	15	15	15	15	15	15	15	15	15	15	15	15	15	15	15	15	15	15	15	15	15	15	15	15	15	15	15	15	15	15	15	15	15	15	15	15	15	15	15	15	15	15	15	15	15	14	15	15	15	15	15	15	15	15	15	15
LOC_59	14	14	14	14	14	14	14	14	14	14	14	14	14	14	14	14	14	14	14	14	14	14	14	14	14	14	14	14	14	14	14	14	14	14	14	14	14	14	14	14	14	14	14	14	14	15	15	14	14	14	14	14	14	14	14	14	14	14	14	14	14	14	14	14	14	14	14	14	14	14	14	14	14	14	14	14	14	14	14	14	14	14	14	14	14	14	14	14	14	14	14	14	14	14	14	14	14	14	14	14	14
LOC_60	14	14	14	14	14	14	14	14	14	14	14	15	15	14	14	14	14	14	14	14	14	14	14	14	14	14	14	14	14	14	14	14	14	14	14	14	14	14	14	14	14	15	14	14	14	14	14	14	14	14	14	14	14	14	14	14	14	14	14	14	14	14	14	14	14	14	14	14	14	14	14	14	14	14	15	17	14	14	13	13	14	14	14	14	14	14	14	14	14	14	14	14	14	14	14	14	14	14	14	14	14
LOC_61	10	10	10	10	10	10	10	10	10	10	10	10	10	10	10	10	10	10	10	10	10	10	10	10	10	10	11	12	10	10	10	10	10	10	10	10	10	10	10	10	10	10	10	10	10	10	10	10	10	10	10	10	10	10	10	10	10	10	10	10	10	10	10	10	10	10	10	10	10	10	10	10	10	10	10	10	10	10	10	10	10	10	10	10	10	10	10	10	10	10	10	10	10	10	10	10	10	10	10	10	10
LOC_62	13	13	13	13	13	13	13	13	13	13	13	13	13	13	13	13	13	13	13	13	13	13	13	13	13	13	13	13	13	13	13	13	13	13	13	14	15	13	13	13	13	13	13	14	14	13	13	13	13	13	13	13	13	13	13	14	13	13	13	13	13	13	13	13	13	13	13	13	13	13	13	13	13	13	13	13	13	13	13	13	13	13	13	13	13	13	13	13	13	13	13	13	13	13	13	13	13	13	13	13	13
LOC_63	12	12	12	12	12	12	12	12	12	12	12	12	12	12	12	12	12	12	12	12	12	12	12	12	12	12	12	12	12	12	12	12	12	12	12	12	12	12	12	13	13	12	12	12	12	12	12	12	12	12	12	12	12	12	12	12	12	12	12	12	12	12	12	12	12	12	12	12	12	12	12	12	12	12	12	12	12	12	12	12	12	12	12	12	12	12	12	12	12	12	12	12	12	12	12	12	12	12	12	12	12
LOC_64	23	24	24	20	23	23	23	23	23	23	23	23	23	23	23	23	23	23	23	23	23	23	23	23	23	24	23	23	23	23	23	23	23	23	22	23	24	23	23	23	23	23	23	23	23	23	23	22	22	23	23	23	23	22	23	23	23	23	23	23	23	23	23	23	23	23	23	23	23	23	23	23	23	23	24	24	23	24	22	22	23	23	23	23	23	23	23	23	23	23	23	23	23	23	23	23	23	23	24	24	23
LOC_65	14	16	16	16	16	16	16	16	16	16	16	16	16	16	16	16	16	16	16	16	16	16	16	16	16	16	16	17	16	16	16	16	16	16	16	16	16	16	16	16	16	16	16	16	16	16	16	16	16	16	16	16	16	16	16	16	16	16	16	16	16	16	14	16	16	16	16	16	16	16	16	17	17	17	16	16	16	16	16	16	16	16	16	16	16	16	16	16	16	16	16	16	16	16	16	16	16	16	16	16	16
LOC_66	19	19	19	19	19	20	20	19	19	19	19	19	19	19	20	19	19	19	19	19	20	20	19	19	19	20	19	19	19	19	19	19	19	19	19	19	20	20	20	19	19	19	19	19	19	19	19	19	19	19	19	19	19	19	19	20	19	20	19	19	18	19	19	19	19	20	20	19	19	19	19	19	20	20	20	20	19	20	19	19	19	19	19	19	20	20	19	19	19	19	18	18	20	20	19	19	19	19	20	20	20
LOC_67	14	14	14	14	14	14	14	14	14	14	14	14	14	14	14	14	14	14	14	14	14	14	14	14	14	14	15	14	14	14	14	14	14	14	14	14	14	14	14	14	14	14	14	14	14	14	14	14	14	14	14	14	14	14	14	14	14	14	14	14	14	14	15	14	14	14	14	14	14	14	14	14	14	14	14	14	14	14	14	14	14	14	14	14	14	14	14	14	14	14	14	14	14	14	14	14	14	14	14	14	14
LOC_68	19	19	19	19	19	19	19	19	19	19	19	19	19	20	19	19	19	19	19	19	19	19	19	19	19	19	19	19	19	19	20	20	19	19	19	19	19	19	19	19	19	19	19	20	20	19	19	19	19	19	19	19	19	19	19	19	19	19	19	19	19	19	19	19	19	19	19	19	19	19	20	20	19	19	19	19	19	19	19	19	19	19	19	19	19	19	19	19	19	19	19	19	19	19	18	18	19	19	19	19	19
LOC_69	16	16	16	16	16	16	16	16	16	16	16	16	16	16	16	16	16	16	16	16	16	16	16	16	16	16	16	16	16	16	16	16	16	16	16	16	16	16	16	16	16	16	16	16	16	16	16	16	16	16	16	16	16	16	16	16	16	16	16	16	16	16	16	16	16	16	16	16	16	16	16	16	16	16	16	16	15	16	19	16	16	16	16	16	16	16	16	16	16	16	15	15	16	16	16	16	16	16	16	16	16
LOC_70	21	20	20	21	21	21	21	21	21	21	21	22	22	21	21	22	21	21	21	21	21	21	21	23	21	21	21	21	21	21	21	21	21	21	21	21	21	21	21	21	21	21	21	22	21	21	21	21	21	21	21	21	21	21	21	21	21	21	22	19	21	21	21	21	21	21	21	21	21	21	21	21	22	21	21	21	22	21	21	21	21	21	21	21	19	21	21	21	21	21	22	22	21	21	21	21	21	21	21	21	21
LOC_71	12	13	13	12	12	12	12	12	12	12	12	12	12	12	12	12	12	12	12	12	12	12	12	12	12	12	12	12	12	12	12	12	12	12	12	12	12	12	12	12	12	12	12	12	12	12	12	12	12	12	12	12	12	12	12	12	12	12	12	12	12	12	12	12	12	12	12	12	12	12	12	12	12	12	12	12	12	12	12	12	12	12	12	12	12	12	12	12	12	12	12	12	12	12	12	12	12	12	12	12	12
LOC_72	14	14	14	14	14	14	14	14	14	14	14	14	14	14	14	14	14	14	14	14	14	14	14	14	14	14	14	14	14	14	14	14	14	14	14	14	14	14	14	14	14	14	14	14	14	14	14	14	14	14	14	14	14	14	14	15	14	14	14	14	14	14	14	14	14	14	14	14	14	14	14	14	14	14	14	14	14	14	14	14	14	14	14	14	14	14	14	14	14	14	14	14	15	15	14	14	14	14	14	14	14
LOC_73	21	21	21	21	21	21	21	21	21	21	21	21	21	21	21	21	21	21	21	21	21	21	21	21	21	21	21	21	21	21	21	21	21	21	21	21	21	21	21	21	21	21	21	21	21	21	21	22	22	21	21	21	21	21	21	21	21	21	21	21	21	21	21	21	21	21	21	21	21	21	21	21	21	21	21	21	21	21	22	22	21	21	21	21	21	21	21	21	21	22	21	21	21	21	21	20	21	21	21	21	21
LOC_74	21	21	21	21	21	21	21	21	21	21	21	21	21	21	21	20	21	21	21	21	21	21	21	21	21	21	21	21	21	21	21	21	22	25	20	20	21	21	20	20	22	21	21	21	21	21	21	21	21	21	21	21	21	21	21	21	21	21	21	21	21	21	21	21	21	21	21	21	21	22	21	22	21	21	21	21	21	21	21	21	21	21	21	21	21	21	21	21	21	21	21	21	21	21	21	21	21	21	21	21	21
LOC_75	15	15	15	15	15	15	15	15	15	15	15	15	15	15	15	17	15	17	17	15	15	15	15	15	15	15	15	15	15	15	15	15	17	17	17	17	15	15	15	17	17	15	15	15	15	15	15	15	15	15	15	15	15	15	15	15	15	15	15	15	15	15	15	15	15	15	15	15	15	15	15	15	15	15	15	15	15	15	15	15	15	15	15	15	15	15	15	15	15	15	15	15	15	15	15	15	15	15	15	15	15
LOC_76	18	18	18	18	18	18	18	18	18	18	18	18	18	18	18	18	18	18	18	21	18	18	18	18	18	18	21	21	18	18	18	18	18	18	18	18	18	18	19	18	18	19	19	18	18	18	17	18	18	18	18	18	18	17	18	18	18	18	18	18	16	18	18	18	18	17	18	18	18	18	18	18	18	18	18	18	18	19	18	18	18	18	18	18	18	18	18	18	18	18	18	18	18	18	18	18	18	18	19	19	18
LOC_77	9	9	9	9	9	9	9	9	9	9	9	9	9	9	9	9	9	9	9	9	9	9	9	9	9	9	9	9	9	9	9	9	9	9	9	9	9	9	9	9	9	9	9	9	9	9	9	9	9	9	9	9	9	9	9	9	9	9	9	9	9	9	9	9	9	9	9	9	9	9	9	9	9	9	9	9	9	9	9	9	9	9	9	9	9	9	9	9	9	9	9	9	9	9	9	9	9	9	9	9	9
LOC_78	15	15	15	16	16	15	15	16	15	15	15	15	15	15	15	15	16	15	15	15	15	15	14	15	15	15	15	15	15	15	15	15	15	15	15	15	15	15	15	15	15	15	15	15	15	15	15	17	17	15	15	15	15	15	15	15	15	15	15	15	16	15	15	16	16	15	15	16	17	15	15	15	15	15	15	15	15	15	17	17	15	15	16	16	15	15	16	16	15	15	15	15	15	15	15	15	15	15	15	15	15
LOC_79	12	12	12	12	12	12	12	12	12	12	12	12	12	12	12	12	12	12	12	12	12	12	13	14	12	12	12	12	14	12	12	12	12	12	12	12	12	12	12	12	12	12	12	12	12	12	12	12	12	12	12	12	12	13	12	12	12	12	12	12	12	12	12	12	12	12	12	12	12	12	12	12	12	12	12	12	12	12	12	12	12	12	12	12	12	12	12	12	12	12	12	12	12	12	12	12	12	12	12	12	12
LOC_80	15	15	15	16	16	15	15	16	16	16	15	15	15	15	15	16	15	16	16	15	15	15	15	15	15	15	15	15	15	15	15	15	16	16	16	16	15	15	15	16	16	17	16	15	15	15	15	19	19	19	19	16	16	15	14	15	15	15	15	16	16	15	15	16	16	15	15	16	16	16	15	15	15	15	15	15	15	15	19	19	16	16	16	16	15	16	16	16	15	15	15	15	15	15	15	15	15	15	15	15	15
LOC_81	21	21	21	22	22	21	21	22	22	22	20	21	21	21	22	22	21	22	22	21	21	21	21	21	21	21	21	21	21	21	21	21	22	22	25	25	21	21	21	22	22	22	22	21	21	21	21	21	21	22	22	22	22	21	21	22	21	21	22	22	22	21	21	22	22	21	21	22	22	22	21	20	21	21	21	21	21	21	21	21	22	22	22	22	22	22	22	22	21	21	21	21	22	22	21	21	21	21	21	21	21
LOC_82	20	20	20	20	20	20	20	20	20	22	20	20	20	20	20	20	21	20	20	20	19	19	20	20	21	20	20	20	20	20	20	20	20	20	20	20	20	20	20	20	20	20	20	20	20	20	21	20	20	20	20	21	20	21	21	20	19	19	20	20	20	20	20	20	20	20	20	20	20	20	20	19	20	20	20	20	20	20	20	20	20	20	20	20	20	20	20	20	20	20	20	20	20	20	20	20	20	20	20	20	20
LOC_83	19	19	19	20	20	19	21	20	20	20	19	19	19	20	21	20	19	20	20	19	21	21	19	19	19	21	19	19	19	19	20	20	20	20	20	20	21	21	21	20	19	20	20	20	20	19	19	20	20	19	19	20	20	19	19	21	21	21	20	20	20	20	20	20	20	21	21	20	20	20	20	20	21	21	21	21	19	21	20	20	20	21	20	20	21	21	20	20	19	19	19	19	21	21	19	19	19	19	21	21	21
LOC_84	10	10	10	10	10	10	10	10	10	10	10	10	10	11	10	10	10	10	10	10	10	10	10	10	10	10	10	10	10	10	11	11	10	10	10	10	10	10	10	10	10	10	10	11	11	10	10	10	10	10	10	10	10	10	10	10	10	10	10	10	10	11	11	10	10	10	10	10	10	10	11	11	10	10	10	10	10	10	10	10	10	10	10	10	10	10	10	10	10	10	10	10	10	10	10	10	9	10	10	10	10
LOC_85	21	20	20	21	21	21	21	21	21	21	21	20	20	21	21	21	20	21	22	21	21	21	21	21	20	21	21	21	21	21	21	21	21	21	21	21	21	21	21	21	21	21	21	21	21	22	22	21	21	21	21	21	21	20	20	21	21	21	21	21	20	21	21	21	21	21	21	20	20	21	24	21	21	21	21	21	20	21	21	21	21	21	20	20	21	21	20	20	21	21	20	20	21	21	21	21	21	21	22	21	21
LOC_86	20	20	20	20	18	20	20	20	20	20	20	20	20	20	20	20	20	20	20	20	20	20	20	20	20	20	20	20	20	20	20	20	20	20	20	20	20	20	20	20	20	20	20	20	20	20	20	20	20	20	20	20	20	20	20	20	20	20	20	19	18	20	20	20	20	20	20	18	18	20	20	20	20	20	20	20	20	20	20	20	20	20	18	17	19	19	18	18	20	20	20	20	20	20	20	20	20	20	20	20	20
LOC_87	16	16	16	17	15	17	17	17	17	17	16	16	16	17	17	17	16	17	17	16	17	17	17	17	16	20	16	16	17	17	17	17	17	17	17	17	20	17	17	17	17	17	17	17	17	16	16	17	17	17	17	17	17	16	16	17	17	17	17	17	17	17	17	17	17	17	17	17	17	17	17	17	17	17	20	20	16	17	17	17	17	17	17	17	17	17	17	17	16	16	16	16	17	17	17	17	17	17	17	17	17
LOC_88	23	23	23	23	23	23	23	23	23	23	23	23	23	23	23	22	23	25	25	23	23	23	23	23	23	23	23	23	23	23	23	23	23	23	23	23	23	23	22	23	23	21	21	23	23	23	23	21	21	21	21	21	21	25	25	23	23	23	24	23	23	23	23	23	23	23	23	23	23	23	23	23	23	22	23	23	23	23	21	21	23	23	23	23	23	23	23	23	23	23	23	23	24	23	23	23	23	23	23	23	23
LOC_89	22	22	24	22	22	22	22	22	22	23	22	22	22	22	22	22	22	22	20	22	22	22	22	22	22	22	20	20	22	22	22	22	22	22	22	22	22	22	22	22	22	22	22	22	22	22	22	22	22	22	22	22	22	22	22	22	22	22	22	22	22	22	22	22	22	22	22	22	22	22	22	22	22	22	22	22	22	22	22	22	22	22	22	22	22	22	22	22	22	22	22	22	22	22	20	22	22	22	22	22	22
LOC_90	12	12	12	12	12	12	12	12	12	12	12	12	12	12	11	12	12	12	12	12	12	12	12	12	12	12	12	12	12	12	12	12	12	12	12	12	12	12	12	12	12	12	12	12	12	12	12	12	12	12	12	12	12	12	12	12	12	12	12	12	12	12	12	12	12	12	12	12	12	12	12	12	13	12	12	12	12	12	12	12	12	12	12	12	12	12	12	12	12	12	12	12	12	12	12	12	12	12	12	12	12
LOC_91	13	14	13	13	13	13	13	13	13	13	13	13	13	13	13	13	13	13	13	13	13	13	13	13	13	13	13	13	13	13	13	13	13	13	13	13	13	13	13	13	13	13	13	13	13	13	13	13	13	13	13	13	13	13	13	13	13	13	13	13	13	14	13	13	14	13	13	13	13	13	13	13	13	13	13	13	13	13	15	15	13	13	13	13	13	13	13	13	13	13	13	13	13	13	13	13	13	13	13	13	13
LOC_92	12	12	12	12	12	12	12	12	12	12	12	12	12	12	12	12	12	12	12	12	12	12	12	12	12	12	12	12	12	12	11	11	12	12	12	12	12	12	12	12	12	12	12	12	12	12	12	12	12	12	12	12	12	12	12	12	12	12	12	12	12	12	12	12	12	12	12	12	12	12	11	11	12	12	12	12	12	12	12	12	12	12	12	12	12	12	12	12	12	12	12	12	12	12	12	12	12	12	12	12	12
LOC_93	20	20	20	20	20	20	22	20	20	20	20	20	20	19	20	20	20	20	20	20	20	20	20	20	20	20	20	20	20	20	19	19	20	20	20	20	20	20	20	20	20	20	20	19	19	20	20	20	20	20	20	20	20	20	20	20	20	20	21	20	20	19	19	20	20	20	20	20	20	20	19	19	20	20	20	20	20	20	20	21	20	20	20	20	20	20	20	20	20	20	20	20	20	20	20	20	20	20	20	20	20
LOC_94	24	25	25	25	26	24	24	25	24	24	24	25	25	24	23	24	25	24	24	24	24	24	24	24	25	24	24	24	24	24	24	24	24	24	24	24	24	24	24	24	24	24	24	24	24	24	24	24	24	24	24	24	24	25	25	24	24	24	24	23	25	24	24	25	25	24	24	25	25	24	24	23	24	24	24	24	25	24	25	24	24	24	25	25	24	24	25	25	24	26	26	26	24	24	24	24	24	24	24	24	24
LOC_95	14	14	14	14	14	14	14	14	14	14	14	14	14	14	14	14	14	14	14	14	14	14	14	14	14	14	14	14	14	14	14	14	14	14	14	14	14	14	14	14	14	14	14	14	17	14	14	14	14	14	14	14	14	14	14	14	14	14	14	14	14	14	14	14	14	14	14	14	14	14	14	14	14	14	14	14	14	14	14	14	14	14	14	14	14	14	14	14	14	14	14	14	14	14	14	14	14	14	14	14	14
LOC_96	21	20	20	20	20	21	21	20	20	20	21	20	20	21	21	21	20	20	21	21	21	21	21	21	20	21	21	21	21	21	21	21	21	21	21	21	21	21	21	25	24	21	21	21	21	21	21	21	21	21	21	21	21	20	20	21	21	21	21	20	20	21	20	20	20	21	21	20	20	21	21	21	21	21	21	21	20	21	21	21	21	22	20	20	21	21	20	20	20	21	20	20	21	21	21	21	21	21	21	21	21
LOC_97	14	14	14	14	14	14	16	14	14	14	14	14	14	14	14	14	14	14	14	14	16	16	14	14	14	14	14	14	14	14	14	14	14	14	14	14	14	16	16	14	14	14	14	14	14	14	14	14	14	14	14	14	14	14	13	16	16	16	14	14	14	14	14	14	14	16	16	14	14	14	14	14	14	14	14	16	14	14	14	14	14	14	14	14	16	16	14	14	14	14	14	14	16	16	14	14	14	15	13	13	16
LOC_98	15	15	15	15	15	15	15	15	15	15	15	15	15	15	15	15	15	15	15	15	15	15	15	15	15	15	15	15	15	15	16	16	13	15	15	15	15	15	15	15	15	15	15	15	15	15	15	15	15	15	15	15	15	15	15	15	15	15	15	15	15	15	15	15	15	15	15	15	15	15	16	16	15	15	15	15	15	15	15	15	15	15	15	15	15	15	15	15	15	15	15	15	15	15	15	15	15	15	15	15	15
LOC_99	21	21	21	21	21	21	21	21	21	21	20	21	21	21	21	21	21	21	21	20	21	21	21	21	21	21	21	21	21	21	21	21	21	21	21	21	20	21	21	21	21	21	21	21	21	21	21	21	22	21	21	21	21	21	21	21	21	21	21	21	21	21	21	21	21	21	21	21	21	21	21	21	21	21	20	20	21	21	21	21	21	21	21	21	21	21	21	21	20	20	21	21	21	21	21	21	21	21	21	21	21
LOC_100	22	22	22	22	22	22	22	22	22	22	21	22	22	22	22	22	22	22	22	21	22	22	22	22	22	22	21	21	22	22	22	22	22	22	22	22	22	22	22	22	22	22	22	23	23	21	16	22	22	22	22	24	23	22	22	22	22	22	22	22	22	22	22	22	22	22	22	22	22	22	22	22	22	22	22	22	22	22	22	22	22	22	22	22	22	22	22	22	21	21	22	22	22	22	22	22	22	22	22	22	22
LOC_101	18	18	18	18	18	18	18	18	18	18	18	18	18	17	18	18	18	18	18	18	18	18	17	17	18	18	18	18	18	18	17	17	18	18	18	18	18	18	18	18	18	18	18	17	17	18	18	18	18	18	18	18	18	18	18	18	18	18	18	18	18	17	17	18	18	18	19	18	18	18	17	17	18	18	18	18	18	18	18	18	18	18	18	18	18	18	18	18	18	18	18	18	18	18	17	17	18	18	18	18	18
LOC_102	20	20	20	20	20	20	20	20	20	20	20	23	20	20	20	20	20	20	20	20	20	19	20	20	20	20	20	20	20	20	20	20	20	20	20	20	20	19	19	20	20	20	20	20	20	20	20	20	20	20	20	20	20	22	20	20	19	19	20	20	20	20	19	20	20	19	19	20	20	20	20	20	20	20	20	20	20	20	20	20	20	20	20	20	20	20	20	20	20	20	20	20	20	20	20	20	20	20	20	20	20
LOC_103	16	16	16	18	18	16	16	18	18	18	16	16	16	18	16	18	16	18	18	16	16	16	18	18	16	16	16	16	16	16	18	18	18	18	18	18	16	16	11	18	18	18	18	18	18	16	16	18	18	18	18	18	18	16	16	16	16	16	18	18	18	18	18	18	18	16	16	18	18	18	18	18	16	16	16	16	16	16	18	18	18	18	19	18	16	16	18	19	16	16	16	16	16	15	18	18	16	16	16	16	16
LOC_104	18	18	18	18	18	18	18	18	18	18	18	18	18	18	18	17	18	18	18	18	18	18	18	18	18	18	18	18	18	18	18	18	18	18	17	17	18	18	18	17	17	18	18	18	18	18	18	18	18	18	18	18	18	18	18	18	18	18	18	18	18	18	19	18	18	18	18	18	18	18	18	18	18	18	18	18	18	18	18	18	18	18	18	18	18	18	18	18	18	18	18	18	18	18	18	18	18	18	18	18	18
LOC_105	17	17	17	17	17	17	17	17	17	17	17	16	17	17	17	17	18	17	17	17	17	17	17	17	19	17	17	17	17	17	17	17	17	17	17	17	17	17	17	17	17	17	17	17	17	17	17	17	17	17	17	17	17	18	18	17	17	17	17	17	17	17	17	17	17	17	17	17	17	17	17	17	17	17	17	17	17	17	17	17	17	17	17	17	17	17	17	17	17	17	17	17	17	17	17	17	17	17	17	17	17
LOC_106	24	24	24	24	24	24	24	24	24	24	24	24	24	24	24	25	24	24	24	24	26	26	24	24	24	24	24	24	24	24	24	24	24	24	24	24	24	24	24	24	24	24	24	24	21	24	21	24	24	24	24	24	24	24	24	24	24	25	24	24	24	24	24	24	24	24	24	24	24	24	24	23	24	24	23	23	24	24	24	24	24	24	24	24	24	24	24	24	24	24	24	24	24	24	24	24	24	24	24	24	24
LOC_107	16	16	16	16	16	16	16	16	16	16	16	16	16	16	16	16	16	16	16	16	17	17	16	16	16	16	16	16	16	16	17	17	16	16	16	16	16	16	16	16	16	16	16	16	16	16	16	16	16	16	16	16	16	16	16	16	17	17	16	16	16	16	16	16	16	16	16	16	16	16	16	16	16	16	16	16	16	16	15	16	16	16	16	16	16	16	16	16	16	16	16	16	16	16	16	16	16	16	16	16	16
LOC_108	13	13	13	13	13	13	14	13	13	13	13	13	13	13	13	13	13	13	13	13	13	13	13	13	13	13	13	13	13	13	13	13	13	13	13	13	13	13	13	13	13	13	13	13	13	13	13	13	13	13	13	13	13	13	13	13	13	13	13	13	13	13	13	13	13	13	13	13	13	13	13	13	13	13	13	13	13	13	13	13	13	13	13	13	13	14	13	13	13	13	13	13	13	13	13	13	13	13	13	13	13
LOC_109	15	15	15	15	15	15	15	15	15	15	15	15	15	15	15	15	15	15	15	15	15	15	15	15	15	15	15	15	15	15	15	15	15	15	15	15	15	15	15	12	12	15	15	15	15	15	15	15	15	15	15	15	15	15	15	15	15	15	15	15	15	15	15	15	15	15	15	15	15	15	15	15	15	15	15	15	15	15	15	15	15	15	15	15	16	15	15	15	15	15	15	15	15	15	15	14	15	15	15	15	15
LOC_110	12	12	12	12	12	12	12	12	12	12	12	12	12	12	12	12	12	12	12	12	12	12	12	12	12	12	12	12	12	12	12	12	12	12	12	12	12	12	12	12	12	12	12	12	12	12	12	12	12	12	12	12	12	12	12	12	12	12	12	12	12	12	12	12	12	12	12	12	12	12	12	12	12	12	12	12	12	12	12	12	12	12	12	12	12	12	12	12	12	12	12	12	12	12	12	12	12	12	12	12	12
LOC_111	27	27	27	27	27	26	27	27	27	27	27	27	27	27	27	27	27	27	27	27	27	27	27	27	27	27	27	27	27	27	27	27	27	27	27	27	27	27	27	27	27	27	27	28	27	27	27	28	27	27	27	27	27	25	25	27	27	27	27	27	27	27	27	28	27	27	27	27	27	27	27	27	27	27	27	27	29	27	26	26	27	27	27	27	27	27	27	25	27	27	29	29	27	27	27	27	26	26	27	27	27
LOC_112	7	7	7	7	7	7	7	7	7	7	7	7	7	7	7	7	7	7	7	7	7	7	7	7	7	7	7	7	7	7	7	7	7	7	7	7	7	7	7	7	7	7	7	7	7	7	7	7	7	7	7	7	7	7	7	7	7	7	7	7	7	7	7	7	7	7	7	7	7	7	10	10	7	7	7	7	7	7	7	7	7	7	7	7	7	7	7	7	7	7	7	7	7	7	7	7	7	7	7	7	7
LOC_113	22	22	22	22	22	22	22	22	22	22	22	22	22	23	22	22	22	22	22	22	22	22	23	23	22	22	22	22	22	22	23	23	21	21	22	22	22	22	22	22	22	22	21	23	23	22	22	22	23	22	22	22	22	22	22	22	22	22	22	22	22	23	23	22	22	22	22	22	22	22	23	23	22	22	22	22	22	22	23	23	22	21	22	22	22	22	22	22	22	22	22	22	22	22	23	23	23	23	22	22	22
LOC_114	15	15	15	15	15	15	15	15	15	15	15	15	15	15	15	15	15	15	15	15	15	15	15	15	15	15	15	15	15	15	15	15	15	15	15	15	15	15	15	15	15	15	15	15	15	15	15	15	15	15	15	15	15	15	15	15	15	15	15	15	15	15	15	15	15	15	15	15	15	15	15	15	15	15	15	15	15	15	15	15	15	15	15	15	15	15	15	15	15	15	15	15	15	15	15	15	15	15	15	15	15
LOC_115	22	22	22	22	22	24	20	22	22	22	22	22	22	22	22	22	22	22	22	22	20	20	22	22	22	22	22	22	24	24	22	22	22	22	22	22	22	21	21	22	22	22	22	22	22	23	23	22	22	22	22	22	22	22	22	20	20	20	22	22	22	22	22	22	22	21	21	22	22	22	22	22	22	22	22	22	22	22	22	22	22	22	22	22	20	20	22	22	22	22	22	22	20	20	22	22	24	24	22	22	20
LOC_116	15	15	15	15	15	15	15	15	15	15	15	15	15	15	15	15	15	15	15	15	15	15	15	15	15	15	15	15	15	15	15	15	15	15	15	15	15	15	15	15	15	14	14	15	15	15	15	14	14	14	14	14	14	15	15	15	15	15	15	15	15	15	15	15	15	15	15	15	15	15	15	15	15	15	15	15	15	15	14	14	15	15	15	15	15	15	15	15	15	15	15	15	15	15	15	15	15	15	15	15	15
LOC_117	17	17	17	17	17	17	17	17	17	17	14	17	17	17	17	17	17	17	17	14	17	17	17	17	17	17	14	14	17	17	17	17	17	17	17	17	17	17	17	17	17	17	17	17	17	14	14	17	17	17	17	17	17	17	17	17	17	17	17	17	17	17	17	17	17	17	17	17	17	17	17	17	17	17	17	17	17	17	17	17	17	17	17	17	17	17	17	17	14	14	17	17	17	17	17	17	17	17	17	17	17
LOC_118	8	8	8	8	8	8	8	8	8	8	9	8	8	8	8	8	8	8	8	8	8	8	8	8	8	8	8	8	8	8	8	8	8	8	9	8	8	8	9	8	8	8	8	8	8	8	8	8	8	8	8	8	8	8	8	8	8	8	8	8	8	8	8	8	8	8	8	8	8	8	8	8	8	8	8	8	8	8	8	8	8	8	8	8	8	8	8	8	9	9	8	8	8	8	8	8	8	8	8	8	8
LOC_119	13	14	14	13	13	13	13	14	13	13	13	13	13	13	13	13	14	13	13	13	13	13	13	13	14	13	13	13	13	13	13	13	13	13	13	13	13	13	13	13	13	13	13	13	13	13	13	13	13	13	13	13	13	14	14	13	13	13	12	12	13	13	13	14	14	13	13	13	13	12	13	13	13	13	13	13	13	13	13	13	12	12	13	13	13	13	13	13	13	13	13	13	13	13	13	13	13	13	13	13	13
LOC_120	17	17	17	17	17	18	17	17	17	17	18	17	17	18	17	17	17	17	17	18	17	17	17	17	17	17	18	18	17	17	18	18	17	17	17	17	17	17	17	17	17	17	17	18	18	18	18	17	17	17	17	17	17	17	17	17	17	17	17	17	17	17	17	16	17	17	17	17	17	17	18	18	17	17	17	17	17	17	17	17	17	17	17	17	17	17	17	17	18	18	17	17	17	17	17	17	18	18	17	17	17
LOC_121	19	19	19	20	19	19	19	20	19	19	19	19	19	19	19	19	19	19	19	20	19	19	19	19	19	19	19	19	19	19	19	19	19	18	19	19	19	19	19	19	19	19	19	19	19	19	19	19	19	19	19	19	19	19	19	19	19	19	19	19	19	19	19	20	20	19	19	19	19	19	19	19	19	19	19	19	19	19	19	19	19	19	19	19	21	19	19	19	19	19	19	19	18	19	19	19	19	19	19	19	19
LOC_122	21	21	21	21	21	21	21	20	21	21	21	21	21	21	21	21	21	21	21	21	21	21	21	21	21	21	21	22	21	21	21	21	21	21	21	21	21	21	21	21	21	21	21	21	21	21	21	21	21	22	21	21	21	21	21	21	21	21	21	21	21	21	21	20	20	21	21	21	21	21	21	21	21	21	21	21	22	21	21	21	21	21	21	21	21	21	21	21	22	22	22	22	21	21	21	21	21	22	21	21	21
LOC_123	23	23	22	23	23	23	23	25	23	23	23	23	23	23	23	23	23	23	23	22	23	23	24	24	23	23	23	23	23	23	23	23	23	23	24	24	23	23	23	22	23	23	23	23	23	23	23	23	23	23	23	23	23	23	23	23	23	23	23	23	23	23	23	23	23	23	23	23	23	23	21	21	23	23	23	23	23	23	23	23	24	23	23	23	23	23	23	23	23	23	23	23	23	23	23	23	23	23	23	23	23
LOC_124	18	18	18	18	18	18	18	18	18	18	18	18	18	18	18	18	18	18	18	20	19	18	18	18	18	18	20	20	18	18	18	18	18	18	18	18	18	18	18	18	18	16	16	18	18	18	18	16	16	16	16	16	16	18	18	18	18	18	18	18	18	18	18	18	18	18	18	18	18	18	18	18	18	18	18	18	18	18	16	16	21	21	18	18	18	18	18	18	18	18	16	18	18	18	18	18	18	18	18	18	18
LOC_125	19	21	20	21	21	21	21	21	21	21	23	21	21	21	21	21	21	21	21	21	21	21	21	21	21	21	21	21	21	21	21	21	21	21	21	21	21	21	21	21	21	21	21	23	21	21	21	21	21	21	21	21	21	21	21	21	21	21	21	21	21	22	21	21	21	21	21	21	21	21	21	21	21	21	20	21	21	21	21	21	21	21	21	21	21	21	21	21	21	21	21	21	21	21	21	21	21	21	20	20	21
LOC_126	24	24	24	25	24	24	24	25	23	24	24	24	24	24	24	24	24	25	25	23	24	24	24	24	24	24	23	23	25	24	24	24	24	24	24	24	24	24	24	24	23	24	24	25	24	24	24	24	24	24	22	24	24	24	24	24	24	24	24	24	24	24	24	25	24	24	24	24	24	24	25	25	24	24	24	24	24	24	24	24	24	24	24	24	24	24	24	24	25	24	24	24	24	24	24	24	24	24	24	24	24
LOC_127	23	23	23	23	23	23	23	23	23	23	23	23	23	23	23	23	23	23	23	23	24	24	23	23	23	23	23	23	23	23	23	23	23	22	23	23	23	24	24	23	23	23	23	23	23	23	23	23	23	23	23	22	23	23	23	23	24	24	21	22	23	23	23	23	23	24	24	23	23	21	23	23	23	23	23	23	23	24	23	23	21	21	23	23	23	23	23	23	23	23	23	23	23	23	23	23	23	23	24	24	23
LOC_128	21	21	21	21	21	21	21	21	21	21	21	22	22	22	21	21	21	17	17	21	21	20	21	21	21	21	21	21	21	21	21	20	17	17	21	21	21	21	21	21	21	21	21	21	21	21	21	20	20	21	21	21	21	21	21	21	21	21	21	22	21	21	21	21	21	21	21	21	21	21	21	21	21	21	21	21	21	21	20	20	21	21	21	21	21	21	21	21	21	21	21	21	21	21	21	21	21	21	21	21	21
