names	Run1_C_8	Run1_C_14	Run1_C_15	Run1_C_19	Run1_C_20	Run1_C_22	Run1_C_23	Run1_C_24	Run1_C_25	Run1_C_27	Run1_C_30	Run1_C_32	Run1_C_33	Run1_C_34	Run1_C_35	Run1_C_36	Run1_C_37	Run1_C_39	Run1_C_40	Run1_C_41	Run1_C_42	Run1_C_43	root
LOC_1	20	19	19	19	18	17	17	20	21	18	18	21	17	19	18	18	18	18	20	22	19	21	19
LOC_2	19	21	22	20	21	21	22	21	21	21	21	19	19	21	21	21	21	20	20	19	18	18	20
LOC_3	7	7	7	7	7	7	7	7	7	7	7	7	7	7	8	7	7	7	7	5	7	7	7
LOC_4	7	7	7	7	7	10	8	8	8	7	7	8	7	7	7	7	7	7	7	7	9	9	7
LOC_5	7	7	7	7	7	7	8	7	7	7	7	7	8	7	7	8	8	7	7	7	7	9	7
LOC_6	16	19	18	16	16	16	16	15	16	16	16	16	16	16	16	16	16	16	17	19	16	16	16
LOC_7	13	14	12	13	14	12	13	13	14	13	13	13	13	13	13	14	14	13	14	13	14	14	13
LOC_8	24	18	20	23	19	23	25	26	26	19	20	27	24	21	20	21	21	22	26	26	23	24	22
LOC_9	15	15	15	15	15	15	15	15	15	15	15	16	16	17	15	15	15	15	15	15	15	15	15
LOC_10	17	17	17	16	17	17	18	17	17	17	17	17	17	17	16	17	17	17	17	17	17	17	17
LOC_11	26	24	23	26	21	26	26	23	25	23	23	25	27	23	23	22	24	26	24	25	26	26	23
LOC_12	17	18	18	17	18	17	17	17	18	18	21	18	18	18	18	21	23	17	17	18	17	17	17
LOC_13	17	17	17	17	18	17	17	17	17	16	15	17	19	17	17	17	16	16	17	17	17	17	17
LOC_14	19	18	17	18	19	19	19	19	19	18	17	19	20	21	18	18	17	18	19	18	19	19	18
LOC_15	28	30	26	26	29	25	25	26	25	28	31	25	27	28	27	30	30	22	26	27	23	26	27
LOC_16	15	14	14	14	14	15	15	16	15	15	15	14	14	14	14	15	16	14	16	17	14	14	14
LOC_17	14	15	15	15	15	15	15	15	15	15	15	16	16	16	16	14	15	15	15	14	15	15	15
LOC_18	26	22	21	24	24	25	25	25	25	26	28	25	24	22	23	27	27	24	25	26	23	23	23
LOC_19	22	20	19	20	19	21	22	23	23	20	19	23	23	20	20	19	19	22	22	22	22	22	22
LOC_20	15	14	14	15	17	15	15	15	15	17	17	15	15	17	17	17	19	15	15	15	15	15	15
LOC_21	13	13	15	13	14	13	13	13	13	14	14	15	15	13	13	14	13	14	16	15	14	14	13
LOC_22	21	22	22	21	24	21	21	20	20	23	25	19	19	20	21	24	23	21	21	21	19	20	21
LOC_23	19	16	16	16	16	17	17	17	17	16	16	17	20	18	16	16	16	15	17	17	17	15	16
LOC_24	25	23	21	22	22	18	19	19	19	23	23	21	20	23	25	24	23	24	20	19	24	24	23
LOC_25	21	22	22	22	22	24	25	21	21	21	23	25	23	22	22	22	22	22	23	21	22	22	22
LOC_26	16	15	15	15	12	15	17	15	15	12	12	16	16	13	15	12	12	15	16	16	15	15	15
LOC_27	16	17	17	17	15	17	17	19	17	16	16	21	21	15	15	16	16	17	21	22	17	17	17
LOC_28	20	22	23	22	22	21	22	21	22	22	21	21	22	22	22	20	20	23	22	26	21	21	21
LOC_29	25	25	25	27	24	24	24	24	23	24	24	24	24	24	24	28	28	25	24	24	27	26	25
LOC_30	17	19	20	20	19	16	17	16	16	19	20	18	18	19	19	20	19	19	18	18	18	19	19
LOC_31	27	25	25	26	24	28	27	25	27	24	26	27	28	25	25	25	26	26	26	26	27	26	26
LOC_32	20	19	19	28	19	21	20	20	20	19	20	20	20	19	18	19	19	23	20	20	23	23	20
LOC_33	15	16	16	16	15	15	15	15	15	16	16	15	15	14	15	15	15	15	15	15	17	19	15
LOC_34	14	13	13	14	15	14	14	14	14	15	15	15	15	14	15	15	13	13	12	15	13	13	14
LOC_35	19	20	20	20	21	21	21	22	21	20	21	19	19	20	20	23	22	21	18	19	20	21	19
LOC_36	21	20	20	20	21	18	18	20	20	19	21	22	22	18	18	21	21	20	21	21	20	20	20
LOC_37	20	20	20	21	18	20	20	21	21	20	20	22	22	20	20	18	18	21	22	22	21	24	21
LOC_38	16	16	16	16	16	16	16	17	18	15	16	17	17	16	16	16	16	16	18	18	16	16	16
LOC_39	21	20	20	20	20	21	21	21	21	20	20	22	24	20	20	19	19	23	20	21	20	20	20
LOC_40	14	15	15	13	15	14	14	14	14	15	15	15	15	15	15	17	15	13	14	14	13	13	14
LOC_41	21	21	21	21	20	23	22	23	22	20	20	21	21	20	20	21	21	20	24	24	21	20	21
LOC_42	21	21	21	21	22	27	27	28	27	22	21	26	26	21	20	23	21	21	25	25	21	21	21
LOC_43	17	18	18	18	18	18	19	17	17	18	18	18	18	17	18	19	18	16	18	18	18	18	18
LOC_44	19	19	18	17	21	19	19	17	19	19	19	19	19	21	22	16	16	17	21	19	20	20	18
LOC_45	18	18	18	21	18	18	18	16	19	19	18	17	18	18	18	18	18	22	18	18	21	21	18
LOC_46	20	20	20	20	20	21	20	21	20	19	20	23	21	18	20	21	21	20	21	21	20	22	20
LOC_47	15	14	15	15	15	16	15	15	15	14	14	13	15	15	15	14	14	15	15	15	15	15	15
LOC_48	18	17	17	18	17	18	17	16	16	19	17	19	19	16	18	15	17	20	17	17	18	18	17
LOC_49	15	15	16	15	15	15	15	15	15	15	15	14	14	15	15	15	15	15	15	15	16	16	15
LOC_50	16	16	17	16	16	19	20	16	16	15	19	16	15	16	16	18	18	16	19	18	16	16	16
LOC_51	20	20	20	22	21	20	19	19	19	21	20	23	23	22	20	22	21	21	22	21	21	21	20
LOC_52	19	19	20	19	20	20	21	19	19	20	20	20	19	19	21	20	18	19	19	20	19	20	19
LOC_53	21	23	27	23	26	22	21	22	22	25	24	22	22	24	24	23	23	20	24	25	22	23	23
LOC_54	20	20	20	20	23	19	20	21	22	22	22	20	19	23	22	24	22	21	20	20	21	21	20
LOC_55	21	21	21	21	19	20	20	20	20	19	20	22	23	20	21	20	20	21	21	20	21	21	20
LOC_56	19	16	17	18	19	18	18	15	18	19	19	18	18	20	20	19	19	17	20	19	18	19	19
LOC_57	23	22	23	23	23	23	20	22	22	23	24	20	21	24	23	24	24	22	22	22	23	23	23
LOC_58	22	22	21	21	20	22	22	23	22	21	21	23	24	22	21	21	21	21	21	23	23	22	21
LOC_59	9	9	9	9	9	9	9	9	9	9	9	10	9	9	9	11	9	9	11	10	9	9	9
LOC_60	19	20	19	19	20	20	20	20	20	21	16	20	20	20	22	16	16	19	19	19	17	21	20
LOC_61	24	24	24	25	25	26	25	22	22	25	23	23	23	23	23	25	25	25	23	23	26	24	24
LOC_62	18	18	19	18	18	18	19	18	18	19	19	18	18	19	19	19	19	18	18	17	17	17	18
LOC_63	17	17	17	17	17	17	18	17	17	17	17	18	21	18	17	17	17	17	18	18	16	17	17
LOC_64	18	18	18	18	18	18	17	18	18	18	19	18	18	18	18	18	18	18	18	19	18	18	17
