names	Run1_C_7	Run1_C_10	Run1_C_12	Run1_C_14	Run1_C_15	Run1_C_16	Run1_C_17	Run1_C_18	Run1_C_20	Run1_C_21	Run1_C_22	Run1_C_23	root
LOC_1	19	19	22	18	18	19	19	18	19	16	19	19	19
LOC_2	23	20	24	24	24	24	24	21	20	20	21	21	20
LOC_3	7	7	7	7	7	7	7	6	7	7	7	7	7
LOC_4	6	6	6	6	6	6	6	7	6	6	7	9	7
LOC_5	8	9	10	10	10	10	10	7	9	9	7	7	7
LOC_6	16	16	16	16	16	16	16	18	16	16	18	18	16
LOC_7	13	12	15	14	14	14	14	13	16	17	13	13	13
LOC_8	22	22	22	23	23	24	20	20	23	24	20	20	22
LOC_9	15	15	15	15	15	15	15	15	15	15	15	15	15
LOC_10	17	17	18	18	18	18	18	17	17	17	17	17	17
LOC_11	25	25	26	24	24	23	24	24	24	24	22	22	23
LOC_12	18	18	18	19	19	19	20	17	17	18	17	17	17
LOC_13	19	17	18	17	19	18	19	17	17	16	17	17	17
LOC_14	18	18	19	17	17	18	18	18	18	17	18	21	18
LOC_15	26	26	24	23	26	28	27	30	24	27	26	26	27
LOC_16	13	13	13	13	13	13	13	12	13	13	14	14	14
