names	Run1_C_4	Run1_C_5	Run1_C_6	Run1_C_7	root
LOC_1	19	19	19	19	19
LOC_2	21	21	22	19	20
LOC_3	7	7	7	7	7
LOC_4	7	7	7	7	7
LOC_5	7	7	7	7	7
LOC_6	19	18	16	15	16
LOC_7	13	13	13	13	13
LOC_8	20	19	21	21	22
LOC_9	15	15	15	16	15
LOC_10	17	17	19	17	17
LOC_11	23	23	24	23	23
LOC_12	17	17	18	18	17
LOC_13	17	17	18	17	17
LOC_14	18	18	17	18	18
LOC_15	30	25	27	27	27
LOC_16	14	14	14	14	14
LOC_17	15	15	15	17	15
LOC_18	24	24	23	23	23
LOC_19	21	20	23	23	22
LOC_20	14	14	15	15	15
LOC_21	14	14	13	13	13
LOC_22	19	21	20	20	21
LOC_23	16	16	17	16	16
LOC_24	23	22	21	23	23
LOC_25	22	22	22	22	22
LOC_26	15	15	15	15	15
LOC_27	16	17	18	17	17
LOC_28	22	22	22	22	21
LOC_29	24	21	26	25	25
LOC_30	19	19	17	18	19
LOC_31	26	24	27	28	26
LOC_32	20	19	20	20	20
LOC_33	15	15	15	15	15
LOC_34	15	15	14	14	14
LOC_35	20	21	18	18	19
LOC_36	21	21	20	21	20
LOC_37	20	20	21	20	21
LOC_38	16	16	16	16	16
LOC_39	20	20	20	19	20
LOC_40	15	15	13	15	14
LOC_41	20	19	21	21	21
LOC_42	21	20	21	21	21
LOC_43	18	21	18	18	18
LOC_44	18	19	18	15	18
LOC_45	18	18	19	18	18
LOC_46	20	20	20	20	20
LOC_47	15	15	14	14	15
LOC_48	17	17	17	17	17
LOC_49	15	15	15	15	15
LOC_50	17	15	16	16	16
LOC_51	20	20	21	21	20
LOC_52	19	19	19	19	19
LOC_53	23	23	23	23	23
LOC_54	19	20	20	20	20
LOC_55	20	20	19	20	20
LOC_56	19	19	19	19	19
LOC_57	24	23	23	22	23
LOC_58	21	21	21	21	21
LOC_59	9	9	10	9	9
LOC_60	20	20	21	21	20
LOC_61	24	24	24	24	24
LOC_62	20	19	18	18	18
LOC_63	17	17	20	20	17
LOC_64	18	18	18	18	17
LOC_65	17	17	17	17	17
LOC_66	19	21	21	21	21
LOC_67	22	25	23	22	22
LOC_68	16	16	16	16	16
LOC_69	21	21	20	22	21
LOC_70	25	24	23	24	23
LOC_71	17	16	15	15	16
LOC_72	22	22	20	20	20
LOC_73	19	19	19	19	19
LOC_74	22	22	23	22	22
LOC_75	26	27	19	23	23
LOC_76	22	22	24	25	21
LOC_77	13	16	14	14	14
LOC_78	21	22	22	22	22
LOC_79	15	15	15	17	15
LOC_80	22	25	23	23	24
LOC_81	16	16	16	16	16
LOC_82	21	22	22	22	20
LOC_83	18	18	18	18	18
LOC_84	15	15	16	16	16
LOC_85	21	21	21	21	21
LOC_86	16	16	17	17	16
LOC_87	20	20	19	19	20
LOC_88	24	25	22	23	22
LOC_89	27	26	28	27	26
LOC_90	20	20	19	19	20
LOC_91	17	17	17	17	17
LOC_92	20	19	19	19	19
LOC_93	11	12	15	12	12
LOC_94	15	15	15	15	15
LOC_95	13	14	13	13	13
LOC_96	20	20	21	21	20
LOC_97	20	20	20	20	20
LOC_98	15	15	15	15	15
LOC_99	17	18	16	17	16
LOC_100	14	14	14	14	14
