names	Run1_C_6	Run1_C_8	Run1_C_10	Run1_C_11	Run1_C_15	Run1_C_17	Run1_C_18	Run1_C_19	Run1_C_20	Run1_C_21	Run1_C_22	Run1_C_23	root
LOC_1	20	19	20	20	19	19	21	20	19	20	21	19	19
LOC_2	21	20	20	20	20	21	20	19	20	20	20	20	20
LOC_3	5	7	5	5	7	8	7	7	11	8	7	7	7
LOC_4	7	7	7	7	7	7	7	7	7	8	7	7	7
LOC_5	7	7	7	7	7	7	7	7	7	7	7	7	7
LOC_6	17	16	17	17	16	17	17	18	17	17	18	18	16
LOC_7	13	13	13	13	10	10	13	13	9	9	10	10	13
LOC_8	22	24	23	23	22	21	22	22	21	21	24	23	22
LOC_9	16	15	15	15	16	17	15	15	19	16	16	16	15
LOC_10	17	17	17	17	17	17	17	17	17	17	17	17	17
LOC_11	22	22	23	22	23	24	23	23	23	23	24	20	23
LOC_12	17	17	17	17	17	17	17	17	16	16	17	17	17
LOC_13	18	17	17	19	17	17	16	17	17	17	17	17	17
LOC_14	18	18	16	18	18	19	18	18	20	20	16	18	18
LOC_15	27	26	25	26	27	23	28	27	23	21	26	24	27
LOC_16	14	14	14	14	14	14	14	14	14	14	14	14	14
LOC_17	16	15	18	16	15	15	16	16	15	15	15	15	15
LOC_18	23	23	23	23	26	25	27	24	23	23	26	25	23
LOC_19	24	21	23	23	21	20	24	23	24	20	21	22	22
LOC_20	15	17	14	14	18	18	17	16	18	18	18	19	15
LOC_21	13	13	13	13	13	13	13	13	12	12	13	13	13
LOC_22	22	21	23	21	20	21	21	21	20	20	21	24	21
LOC_23	18	16	16	16	15	16	16	16	16	16	15	16	16
LOC_24	23	25	22	23	23	25	22	22	23	23	23	23	23
LOC_25	22	22	23	22	23	21	22	22	22	22	22	21	22
LOC_26	16	15	15	15	15	18	15	16	18	18	15	15	15
LOC_27	18	17	18	18	18	18	19	19	18	18	18	18	17
LOC_28	21	21	24	24	24	23	21	21	23	23	23	23	21
LOC_29	25	25	26	28	27	26	24	24	23	29	27	27	25
LOC_30	18	19	19	19	19	19	19	19	20	20	19	19	19
LOC_31	25	24	25	26	25	26	21	24	25	25	25	28	26
LOC_32	18	20	19	18	20	18	19	22	18	18	20	20	20
LOC_33	15	15	15	16	15	15	14	15	15	15	15	15	15
LOC_34	16	14	14	14	14	15	13	13	14	14	14	14	14
LOC_35	19	18	19	19	19	19	18	19	19	19	19	19	19
LOC_36	20	20	21	21	17	19	20	20	18	18	18	17	20
LOC_37	21	19	21	22	21	21	21	21	21	19	19	22	21
LOC_38	16	16	16	16	16	16	16	16	16	17	16	16	16
LOC_39	20	19	20	20	20	20	21	22	20	19	20	19	20
LOC_40	16	14	16	16	15	15	16	16	15	16	16	15	14
LOC_41	21	21	20	18	21	23	21	21	22	23	21	21	21
LOC_42	22	22	19	19	25	23	21	21	20	19	20	20	21
LOC_43	18	18	18	18	18	18	18	18	18	18	18	18	18
LOC_44	18	18	18	17	18	18	18	18	18	18	18	18	18
LOC_45	18	19	18	18	17	18	18	18	18	18	18	18	18
LOC_46	20	20	19	20	21	20	19	19	20	24	23	20	20
LOC_47	16	16	16	15	15	15	16	16	15	15	15	15	15
LOC_48	15	17	15	15	18	17	17	17	17	17	17	18	17
LOC_49	15	15	15	16	15	15	15	17	15	15	15	15	15
LOC_50	17	16	17	18	16	16	17	16	16	16	18	16	16
LOC_51	21	20	22	21	20	19	22	22	19	19	21	21	20
LOC_52	18	22	19	19	16	16	19	19	16	16	16	16	19
LOC_53	26	21	25	24	21	20	25	28	19	19	20	20	23
LOC_54	20	20	20	20	18	17	20	20	19	20	18	17	20
LOC_55	19	20	18	19	21	21	19	19	21	21	21	21	20
LOC_56	19	21	19	19	21	21	22	21	21	20	20	20	19
LOC_57	22	23	22	22	23	22	21	23	22	22	23	23	23
LOC_58	21	23	21	21	20	20	21	21	20	20	20	20	21
LOC_59	9	9	9	9	9	9	9	9	9	9	9	9	9
LOC_60	19	20	20	19	20	20	20	20	21	20	19	19	20
LOC_61	23	23	24	25	23	24	23	23	27	26	19	20	24
LOC_62	19	18	16	16	18	18	17	18	20	18	18	19	18
LOC_63	17	17	17	17	17	17	17	17	17	17	17	17	17
LOC_64	17	17	18	18	17	17	17	17	17	17	16	17	17
LOC_65	17	17	17	18	17	18	17	17	17	17	17	17	17
LOC_66	20	21	22	22	21	22	21	21	21	21	21	21	21
LOC_67	21	22	24	24	20	21	23	22	20	21	21	22	22
LOC_68	17	16	16	21	16	16	16	16	17	19	21	16	16
LOC_69	19	21	22	21	19	21	21	21	20	19	19	19	21
LOC_70	25	23	23	26	23	25	25	26	24	24	23	23	23
LOC_71	16	16	16	16	16	16	16	16	16	16	16	16	16
LOC_72	19	20	21	21	18	20	21	21	20	20	20	20	20
LOC_73	19	18	19	19	18	18	20	19	18	17	18	18	19
LOC_74	22	24	21	23	22	22	23	23	21	21	25	23	22
LOC_75	21	25	23	23	27	27	23	23	29	27	27	29	23
LOC_76	22	20	22	22	20	21	21	21	22	21	20	18	21
LOC_77	14	14	14	14	17	17	15	15	17	17	17	16	14
LOC_78	22	22	22	22	22	20	21	22	19	19	22	22	22
LOC_79	15	15	18	15	13	15	17	18	15	15	15	15	15
LOC_80	23	26	25	23	26	23	24	24	24	23	25	27	24
LOC_81	16	18	16	16	16	14	16	16	16	15	16	16	16
LOC_82	22	20	23	23	21	21	21	21	22	21	23	21	20
LOC_83	18	18	18	18	17	16	18	18	17	18	17	17	18
LOC_84	16	16	16	17	16	16	16	16	16	17	18	16	16
LOC_85	24	20	24	23	19	20	22	21	20	20	20	22	21
LOC_86	17	16	16	18	17	19	17	17	18	17	17	18	16
LOC_87	18	20	19	20	18	21	22	22	19	20	22	20	20
LOC_88	23	20	22	22	23	18	23	22	20	22	21	21	22
LOC_89	26	26	24	24	27	31	25	25	31	28	25	25	26
LOC_90	23	20	21	21	20	20	20	20	20	20	20	20	20
LOC_91	21	15	21	21	16	16	21	21	16	16	18	15	17
LOC_92	18	19	19	19	22	22	19	19	21	21	21	21	19
LOC_93	12	12	12	12	12	11	12	12	11	11	12	12	12
LOC_94	15	15	15	15	15	15	15	15	15	15	16	15	15
LOC_95	13	14	13	13	14	14	13	13	13	13	14	14	13
LOC_96	20	20	20	20	18	19	20	20	19	19	18	18	20
LOC_97	20	23	21	22	22	20	20	23	20	20	20	21	20
LOC_98	15	15	16	16	16	16	15	14	18	17	15	14	15
LOC_99	17	17	17	17	17	17	16	16	18	19	17	17	16
LOC_100	14	15	15	13	14	14	13	13	14	14	14	14	14
LOC_101	21	21	22	19	21	20	23	21	21	21	21	20	21
LOC_102	21	19	18	19	20	20	20	20	21	21	20	20	19
LOC_103	14	14	15	15	14	14	14	13	14	14	14	14	14
LOC_104	24	21	23	24	20	24	21	20	20	20	20	20	21
LOC_105	16	16	16	16	19	16	16	16	16	17	16	17	16
LOC_106	29	28	29	28	26	27	24	28	27	29	25	26	28
LOC_107	13	15	15	15	15	15	15	15	15	18	16	15	15
LOC_108	24	24	22	21	24	23	23	24	23	22	23	22	23
LOC_109	16	13	15	15	13	14	14	14	13	13	13	13	14
LOC_110	16	16	16	16	16	16	16	16	16	16	14	14	16
LOC_111	14	15	14	14	15	15	15	17	15	15	15	15	15
LOC_112	22	20	22	22	22	21	19	22	22	22	21	21	21
LOC_113	14	14	15	14	15	16	14	14	13	13	15	15	14
LOC_114	17	17	18	18	18	17	17	17	17	17	18	18	17
LOC_115	14	14	14	14	15	15	16	14	16	16	15	15	14
LOC_116	16	15	14	14	15	15	14	14	16	15	15	15	14
LOC_117	22	19	23	23	19	20	19	19	20	20	20	20	19
LOC_118	17	16	17	17	18	16	17	17	17	16	19	18	16
LOC_119	25	23	27	25	23	27	24	25	24	25	23	24	23
LOC_120	18	18	18	18	18	18	18	18	19	20	18	18	18
LOC_121	20	21	19	18	20	23	18	18	23	23	21	20	18
LOC_122	18	20	18	20	21	19	18	20	18	18	20	20	19
LOC_123	24	26	25	25	25	23	25	25	23	24	26	25	24
LOC_124	21	22	21	23	22	23	22	23	23	23	23	22	22
LOC_125	26	28	27	29	25	24	26	27	23	23	25	25	27
LOC_126	14	14	14	14	14	10	14	14	10	10	14	14	14
LOC_127	23	22	24	25	24	24	23	23	24	27	24	23	22
LOC_128	19	20	20	19	21	22	20	21	21	21	21	21	20
LOC_129	19	19	18	19	18	18	19	19	18	18	18	18	19
LOC_130	28	24	26	27	28	24	22	22	24	24	26	24	24
LOC_131	15	15	15	16	16	15	16	16	14	15	17	16	15
LOC_132	21	21	21	21	23	22	21	21	23	23	23	22	21
LOC_133	23	23	22	22	22	22	22	20	22	21	25	22	22
LOC_134	22	23	23	22	23	23	22	22	24	24	23	23	23
LOC_135	10	14	10	10	15	17	13	13	17	17	15	15	14
LOC_136	16	15	15	15	15	15	15	15	15	15	16	15	15
LOC_137	24	25	25	24	24	25	24	24	28	26	23	25	24
LOC_138	22	21	21	24	21	18	22	21	18	18	22	22	21
LOC_139	16	17	16	16	17	15	16	15	17	17	17	17	17
LOC_140	17	16	20	17	16	17	17	18	16	16	16	16	17
LOC_141	15	15	17	17	18	17	15	15	17	17	20	20	15
LOC_142	26	27	28	27	26	26	26	26	26	26	23	25	27
LOC_143	22	21	22	22	24	22	21	23	23	23	22	23	21
LOC_144	16	15	16	16	14	16	16	16	16	16	14	11	16
LOC_145	20	20	20	20	20	20	21	21	20	20	20	20	20
LOC_146	20	20	20	20	19	19	20	20	19	19	19	19	20
LOC_147	24	21	21	21	24	26	21	21	23	24	23	23	21
LOC_148	14	15	14	14	13	14	14	13	14	15	13	13	14
LOC_149	18	18	18	18	17	18	16	16	18	19	17	17	18
LOC_150	15	15	14	15	15	15	17	15	15	15	16	15	15
LOC_151	16	16	16	15	15	17	17	17	18	19	18	17	16
LOC_152	20	20	20	20	21	20	20	20	20	20	20	20	20
LOC_153	20	19	20	18	19	19	21	19	23	20	18	20	20
LOC_154	18	17	16	18	17	17	18	19	16	17	17	17	18
LOC_155	24	21	23	25	22	23	24	23	21	24	22	23	21
LOC_156	18	17	17	17	18	16	17	17	16	16	18	18	17
LOC_157	17	17	17	16	17	18	20	17	17	17	17	17	17
LOC_158	23	22	21	22	21	21	23	22	21	20	23	23	22
LOC_159	15	15	15	15	15	14	15	16	14	14	14	15	15
LOC_160	20	19	20	20	19	18	20	20	19	19	19	19	19
LOC_161	21	21	20	21	21	20	21	22	21	20	21	22	21
LOC_162	21	21	21	21	21	22	19	19	21	22	21	21	20
LOC_163	18	18	18	18	18	16	18	18	16	15	18	18	18
LOC_164	27	20	22	22	21	21	23	23	20	20	20	20	20
LOC_165	14	15	14	15	15	16	14	14	15	16	13	13	15
LOC_166	17	17	18	17	16	17	16	16	17	17	17	17	17
LOC_167	16	16	16	16	16	16	14	16	18	18	14	15	16
LOC_168	29	28	31	31	31	32	29	30	30	31	30	30	28
LOC_169	23	22	23	23	24	23	23	23	23	22	19	19	23
LOC_170	19	19	17	17	17	20	19	20	20	20	17	17	19
LOC_171	22	23	23	22	24	25	23	24	24	24	21	23	23
LOC_172	23	20	22	22	22	20	22	22	20	20	21	22	22
LOC_173	16	16	16	16	17	17	17	18	17	17	16	17	16
LOC_174	24	23	22	22	22	22	22	22	22	22	22	21	22
LOC_175	25	28	24	23	26	26	27	26	25	27	25	25	27
LOC_176	14	14	14	14	14	14	14	14	14	15	13	13	14
LOC_177	22	24	23	22	25	23	27	26	23	23	26	26	24
LOC_178	24	22	24	25	20	24	23	23	26	24	22	22	23
LOC_179	24	21	24	26	21	23	23	23	22	22	21	21	23
LOC_180	19	23	19	19	22	22	19	19	23	23	22	22	22
LOC_181	18	18	18	18	18	18	17	17	18	18	21	20	18
LOC_182	22	23	22	24	24	24	23	23	24	25	24	24	23
LOC_183	25	25	25	24	27	26	27	27	25	25	26	28	25
LOC_184	16	16	16	16	18	17	16	16	19	19	19	19	16
LOC_185	20	21	20	20	22	20	21	21	21	21	19	19	20
LOC_186	18	16	17	17	18	16	12	14	16	16	16	16	16
LOC_187	21	21	21	21	21	22	22	20	21	18	22	22	21
LOC_188	28	26	29	27	25	27	29	28	25	26	25	27	25
LOC_189	15	14	15	15	14	14	15	15	14	14	14	16	14
LOC_190	21	22	20	20	22	22	22	22	18	18	22	22	22
LOC_191	16	17	19	22	18	16	16	17	18	17	17	17	17
LOC_192	21	21	23	21	21	21	17	18	21	21	22	23	21
LOC_193	16	15	14	13	15	15	16	16	15	15	15	15	15
LOC_194	20	18	20	19	19	16	18	18	16	16	19	19	18
LOC_195	19	20	20	19	19	18	17	18	18	19	21	21	18
LOC_196	21	20	20	21	22	22	22	22	20	22	22	24	22
LOC_197	19	21	19	19	22	20	18	18	20	20	23	20	21
LOC_198	27	27	26	27	27	28	27	27	24	22	28	27	27
LOC_199	14	14	14	14	15	14	14	14	14	14	16	16	14
LOC_200	22	23	21	25	23	23	23	23	23	25	22	24	23
LOC_201	23	25	23	23	25	25	21	20	26	25	24	25	24
LOC_202	15	18	18	17	17	17	18	17	18	18	17	17	17
LOC_203	18	18	18	18	18	20	18	18	20	20	17	17	18
LOC_204	18	18	18	18	18	18	18	19	18	18	20	18	18
LOC_205	14	14	16	16	15	15	15	14	15	16	15	15	14
LOC_206	20	22	20	20	19	21	20	20	20	20	21	21	20
LOC_207	14	14	14	14	15	14	14	15	14	14	14	14	14
LOC_208	14	16	14	13	14	14	14	14	14	14	14	14	14
LOC_209	18	17	18	18	17	17	18	18	17	17	17	17	17
LOC_210	25	21	24	24	21	22	23	24	22	22	21	21	22
LOC_211	24	19	24	24	24	22	23	24	23	23	22	24	24
LOC_212	26	23	25	26	21	21	26	26	21	21	21	21	24
LOC_213	19	18	19	19	19	19	19	19	19	19	19	19	19
LOC_214	18	17	16	16	16	17	18	18	18	18	17	17	17
LOC_215	16	19	15	16	16	16	16	16	16	16	15	16	16
LOC_216	19	20	20	19	20	21	19	20	20	20	20	19	20
LOC_217	25	24	23	25	24	20	25	25	22	22	24	24	25
LOC_218	17	15	17	17	17	18	18	17	14	17	17	17	17
LOC_219	15	15	15	15	18	15	16	14	16	15	15	15	15
LOC_220	18	18	18	17	17	17	18	18	17	17	18	17	18
LOC_221	24	24	25	24	24	23	21	22	25	29	25	24	24
LOC_222	28	30	29	28	28	29	29	28	29	28	28	28	28
LOC_223	16	16	14	14	18	17	14	14	18	17	19	18	14
LOC_224	15	16	16	16	15	15	16	17	15	15	15	15	16
LOC_225	21	21	22	21	20	20	21	21	21	20	20	21	21
LOC_226	18	16	18	17	17	16	18	16	17	17	17	17	16
LOC_227	7	7	7	7	7	7	7	8	7	7	6	6	7
LOC_228	17	16	16	16	17	17	16	16	20	19	17	17	16
LOC_229	17	18	17	17	18	18	17	17	19	18	18	18	17
LOC_230	19	19	20	19	19	19	19	19	19	19	19	20	19
LOC_231	19	17	19	20	19	19	19	19	19	19	18	17	19
LOC_232	18	19	17	18	19	19	17	17	17	17	19	19	18
LOC_233	18	15	18	18	17	17	15	15	19	18	17	17	15
LOC_234	16	14	15	19	14	14	15	15	14	14	14	14	15
LOC_235	21	22	21	21	21	22	21	21	24	23	22	21	22
LOC_236	17	19	17	17	19	18	17	17	18	18	20	20	17
LOC_237	20	21	20	20	20	18	20	20	18	19	20	20	20
LOC_238	20	21	21	21	21	22	22	21	22	22	21	21	21
LOC_239	23	22	23	24	25	24	21	21	22	22	25	25	22
LOC_240	12	14	12	12	14	15	14	14	15	15	14	14	14
LOC_241	18	18	18	18	18	18	18	18	18	18	18	19	18
LOC_242	19	18	19	18	18	18	18	19	17	17	18	20	17
LOC_243	20	18	20	20	18	17	19	19	20	19	18	18	19
LOC_244	14	14	14	15	14	14	15	14	15	14	14	14	14
LOC_245	22	24	23	23	26	24	24	24	25	23	25	25	24
LOC_246	24	24	25	24	24	24	27	25	24	25	25	24	24
LOC_247	16	16	16	16	16	16	16	16	16	17	16	17	16
LOC_248	17	18	17	17	21	15	18	18	17	17	19	19	18
LOC_249	22	25	23	23	25	28	24	24	25	26	27	25	24
LOC_250	29	28	27	30	32	32	27	27	33	33	33	31	27
LOC_251	17	17	17	17	17	17	17	17	17	17	18	15	17
LOC_252	22	24	21	22	23	24	22	21	24	24	24	23	22
LOC_253	14	15	14	14	14	14	14	14	14	14	15	15	14
LOC_254	16	16	16	16	14	14	17	17	17	17	16	16	16
LOC_255	23	25	23	24	24	21	23	24	22	22	22	22	23
LOC_256	20	17	20	21	19	19	19	17	19	19	20	18	19
LOC_257	20	18	20	20	21	19	20	20	19	19	25	22	20
LOC_258	13	13	15	15	13	13	13	13	13	13	15	15	13
LOC_259	20	20	20	19	20	20	19	20	20	20	21	20	20
LOC_260	24	18	23	23	20	20	22	23	20	20	21	21	22
LOC_261	14	15	14	14	15	13	15	17	15	14	15	15	15
LOC_262	12	13	12	12	14	14	12	12	14	14	14	14	13
LOC_263	18	16	17	17	16	16	18	22	16	15	16	16	16
LOC_264	23	24	20	22	21	23	25	21	22	22	21	21	22
LOC_265	23	24	23	23	24	27	23	25	26	27	25	23	24
LOC_266	21	19	21	23	18	19	21	20	20	21	20	20	19
LOC_267	18	18	18	18	18	17	18	18	17	17	18	18	18
LOC_268	17	17	17	17	18	18	17	17	21	20	19	17	17
LOC_269	16	16	16	18	16	16	15	16	16	16	16	16	16
LOC_270	19	19	19	20	19	19	18	19	20	19	19	19	19
LOC_271	25	24	25	27	24	25	25	28	26	25	23	22	24
LOC_272	24	23	23	24	23	23	23	23	24	23	23	23	23
LOC_273	24	25	22	25	24	25	26	25	26	26	25	24	24
LOC_274	22	26	22	22	26	27	21	22	28	28	24	24	22
LOC_275	15	17	15	15	17	17	15	15	17	17	17	16	15
LOC_276	20	21	20	19	21	21	20	20	23	23	22	21	20
LOC_277	14	13	14	13	13	13	13	13	13	13	12	12	14
LOC_278	13	14	14	13	14	14	14	14	14	14	14	14	14
LOC_279	15	16	16	15	15	15	15	15	15	15	15	15	15
LOC_280	18	20	17	18	20	20	19	19	19	19	20	20	20
LOC_281	24	20	24	22	21	21	22	22	20	20	20	20	20
LOC_282	16	15	14	14	15	15	16	15	13	13	15	15	15
LOC_283	14	14	14	14	14	14	14	14	16	16	14	14	14
LOC_284	14	14	14	14	16	14	9	9	15	15	16	16	14
LOC_285	29	28	27	26	26	29	27	26	25	28	23	23	29
LOC_286	18	20	18	18	20	21	18	18	21	20	20	20	18
LOC_287	29	28	27	26	28	28	24	24	29	30	26	25	28
LOC_288	17	17	17	17	17	17	17	17	17	17	17	17	17
LOC_289	18	15	15	15	15	15	15	15	15	15	15	14	15
LOC_290	20	17	19	19	17	17	19	19	17	17	16	17	19
LOC_291	18	19	18	18	17	18	18	18	18	18	17	17	18
LOC_292	20	19	21	23	18	19	19	18	19	19	22	19	19
LOC_293	15	15	15	15	15	17	15	16	18	18	15	15	15
LOC_294	25	26	25	25	27	24	25	23	25	25	28	27	25
LOC_295	18	18	18	18	18	18	18	18	18	18	18	18	18
LOC_296	14	14	17	16	15	14	14	14	14	14	15	13	14
LOC_297	15	15	15	15	15	15	15	15	15	15	19	19	15
LOC_298	17	17	17	17	17	17	17	18	17	17	17	17	17
LOC_299	16	17	16	16	17	18	16	16	18	18	16	16	16
LOC_300	18	17	17	16	16	16	17	17	16	16	16	16	17
LOC_301	23	20	21	23	20	22	20	22	20	20	20	20	20
LOC_302	24	24	24	25	25	24	25	24	24	24	26	26	24
LOC_303	18	18	18	19	19	18	18	18	18	19	18	18	18
LOC_304	14	13	14	15	14	14	14	14	14	14	14	14	14
LOC_305	18	17	21	18	18	17	18	18	17	17	18	22	17
LOC_306	26	26	29	27	31	27	27	27	26	26	31	32	26
LOC_307	24	21	22	22	22	21	22	22	21	21	22	23	22
LOC_308	21	22	23	23	25	22	20	23	22	22	23	26	22
LOC_309	23	22	22	22	22	21	22	22	20	20	22	22	22
LOC_310	15	15	15	15	15	15	15	15	15	15	15	15	15
LOC_311	18	20	18	18	23	21	19	19	23	22	21	22	18
LOC_312	18	18	20	18	18	19	18	17	19	22	18	18	18
LOC_313	16	16	16	16	16	18	16	16	16	16	17	17	16
LOC_314	17	15	17	17	15	16	18	16	17	17	15	15	15
LOC_315	15	15	15	16	16	15	15	15	15	15	13	16	15
LOC_316	26	26	27	27	27	26	25	26	24	24	29	27	26
LOC_317	21	21	21	21	21	23	21	21	24	23	21	21	21
LOC_318	23	23	23	24	22	22	22	22	22	22	22	22	22
LOC_319	23	23	22	23	25	25	21	22	26	25	26	25	22
LOC_320	18	21	19	19	18	22	20	24	21	21	18	18	21
LOC_321	17	16	17	17	16	17	18	16	16	16	16	16	16
LOC_322	12	12	12	12	12	12	12	12	14	12	12	13	12
LOC_323	14	14	14	14	15	15	15	14	15	15	15	15	14
LOC_324	21	21	21	21	20	20	20	23	20	20	20	20	21
LOC_325	16	16	16	16	16	16	16	16	16	16	16	16	16
LOC_326	16	16	17	16	16	16	16	15	15	15	16	17	16
LOC_327	15	15	15	17	15	17	15	16	17	16	15	15	15
LOC_328	20	20	22	20	19	20	22	21	23	21	19	19	20
LOC_329	24	23	23	23	24	24	24	24	25	23	23	23	23
LOC_330	21	22	20	21	22	22	23	24	21	22	22	23	22
LOC_331	23	23	26	27	24	24	25	23	25	25	24	24	23
LOC_332	14	15	14	14	17	17	15	18	17	17	17	18	15
LOC_333	14	14	13	13	15	16	14	14	15	15	15	15	14
LOC_334	19	19	18	18	20	19	19	19	19	19	22	21	19
LOC_335	22	22	22	22	22	20	23	21	20	20	20	22	23
LOC_336	26	24	27	28	24	26	24	24	26	26	23	23	24
LOC_337	22	18	22	22	17	20	20	16	20	18	17	17	20
LOC_338	19	17	21	20	18	17	21	19	19	18	18	18	19
LOC_339	17	16	17	17	18	19	18	17	18	18	19	18	17
LOC_340	13	13	13	13	16	13	14	13	13	13	14	14	13
LOC_341	20	20	20	19	20	21	20	20	21	21	21	20	20
LOC_342	15	14	15	15	13	13	14	14	13	13	13	13	14
LOC_343	20	21	20	21	23	23	19	19	23	23	22	23	20
LOC_344	18	18	18	18	18	18	17	17	18	18	18	18	17
LOC_345	15	15	15	15	14	15	15	15	15	15	15	16	15
LOC_346	22	23	23	23	23	23	22	22	25	25	23	23	23
LOC_347	20	20	23	22	20	20	20	22	20	23	20	20	20
LOC_348	20	18	21	21	20	20	21	21	21	21	20	21	20
LOC_349	15	15	15	15	15	15	15	13	15	13	15	15	15
LOC_350	17	17	17	17	18	18	17	17	18	17	18	18	17
LOC_351	26	26	26	29	26	26	25	26	25	25	25	25	26
LOC_352	21	21	20	20	21	19	21	21	21	20	21	21	20
LOC_353	18	18	18	18	20	20	18	19	21	19	20	19	18
LOC_354	15	15	15	15	15	15	15	15	15	15	15	16	15
LOC_355	14	14	14	14	15	14	16	17	14	14	15	15	14
LOC_356	18	18	18	19	18	17	17	17	17	16	18	17	17
LOC_357	16	17	17	16	15	16	16	16	15	16	15	15	16
LOC_358	8	7	8	9	7	7	10	8	7	7	6	6	7
LOC_359	19	17	19	19	17	16	20	20	16	16	19	17	19
LOC_360	23	24	23	23	26	28	24	24	28	28	28	29	24
LOC_361	19	21	21	21	22	22	16	19	21	21	22	22	21
LOC_362	23	22	23	24	22	23	22	22	27	25	21	23	22
LOC_363	8	8	9	9	8	8	8	8	8	8	8	8	8
LOC_364	14	14	14	14	15	14	14	14	15	14	12	13	14
LOC_365	25	25	24	25	27	27	25	25	25	26	26	26	25
LOC_366	18	18	17	17	17	18	20	18	16	18	17	16	17
LOC_367	16	16	16	16	16	16	16	16	16	16	16	16	16
LOC_368	24	24	23	24	28	27	25	26	24	23	29	30	24
LOC_369	29	23	29	29	25	23	27	27	23	24	24	25	28
LOC_370	18	17	18	19	18	15	18	18	18	18	18	18	18
LOC_371	23	22	24	23	21	22	23	24	21	21	20	22	23
LOC_372	20	19	19	19	21	23	22	21	20	19	20	20	21
LOC_373	14	14	14	14	14	14	14	14	14	14	15	14	14
LOC_374	15	15	14	14	15	16	15	13	17	15	15	15	15
LOC_375	18	18	19	18	18	18	18	18	18	18	17	19	18
LOC_376	20	19	21	21	18	17	21	21	19	18	17	17	20
LOC_377	23	23	23	23	22	24	24	23	25	28	25	24	23
LOC_378	22	23	21	22	22	23	24	23	24	24	22	22	23
LOC_379	18	19	19	19	20	19	18	17	19	19	19	18	18
LOC_380	19	18	18	18	18	18	18	18	18	18	17	18	18
LOC_381	14	14	15	14	14	14	14	14	14	14	15	14	14
LOC_382	18	19	19	18	18	18	18	18	20	18	18	18	18
LOC_383	17	17	17	17	17	18	17	17	18	18	17	17	17
LOC_384	13	16	12	12	16	16	15	16	16	15	18	16	14
LOC_385	18	18	18	18	21	19	18	18	21	19	20	20	18
LOC_386	18	19	18	18	19	19	18	18	20	20	19	19	19
LOC_387	19	17	19	17	17	18	17	17	18	18	17	18	17
LOC_388	28	27	29	29	25	27	28	28	24	28	25	27	28
LOC_389	18	18	18	18	19	18	19	17	20	18	18	19	18
LOC_390	7	7	7	7	7	7	7	7	7	7	8	7	7
LOC_391	18	22	17	17	24	24	23	21	24	22	23	25	22
LOC_392	24	21	22	22	22	22	21	21	23	22	22	22	22
LOC_393	15	15	15	15	16	15	17	15	15	15	16	16	15
LOC_394	16	16	17	16	16	16	16	16	15	15	17	17	16
LOC_395	22	20	21	21	20	19	21	21	19	19	19	20	20
LOC_396	16	17	17	17	17	19	15	15	17	18	17	17	17
LOC_397	19	19	19	20	15	15	18	18	15	15	15	14	19
LOC_398	15	17	15	15	18	17	15	15	17	17	17	17	17
LOC_399	27	29	28	30	30	31	27	29	30	28	28	26	29
LOC_400	15	15	15	15	15	16	15	16	15	15	17	17	15
LOC_401	13	13	13	13	15	14	13	13	14	14	17	16	13
LOC_402	14	13	14	14	15	14	14	14	14	14	16	16	14
LOC_403	15	14	14	14	14	14	14	14	14	14	14	14	14
LOC_404	10	10	10	10	10	10	10	10	10	10	11	11	10
LOC_405	16	16	16	16	16	16	16	16	17	16	16	16	16
LOC_406	21	19	19	19	19	19	19	19	19	19	19	19	19
LOC_407	19	17	20	19	17	17	17	17	17	17	16	16	17
LOC_408	17	14	16	16	16	14	14	14	14	14	16	16	14
LOC_409	15	13	16	16	14	13	16	16	13	13	14	14	15
LOC_410	13	15	13	13	17	16	16	16	17	16	17	17	16
LOC_411	14	14	14	14	14	14	14	14	15	16	14	13	14
LOC_412	19	19	20	21	19	19	18	19	19	20	19	19	19
LOC_413	24	22	22	23	24	22	24	23	22	23	25	24	20
LOC_414	15	16	14	14	15	15	18	17	14	15	15	15	15
LOC_415	14	14	14	14	14	14	17	14	14	14	14	14	14
LOC_416	17	20	17	17	21	19	16	17	19	18	19	19	17
LOC_417	14	14	14	13	14	14	14	14	14	14	14	14	14
LOC_418	14	14	14	15	13	15	16	16	14	14	14	15	14
LOC_419	16	15	15	14	15	16	15	15	16	16	15	15	15
LOC_420	13	13	13	13	14	13	13	13	12	12	14	13	13
LOC_421	19	17	19	18	17	17	20	19	17	17	17	17	17
LOC_422	23	25	23	23	22	24	23	23	24	24	24	23	23
LOC_423	9	9	9	9	9	9	9	9	9	9	9	9	9
LOC_424	22	17	21	18	18	19	22	22	20	20	19	18	20
LOC_425	18	18	15	15	18	16	13	16	19	18	18	19	16
LOC_426	16	17	16	16	17	17	17	17	17	17	17	17	17
LOC_427	20	20	20	20	20	20	22	22	20	20	21	20	20
LOC_428	13	17	14	14	16	16	16	16	16	16	16	16	16
LOC_429	20	17	19	18	20	19	18	18	19	19	21	20	19
LOC_430	19	21	19	19	23	21	19	19	21	21	21	20	19
LOC_431	19	20	21	19	17	18	19	19	20	17	19	19	19
LOC_432	14	14	14	14	14	14	14	14	14	14	14	15	14
LOC_433	21	23	21	21	23	23	21	22	27	25	23	22	23
LOC_434	19	20	19	19	20	20	19	20	20	20	20	20	19
LOC_435	26	24	26	26	24	25	25	25	25	25	28	26	25
LOC_436	28	24	27	25	25	25	23	23	28	30	25	25	24
LOC_437	25	22	27	26	24	20	25	26	21	22	24	20	22
LOC_438	25	24	28	28	25	22	23	21	25	26	25	26	23
LOC_439	15	16	16	16	16	16	16	17	16	16	16	16	16
LOC_440	20	20	20	20	19	20	20	20	20	20	20	20	20
LOC_441	15	15	15	15	17	17	16	16	17	16	17	17	16
LOC_442	22	22	19	20	25	21	21	21	20	20	23	22	22
LOC_443	18	18	18	18	18	15	19	19	17	17	19	19	18
LOC_444	21	20	20	20	21	19	19	19	19	19	21	21	20
LOC_445	23	24	23	21	24	20	22	22	22	22	24	24	22
LOC_446	18	18	18	18	18	18	18	18	17	17	18	18	18
LOC_447	15	18	16	15	18	21	15	15	18	18	19	18	18
LOC_448	27	27	26	25	25	24	28	27	24	23	26	24	28
LOC_449	16	17	18	20	17	17	17	18	17	18	18	18	17
LOC_450	20	20	20	20	19	19	21	20	18	20	19	19	20
LOC_451	14	14	15	14	15	14	14	14	14	14	14	14	14
LOC_452	18	19	18	19	20	28	19	19	27	27	20	20	19
LOC_453	19	17	18	18	18	18	18	18	18	18	18	18	18
LOC_454	23	21	20	18	20	21	21	21	21	21	20	19	21
LOC_455	16	16	16	16	16	16	16	16	17	16	16	16	16
LOC_456	15	15	13	13	13	14	13	13	14	14	14	13	15
LOC_457	23	22	23	23	24	22	25	24	22	22	25	27	22
LOC_458	16	19	16	16	19	19	14	14	19	19	18	19	16
LOC_459	7	7	7	7	7	7	7	7	7	7	7	7	7
LOC_460	19	18	18	17	18	17	19	18	18	18	15	18	18
LOC_461	14	14	14	14	14	14	14	14	14	14	14	15	14
LOC_462	22	22	21	21	21	21	21	21	21	21	21	21	21
LOC_463	26	25	25	25	24	25	25	25	24	25	24	24	25
LOC_464	16	17	16	16	22	20	16	16	20	20	19	22	18
LOC_465	25	24	28	24	24	23	26	25	25	25	22	22	25
LOC_466	26	23	22	23	23	24	24	24	23	23	23	23	24
LOC_467	19	19	20	21	18	19	18	18	19	18	19	19	19
LOC_468	14	13	14	15	13	15	14	14	12	12	13	13	14
LOC_469	21	24	23	23	23	23	23	23	24	23	25	24	23
LOC_470	24	23	24	23	23	23	23	23	22	22	23	23	23
LOC_471	19	19	19	20	19	18	19	20	18	18	19	19	19
LOC_472	16	16	16	16	16	17	15	16	19	17	16	16	16
LOC_473	21	21	20	21	21	21	21	21	22	21	20	20	21
LOC_474	15	15	15	15	13	15	15	15	15	15	12	12	15
LOC_475	16	16	18	18	17	16	16	16	17	17	17	17	16
LOC_476	16	16	15	16	17	16	16	16	16	15	17	17	16
LOC_477	20	18	21	22	18	18	19	19	18	17	18	18	19
LOC_478	16	17	16	16	15	15	16	16	13	15	18	18	16
LOC_479	17	17	18	17	17	17	18	16	17	17	19	19	17
LOC_480	17	15	17	17	14	17	17	17	15	15	15	15	17
LOC_481	14	17	14	14	20	17	15	13	16	17	21	20	16
LOC_482	17	17	17	17	16	18	17	17	18	18	17	17	17
LOC_483	24	24	24	21	23	22	24	24	22	22	23	21	24
LOC_484	24	25	23	24	28	27	24	27	27	28	27	28	25
LOC_485	17	17	17	21	17	18	17	17	18	18	18	17	17
LOC_486	21	23	19	19	26	25	24	24	25	26	25	25	23
LOC_487	17	17	15	15	17	16	17	17	16	16	18	17	17
LOC_488	21	22	23	23	19	19	22	22	20	20	21	21	23
LOC_489	18	17	18	18	17	16	19	18	17	16	17	17	18
LOC_490	14	14	15	14	14	14	15	15	14	14	14	14	14
LOC_491	21	21	20	21	21	22	22	22	21	20	21	22	21
LOC_492	20	20	18	19	20	22	20	20	20	20	18	19	20
LOC_493	26	26	26	26	26	26	25	28	21	21	25	25	27
LOC_494	17	17	17	17	17	17	17	17	18	17	17	18	17
LOC_495	23	23	22	22	21	22	23	25	21	22	22	17	23
LOC_496	22	22	21	22	23	22	23	23	23	23	20	22	22
LOC_497	18	21	19	21	20	20	21	22	19	20	19	20	20
LOC_498	8	8	8	8	8	8	8	9	10	10	8	8	8
LOC_499	21	21	20	21	21	19	19	20	19	21	20	20	21
LOC_500	20	19	19	19	18	19	19	19	19	19	17	19	19
LOC_501	18	15	17	17	13	15	16	16	13	13	14	14	17
LOC_502	26	27	25	25	27	27	26	26	28	29	26	26	27
LOC_503	7	7	8	8	7	7	8	7	7	7	7	7	7
LOC_504	15	14	15	15	14	14	16	17	14	14	14	14	15
LOC_505	22	21	21	21	20	22	23	24	21	21	21	21	21
LOC_506	14	14	14	14	13	13	15	15	14	14	13	13	14
LOC_507	14	15	14	14	14	14	14	14	14	14	15	15	14
LOC_508	15	19	15	15	18	18	21	19	18	18	19	18	18
LOC_509	19	19	20	20	18	20	20	21	19	18	19	19	19
LOC_510	20	19	17	20	18	20	18	20	20	22	17	18	20
LOC_511	21	19	21	21	21	20	21	21	20	20	21	22	20
LOC_512	24	22	22	23	23	22	24	23	23	23	22	23	23
LOC_513	17	16	17	17	16	16	16	16	16	16	16	16	16
LOC_514	14	14	14	14	14	14	14	14	14	14	14	15	14
LOC_515	19	18	23	20	20	18	18	18	18	18	19	20	18
LOC_516	20	18	21	19	18	19	20	20	19	18	16	16	18
LOC_517	19	19	19	19	22	19	19	19	19	19	20	20	19
LOC_518	20	20	22	22	20	18	21	21	20	19	19	20	21
LOC_519	16	17	16	16	15	15	16	17	16	16	13	13	17
LOC_520	20	20	20	20	17	20	21	20	21	20	20	22	20
LOC_521	16	16	16	15	16	16	16	16	16	17	15	16	16
LOC_522	19	19	18	19	20	19	21	21	18	19	19	19	19
LOC_523	19	18	19	18	18	19	18	18	18	19	18	18	18
LOC_524	26	22	23	24	22	20	20	21	22	22	24	23	22
LOC_525	19	18	18	18	18	19	19	18	18	19	18	18	18
LOC_526	14	14	14	14	14	15	15	14	14	14	14	14	14
LOC_527	18	17	18	18	17	17	18	18	19	17	17	17	18
LOC_528	18	18	17	18	18	18	17	17	19	19	18	18	18
LOC_529	16	19	16	16	22	21	16	16	21	21	20	23	16
LOC_530	14	14	14	14	14	14	14	14	14	14	14	14	14
LOC_531	26	22	21	21	24	25	22	23	25	27	24	25	22
LOC_532	14	15	14	14	15	15	16	16	17	16	15	16	16
LOC_533	19	19	19	19	17	18	18	18	19	19	17	20	19
LOC_534	18	18	17	18	18	18	18	18	17	17	18	21	18
LOC_535	19	20	19	21	17	20	20	21	19	19	19	19	20
LOC_536	15	16	16	16	16	16	16	16	16	17	16	16	16
LOC_537	19	21	22	21	18	21	20	21	21	20	17	18	21
LOC_538	25	21	21	23	21	21	23	22	21	20	19	18	21
LOC_539	30	32	27	28	29	31	29	29	33	30	29	28	30
LOC_540	28	26	27	26	26	26	32	30	26	25	26	26	27
LOC_541	14	14	14	14	14	14	13	14	14	14	15	15	14
LOC_542	20	17	21	20	18	17	19	18	20	17	18	19	17
LOC_543	20	22	21	20	21	21	19	20	21	21	21	21	20
LOC_544	12	12	13	13	14	16	9	12	16	15	13	14	12
LOC_545	17	17	17	17	17	17	18	18	17	17	17	17	17
LOC_546	18	18	18	18	18	18	17	17	18	18	18	17	18
LOC_547	22	23	24	23	21	19	22	21	19	19	22	22	22
LOC_548	28	34	29	31	34	31	26	26	33	33	30	32	28
LOC_549	16	16	16	16	16	16	16	16	16	16	17	18	16
LOC_550	24	24	27	26	30	27	25	25	27	28	26	26	24
LOC_551	15	17	13	15	17	17	15	15	17	17	18	17	15
LOC_552	17	18	17	16	18	21	14	16	21	20	18	18	16
LOC_553	18	18	18	18	20	18	19	18	18	18	19	19	18
LOC_554	14	15	15	15	15	15	14	14	14	14	15	16	14
LOC_555	22	24	23	23	24	24	23	23	24	24	23	25	22
LOC_556	17	19	17	17	17	17	18	17	17	17	17	17	17
LOC_557	21	21	20	21	20	22	21	21	23	23	20	20	21
LOC_558	19	18	19	19	18	18	18	18	17	18	18	18	18
LOC_559	16	16	16	16	16	17	17	16	15	15	16	16	16
LOC_560	21	21	21	21	23	21	24	22	22	22	24	24	21
LOC_561	24	24	23	23	23	23	24	24	23	23	22	23	24
LOC_562	22	22	22	22	22	25	23	22	24	23	22	21	22
LOC_563	29	28	28	29	25	27	28	27	28	27	24	30	27
LOC_564	20	18	24	19	19	20	19	19	19	20	19	19	18
LOC_565	19	23	20	19	20	20	20	20	21	21	20	20	19
LOC_566	15	15	15	15	15	16	15	16	12	12	15	15	15
LOC_567	22	25	22	22	26	25	23	22	23	25	23	24	23
LOC_568	18	18	18	18	18	18	20	20	18	14	18	18	18
LOC_569	16	17	17	17	19	18	17	17	18	18	19	19	17
LOC_570	19	19	17	19	20	18	19	19	18	18	18	18	19
LOC_571	18	17	20	19	17	18	17	17	17	17	16	16	17
LOC_572	17	17	18	18	17	15	17	17	16	16	17	17	17
LOC_573	19	19	19	19	18	18	19	19	19	20	18	18	19
LOC_574	21	21	21	21	23	22	21	21	21	21	22	22	21
LOC_575	14	17	17	17	16	17	17	18	17	17	16	16	17
LOC_576	17	18	17	17	19	19	19	20	22	20	21	21	18
LOC_577	14	12	12	12	12	12	12	12	12	12	12	12	12
LOC_578	18	14	18	18	13	14	14	14	14	14	14	14	14
LOC_579	20	20	21	20	20	21	20	20	20	20	20	21	20
LOC_580	14	14	15	15	14	14	14	14	13	14	12	12	14
LOC_581	18	18	18	18	18	18	17	17	18	18	18	18	18
LOC_582	18	18	19	16	18	19	18	18	20	16	18	18	18
LOC_583	14	14	14	14	14	15	14	14	14	15	14	14	14
LOC_584	21	19	19	19	19	19	21	21	19	19	20	19	20
LOC_585	15	16	14	14	15	15	14	14	15	15	15	15	14
LOC_586	21	20	21	21	19	16	20	18	16	17	20	20	20
LOC_587	12	12	12	13	12	12	12	12	12	11	12	12	12
LOC_588	30	23	29	28	23	24	31	29	23	25	24	23	28
LOC_589	8	8	8	8	8	8	8	8	10	10	8	8	8
LOC_590	14	15	14	14	14	15	14	14	16	16	15	15	14
LOC_591	17	17	19	20	18	17	16	16	15	16	18	19	17
LOC_592	12	11	11	11	11	11	12	12	11	11	11	11	11
LOC_593	15	14	15	15	16	14	14	15	15	15	14	14	14
LOC_594	25	27	29	26	29	27	25	25	27	27	29	29	26
LOC_595	18	18	18	18	18	17	18	18	18	18	18	18	18
LOC_596	27	24	26	27	24	24	25	23	23	24	24	24	26
LOC_597	20	19	21	22	18	20	20	21	19	19	19	20	20
LOC_598	21	21	21	21	22	21	21	21	21	21	22	22	21
LOC_599	29	27	28	30	31	27	32	27	26	26	28	30	29
LOC_600	26	27	26	26	27	27	26	27	31	31	28	28	26
LOC_601	14	12	14	14	12	13	14	15	13	13	12	12	14
LOC_602	17	14	15	15	14	14	15	14	14	14	14	14	14
LOC_603	17	17	17	17	17	18	17	17	17	17	17	16	17
LOC_604	26	25	25	25	27	27	25	26	25	26	25	27	26
LOC_605	22	24	23	24	23	23	25	25	23	23	23	22	23
LOC_606	14	14	14	14	13	14	15	15	14	14	14	14	14
LOC_607	18	19	19	20	19	19	18	18	19	19	19	18	19
LOC_608	24	21	27	24	22	19	24	25	20	19	27	28	24
LOC_609	32	30	30	32	30	30	29	33	33	30	30	33	30
LOC_610	16	16	16	17	16	16	16	16	16	16	16	16	16
LOC_611	24	23	22	22	23	22	20	23	23	24	23	23	22
LOC_612	15	15	16	19	12	15	15	15	15	17	15	14	15
LOC_613	25	27	24	23	24	27	28	27	28	29	26	27	27
LOC_614	27	28	30	27	31	28	29	29	27	27	27	26	29
LOC_615	18	18	18	18	18	18	18	18	18	18	18	18	18
LOC_616	25	24	22	22	23	21	20	21	23	23	24	24	22
LOC_617	28	27	28	27	25	29	29	28	28	26	26	27	29
LOC_618	19	20	19	19	19	20	19	18	19	17	19	19	19
LOC_619	21	20	21	21	22	21	21	21	21	21	21	22	21
LOC_620	24	25	23	23	24	21	25	23	23	23	21	24	24
LOC_621	24	24	24	19	26	25	23	23	26	25	27	24	25
LOC_622	23	22	23	20	21	22	23	23	21	24	21	23	23
LOC_623	23	24	22	23	24	26	23	23	27	28	25	26	23
LOC_624	22	20	21	21	21	21	19	19	20	21	18	19	20
LOC_625	14	14	14	14	14	15	14	14	14	14	14	14	14
LOC_626	17	16	18	16	16	16	15	16	17	16	16	16	16
LOC_627	12	14	11	11	14	13	14	14	14	14	14	14	14
LOC_628	17	18	16	17	18	18	17	17	16	16	17	17	17
LOC_629	20	20	20	19	19	19	20	21	23	19	20	20	20
LOC_630	15	16	16	17	14	14	18	16	14	14	15	16	16
LOC_631	19	18	19	19	18	19	16	15	18	18	18	19	19
LOC_632	16	15	16	16	17	17	16	15	16	17	18	17	16
LOC_633	20	21	20	19	21	20	20	21	20	20	19	19	20
LOC_634	24	21	23	24	22	23	21	23	23	25	22	21	22
LOC_635	18	17	18	18	16	16	18	18	16	16	16	15	18
LOC_636	18	21	17	17	17	17	17	17	17	17	15	17	17
LOC_637	14	15	14	14	15	15	15	15	15	16	16	16	15
LOC_638	19	18	18	19	16	18	19	19	18	18	17	19	18
LOC_639	25	24	30	30	24	23	23	23	24	21	26	24	24
LOC_640	21	20	20	21	21	21	20	20	21	21	18	20	20
LOC_641	19	21	19	19	19	20	19	19	22	22	19	19	20
LOC_642	27	32	28	30	28	28	27	26	28	28	27	27	28
LOC_643	24	22	26	25	22	23	24	23	24	24	22	22	22
LOC_644	26	21	22	22	21	21	21	20	20	19	22	21	22
LOC_645	18	19	18	18	19	22	18	18	24	23	19	19	18
LOC_646	17	16	16	16	16	16	16	16	16	16	17	18	16
LOC_647	13	14	14	14	14	14	14	14	14	14	14	14	14
LOC_648	15	15	14	15	16	15	15	15	15	15	16	16	15
LOC_649	17	17	18	17	17	17	17	17	18	18	17	16	17
LOC_650	24	24	24	24	24	21	26	25	22	22	23	23	24
LOC_651	15	15	16	16	16	17	16	16	16	16	16	16	15
LOC_652	16	17	16	16	16	16	14	14	15	17	16	16	16
LOC_653	26	25	25	24	23	23	26	25	23	23	23	23	24
LOC_654	18	22	20	20	21	20	20	20	21	21	24	23	21
LOC_655	22	23	22	23	23	24	24	23	24	23	22	23	24
LOC_656	15	15	15	15	16	15	17	15	18	18	16	16	15
LOC_657	15	16	15	15	18	16	17	17	16	16	17	18	16
LOC_658	30	25	26	24	21	21	26	26	21	21	21	22	25
LOC_659	18	18	18	18	18	18	18	18	18	18	20	19	18
LOC_660	18	16	17	18	16	16	16	16	15	16	16	16	16
LOC_661	9	12	9	8	9	9	9	9	9	9	9	9	9
LOC_662	16	17	16	16	20	23	16	16	23	23	21	21	16
LOC_663	18	17	18	18	18	18	18	18	19	19	18	19	18
LOC_664	28	25	27	29	25	24	25	25	26	26	23	25	26
LOC_665	12	12	13	14	14	11	12	12	11	11	12	12	12
LOC_666	22	23	24	25	23	24	23	23	22	25	22	23	23
LOC_667	19	18	21	18	17	17	19	18	18	18	17	17	17
LOC_668	20	21	20	20	20	20	20	20	19	20	20	20	20
LOC_669	22	23	22	22	25	25	23	23	23	24	24	26	23
LOC_670	14	13	15	15	13	13	14	14	14	14	13	13	14
LOC_671	17	17	17	17	15	16	16	16	18	19	15	13	16
LOC_672	20	21	21	21	22	21	20	20	20	20	23	22	21
LOC_673	21	21	25	23	21	19	21	21	19	20	21	21	21
LOC_674	21	21	21	21	21	21	21	21	23	26	21	20	21
LOC_675	20	18	21	22	18	18	19	19	17	18	18	18	18
LOC_676	21	20	22	22	19	20	21	20	20	20	23	19	20
LOC_677	17	15	17	17	15	15	15	16	16	15	15	15	16
LOC_678	21	19	21	22	17	20	20	20	18	18	17	16	20
LOC_679	15	15	17	17	16	15	15	15	15	15	15	15	15
LOC_680	20	18	20	20	19	19	19	19	19	19	19	19	18
LOC_681	14	17	17	16	18	17	15	15	17	17	17	17	16
LOC_682	15	15	16	16	12	14	15	14	14	14	12	12	14
LOC_683	21	22	22	22	22	22	22	23	21	23	22	23	22
LOC_684	27	29	26	26	30	30	29	31	26	28	28	28	28
LOC_685	19	23	23	23	26	24	17	22	24	25	26	23	23
LOC_686	17	17	17	17	18	17	17	17	17	18	17	17	17
LOC_687	22	21	21	20	20	20	22	21	19	19	20	18	21
LOC_688	25	27	25	26	25	25	25	25	24	26	24	26	24
LOC_689	24	21	23	24	21	19	22	22	20	20	22	22	23
LOC_690	20	21	19	20	24	21	22	22	23	23	22	22	21
LOC_691	21	20	20	20	18	20	24	27	19	21	15	15	20
LOC_692	20	19	20	19	19	19	20	19	20	19	19	20	19
LOC_693	21	19	20	24	19	20	20	22	20	20	21	20	19
LOC_694	16	16	16	16	15	16	16	16	16	16	16	16	16
LOC_695	17	17	17	17	17	17	17	17	17	17	17	17	17
LOC_696	24	23	23	23	23	22	22	25	23	23	21	21	23
LOC_697	22	23	22	23	24	23	19	22	23	24	22	22	22
LOC_698	26	29	24	25	32	34	28	25	33	31	30	30	28
LOC_699	15	15	15	14	15	15	16	15	14	14	15	15	15
LOC_700	17	17	16	17	17	17	17	17	17	17	17	17	17
LOC_701	16	17	17	18	16	18	16	16	18	17	15	15	16
LOC_702	21	24	21	22	22	23	20	20	24	24	23	22	21
LOC_703	27	28	26	27	29	28	24	23	27	28	27	27	29
LOC_704	33	28	32	34	27	27	33	32	26	25	26	27	28
LOC_705	19	19	16	21	19	18	20	20	18	17	19	19	19
LOC_706	23	21	24	25	22	21	23	24	23	23	20	19	21
LOC_707	17	17	18	18	18	18	16	17	18	18	17	17	18
LOC_708	32	33	28	30	28	30	30	29	30	28	28	27	30
LOC_709	29	28	28	30	29	27	28	27	27	27	30	32	29
LOC_710	22	21	21	22	20	21	21	21	19	20	20	20	20
LOC_711	12	12	12	12	12	12	12	12	12	12	12	12	12
LOC_712	22	21	23	21	19	22	23	23	21	21	21	22	23
LOC_713	24	23	23	24	24	26	22	22	27	29	24	24	23
LOC_714	16	14	16	16	14	15	15	15	15	14	14	14	15
LOC_715	16	16	16	15	16	18	16	16	21	19	16	16	16
LOC_716	28	27	27	26	26	26	31	30	27	27	27	27	28
LOC_717	29	29	28	27	30	31	29	29	29	29	27	27	30
LOC_718	17	17	17	17	17	19	16	17	18	17	17	17	17
LOC_719	28	29	28	29	26	29	31	29	30	30	26	28	29
LOC_720	28	29	27	27	33	30	30	29	32	31	32	31	30
LOC_721	30	30	28	26	24	27	28	27	24	25	26	26	28
LOC_722	16	16	16	16	15	15	16	16	15	15	15	15	16
LOC_723	21	21	21	18	23	21	20	21	21	21	23	23	21
LOC_724	29	26	29	29	25	30	30	30	26	26	22	22	28
LOC_725	18	20	18	17	19	20	18	16	19	20	19	19	19
LOC_726	18	24	24	23	23	23	22	22	24	23	22	24	23
LOC_727	19	21	19	19	21	21	19	19	21	23	22	21	21
LOC_728	16	18	17	18	19	18	18	18	18	17	19	19	18
LOC_729	27	30	28	25	29	29	25	25	30	28	29	26	27
LOC_730	29	29	27	27	34	28	28	30	28	28	31	33	30
LOC_731	28	29	28	28	28	26	28	25	24	24	24	27	27
LOC_732	17	17	17	17	17	18	18	18	18	18	19	18	17
LOC_733	25	23	22	20	24	21	21	25	24	23	24	28	22
LOC_734	29	27	26	27	27	25	26	29	27	27	28	26	27
LOC_735	26	27	27	26	24	25	32	32	23	24	24	24	28
LOC_736	21	22	21	22	23	21	21	20	21	21	21	22	20
LOC_737	17	17	17	17	17	19	18	18	17	17	17	17	17
LOC_738	27	25	32	29	26	28	26	27	26	27	28	26	27
LOC_739	16	16	15	15	15	17	17	18	18	18	15	15	16
LOC_740	22	21	21	22	23	18	20	21	21	20	23	21	21
LOC_741	27	24	26	26	27	24	26	26	22	22	26	27	25
LOC_742	23	23	22	22	23	23	23	23	23	24	22	23	22
LOC_743	23	21	23	23	19	20	23	23	21	21	19	19	20
LOC_744	14	14	14	14	14	14	15	14	15	14	14	14	14
LOC_745	17	16	18	17	16	17	16	16	20	19	19	17	16
LOC_746	26	27	27	27	26	26	30	32	26	26	27	28	28
LOC_747	16	16	17	16	16	16	16	17	16	16	16	16	16
LOC_748	15	16	15	15	15	15	18	18	16	16	15	15	15
LOC_749	21	22	20	22	21	21	21	21	21	21	21	21	21
LOC_750	23	23	22	22	25	22	23	21	22	22	23	24	22
LOC_751	18	18	18	17	18	18	18	18	18	18	19	18	18
LOC_752	22	24	23	22	22	23	22	22	20	22	23	23	23
LOC_753	20	19	20	20	19	19	22	21	19	19	19	17	22
LOC_754	30	27	28	28	27	27	32	32	27	26	24	27	27
LOC_755	16	17	16	16	18	18	15	15	18	18	17	17	16
LOC_756	16	16	16	16	16	17	16	19	17	17	16	17	16
LOC_757	15	16	16	16	16	16	16	16	17	16	16	16	16
LOC_758	13	13	13	13	13	13	13	13	13	14	13	13	13
LOC_759	21	18	19	18	19	19	19	19	19	19	19	19	19
LOC_760	16	17	17	17	15	15	17	17	18	15	15	15	16
LOC_761	20	19	21	21	20	19	22	22	21	21	19	19	20
LOC_762	16	16	16	16	17	17	16	16	17	17	17	18	16
LOC_763	23	26	24	25	25	25	27	27	26	26	26	27	26
LOC_764	22	25	23	24	21	24	21	24	22	21	22	23	22
LOC_765	26	27	26	28	24	29	29	29	30	30	24	24	27
LOC_766	15	17	15	14	17	17	16	15	17	17	18	17	15
LOC_767	20	18	18	18	20	18	18	19	18	18	18	18	18
LOC_768	26	26	27	26	26	28	25	27	30	33	26	25	26
LOC_769	24	23	23	22	23	24	24	24	25	25	22	21	25
LOC_770	27	27	29	26	27	28	27	27	28	29	28	27	26
LOC_771	23	21	24	23	24	25	23	23	24	24	25	25	23
LOC_772	21	21	21	22	18	21	19	19	22	22	19	19	21
LOC_773	16	16	16	16	15	15	16	14	14	15	13	15	16
LOC_774	25	22	25	26	23	21	25	25	21	21	26	26	25
LOC_775	20	20	19	19	20	20	19	19	20	21	20	20	20
LOC_776	20	22	21	21	22	22	20	20	21	22	22	21	21
LOC_777	25	27	29	29	28	28	27	26	29	28	29	29	26
LOC_778	16	15	18	15	16	15	17	17	15	15	16	16	16
LOC_779	19	23	21	21	23	23	20	20	24	23	22	22	20
LOC_780	26	25	25	26	24	26	25	26	24	24	26	26	26
LOC_781	26	28	25	23	29	30	27	24	32	29	29	28	26
LOC_782	14	13	14	14	16	14	14	14	14	16	14	15	14
LOC_783	26	29	27	26	27	30	27	26	29	30	24	25	26
LOC_784	28	27	27	25	27	25	28	28	26	26	25	24	26
LOC_785	24	23	23	24	23	22	24	24	22	24	24	23	24
LOC_786	29	28	28	30	27	27	28	28	26	27	31	27	26
LOC_787	22	20	22	22	21	21	21	21	21	22	21	21	21
LOC_788	25	26	24	24	24	23	24	24	22	23	24	24	26
LOC_789	17	18	18	18	17	18	18	18	18	17	18	18	18
LOC_790	28	26	29	28	25	29	25	25	28	29	26	26	26
LOC_791	25	26	25	25	27	25	27	25	26	25	26	27	26
LOC_792	16	17	16	16	16	16	16	13	15	15	16	16	16
LOC_793	20	20	20	20	17	18	19	20	19	19	17	17	19
LOC_794	19	20	22	19	19	19	19	24	18	19	19	19	20
LOC_795	22	20	20	22	21	20	20	20	22	22	21	21	21
LOC_796	18	19	17	16	20	19	18	19	19	19	20	20	18
LOC_797	29	25	28	29	27	27	27	28	28	26	27	26	27
LOC_798	24	26	25	26	25	27	25	25	28	28	27	24	26
LOC_799	27	28	26	26	28	27	29	26	26	26	29	32	26
LOC_800	9	9	9	9	11	9	9	9	9	9	9	9	9
LOC_801	25	25	26	27	26	26	26	26	26	27	27	27	26
LOC_802	27	25	26	25	28	25	25	27	25	25	27	27	26
LOC_803	21	20	21	21	22	21	20	20	20	20	21	21	20
LOC_804	16	16	16	16	16	16	18	16	16	16	16	16	16
LOC_805	16	18	16	16	19	18	16	16	18	18	18	19	16
LOC_806	15	17	16	16	18	18	16	16	19	17	19	18	17
LOC_807	15	16	15	15	17	15	17	17	14	14	18	18	16
LOC_808	22	20	18	18	19	20	19	19	21	21	22	18	20
LOC_809	26	26	29	30	29	25	24	27	24	24	29	29	26
LOC_810	17	17	17	17	16	16	17	17	17	17	17	16	17
LOC_811	19	20	19	19	21	20	21	19	19	18	20	20	19
LOC_812	21	20	19	19	20	20	19	20	20	20	20	20	19
LOC_813	26	25	26	26	22	24	27	27	25	24	23	22	26
LOC_814	25	27	23	23	27	24	23	24	27	25	26	25	26
LOC_815	26	27	26	26	28	26	26	25	28	30	26	28	26
LOC_816	17	16	16	16	16	16	17	16	16	16	16	16	16
LOC_817	21	22	23	23	22	22	26	24	21	22	21	22	22
LOC_818	26	25	27	25	29	24	24	24	25	24	24	26	25
LOC_819	7	7	7	7	7	7	8	7	7	7	7	7	7
LOC_820	16	17	14	14	17	16	13	16	16	16	15	15	16
LOC_821	29	29	29	29	28	30	27	27	33	33	29	29	28
LOC_822	25	24	23	24	23	26	25	27	25	22	23	23	25
LOC_823	15	15	15	15	12	12	15	14	12	12	12	12	15
LOC_824	21	22	20	20	22	20	22	21	21	20	22	22	21
LOC_825	22	24	22	22	23	22	21	22	24	24	27	26	25
LOC_826	20	17	25	24	16	16	20	20	16	16	16	16	18
LOC_827	22	21	22	23	21	21	21	22	21	21	19	19	21
LOC_828	19	20	19	19	20	20	21	17	20	20	16	16	19
LOC_829	15	15	14	14	18	16	11	16	16	16	15	15	16
LOC_830	25	27	23	23	27	25	25	25	26	27	27	28	25
LOC_831	27	25	26	26	25	26	28	31	26	24	23	24	25
LOC_832	15	17	16	16	16	16	16	17	17	17	19	16	16
LOC_833	16	14	16	16	13	13	14	14	16	13	13	13	14
LOC_834	21	20	20	21	20	20	21	21	20	20	20	20	21
LOC_835	23	25	23	23	28	30	24	24	24	25	27	25	25
LOC_836	15	15	15	15	15	15	15	17	15	15	15	15	15
LOC_837	13	12	12	12	12	12	13	13	12	12	12	12	12
LOC_838	23	21	23	23	21	19	23	23	19	19	21	19	23
LOC_839	16	18	16	16	18	19	17	16	17	17	18	18	18
LOC_840	22	20	21	20	20	20	21	21	20	20	19	19	20
LOC_841	14	14	14	14	16	16	14	16	18	16	16	16	14
LOC_842	22	25	23	22	24	24	26	25	21	21	25	28	25
LOC_843	20	17	20	20	17	17	18	18	17	17	17	17	17
LOC_844	26	26	27	24	23	25	27	25	24	24	25	25	26
LOC_845	23	25	24	27	25	25	24	25	27	25	24	25	25
LOC_846	18	18	19	19	18	18	18	18	18	19	18	19	18
LOC_847	25	27	28	27	27	27	26	28	26	29	26	26	25
LOC_848	21	19	24	23	23	19	21	22	19	19	21	21	19
LOC_849	25	22	27	24	24	22	27	28	22	22	24	23	25
LOC_850	17	17	16	17	17	17	17	17	17	17	16	16	17
LOC_851	23	23	23	20	24	23	23	24	22	22	24	24	23
LOC_852	15	15	15	17	16	17	15	15	15	15	15	15	15
LOC_853	24	25	24	24	25	25	25	24	23	23	23	22	25
LOC_854	22	25	25	25	24	23	25	26	24	23	24	23	25
LOC_855	17	19	18	18	19	18	18	17	18	18	18	18	18
LOC_856	26	26	25	23	31	27	25	24	27	29	26	29	26
LOC_857	26	28	26	27	26	26	30	27	25	25	25	25	29
LOC_858	14	15	14	14	16	15	14	15	16	16	16	16	14
LOC_859	15	14	16	15	14	14	14	14	15	13	14	14	14
LOC_860	24	21	23	24	22	22	22	23	21	22	22	22	22
LOC_861	16	17	17	17	18	18	17	17	18	18	18	18	17
LOC_862	14	20	15	15	16	16	14	14	19	17	14	16	15
LOC_863	21	20	21	21	19	20	21	21	21	20	20	20	20
LOC_864	27	25	23	23	25	23	22	24	24	22	23	24	24
LOC_865	24	26	24	25	25	23	22	21	23	24	24	25	25
LOC_866	24	24	25	24	25	23	27	26	22	28	24	26	25
LOC_867	21	18	21	21	18	18	21	21	19	18	18	18	18
LOC_868	22	25	23	23	27	24	24	22	24	25	24	23	25
LOC_869	21	21	23	21	21	21	21	21	21	21	22	20	21
LOC_870	11	13	11	10	13	13	13	13	13	13	13	13	13
LOC_871	14	14	14	14	14	14	14	14	14	14	14	14	14
LOC_872	25	25	24	24	26	30	24	25	28	28	29	31	25
LOC_873	17	17	16	16	16	16	17	17	16	16	16	16	17
LOC_874	25	22	23	24	23	24	23	25	24	24	23	23	24
LOC_875	18	17	18	17	19	17	19	19	17	17	18	19	18
LOC_876	17	17	17	17	17	17	17	17	17	17	17	17	17
LOC_877	23	25	23	23	27	25	24	24	26	26	24	25	25
LOC_878	25	25	23	23	25	28	26	27	27	29	26	25	25
LOC_879	25	26	24	25	22	23	26	27	24	24	24	24	25
LOC_880	25	24	25	25	24	23	25	24	24	22	23	23	25
LOC_881	17	17	17	17	16	17	17	17	17	17	17	17	17
LOC_882	21	20	21	21	16	18	20	19	22	22	19	20	20
LOC_883	26	25	25	26	27	24	25	25	25	25	26	26	25
LOC_884	14	15	14	14	15	16	14	14	15	15	15	15	15
LOC_885	17	16	17	16	16	16	17	16	16	16	16	14	17
LOC_886	28	25	26	24	23	25	27	27	25	25	28	26	25
LOC_887	26	23	28	27	28	25	29	27	25	25	28	25	25
LOC_888	25	22	23	23	24	23	24	23	23	24	24	23	25
LOC_889	21	23	21	21	26	23	22	23	21	24	26	27	23
LOC_890	22	23	23	22	21	23	22	22	21	21	21	21	22
LOC_891	24	25	23	23	24	28	25	26	25	26	25	26	25
LOC_892	28	23	27	27	21	22	25	26	22	21	21	20	22
LOC_893	19	19	19	20	20	20	19	19	20	20	20	21	19
LOC_894	17	18	18	19	19	19	19	19	19	19	19	19	18
LOC_895	23	23	22	21	23	22	24	24	22	22	23	25	24
LOC_896	25	24	26	25	28	27	29	31	25	28	26	27	25
LOC_897	19	16	16	16	17	15	16	16	15	15	15	15	17
LOC_898	28	24	25	27	23	23	26	25	23	22	26	23	25
LOC_899	24	26	23	23	27	26	26	25	26	26	27	27	25
LOC_900	23	22	23	24	23	22	25	25	23	23	26	23	24
LOC_901	28	25	21	23	26	23	24	24	23	24	27	26	25
LOC_902	22	24	20	22	24	23	24	24	23	23	25	25	23
LOC_903	27	25	24	23	24	22	24	24	23	22	26	25	25
LOC_904	14	14	15	16	14	14	14	15	14	13	14	14	14
LOC_905	31	24	28	27	28	26	26	26	26	24	31	29	25
LOC_906	14	15	14	12	13	14	14	14	13	14	13	13	15
LOC_907	18	17	21	19	17	17	19	19	17	17	17	17	18
LOC_908	22	23	22	21	20	21	23	23	18	19	23	22	22
LOC_909	24	25	24	22	28	25	25	25	25	24	25	22	25
LOC_910	18	17	18	18	18	19	17	17	18	18	18	19	17
LOC_911	19	19	20	20	18	19	19	20	24	19	18	18	19
LOC_912	11	11	11	9	11	11	11	12	11	11	11	11	11
LOC_913	18	18	18	18	17	17	18	18	17	17	16	16	18
LOC_914	25	25	25	24	24	23	25	25	25	25	28	28	25
LOC_915	27	25	25	26	25	26	25	25	27	28	24	22	25
LOC_916	16	18	20	17	16	14	20	19	17	17	15	15	18
LOC_917	15	16	15	15	14	14	20	19	16	16	14	14	15
LOC_918	16	16	16	16	17	17	17	16	16	17	16	17	16
LOC_919	16	14	16	16	14	14	16	16	14	14	14	15	14
LOC_920	18	20	19	19	22	20	20	21	20	18	21	21	18
LOC_921	18	16	16	17	16	18	16	16	17	17	18	16	16
LOC_922	22	23	22	22	22	23	23	21	22	23	19	24	22
LOC_923	26	22	27	28	22	22	23	28	23	23	23	22	25
LOC_924	26	25	28	26	29	25	27	28	27	26	26	27	25
LOC_925	15	14	14	14	14	14	14	14	15	14	14	14	14
LOC_926	25	27	23	24	27	28	25	25	27	26	27	27	25
LOC_927	24	26	25	26	26	25	25	25	23	24	27	26	25
LOC_928	23	23	23	22	24	23	26	26	23	23	25	23	25
LOC_929	15	15	15	15	18	15	15	15	15	15	19	18	15
LOC_930	10	8	10	10	10	10	10	10	10	10	10	10	10
LOC_931	25	24	23	22	23	19	22	22	19	19	23	23	24
LOC_932	23	24	23	23	25	24	24	24	23	23	24	23	24
LOC_933	23	24	24	24	24	25	23	23	22	24	25	25	24
LOC_934	25	24	29	28	25	25	25	26	26	26	27	28	24
LOC_935	17	17	17	17	17	19	18	18	17	17	17	16	17
LOC_936	23	24	22	22	26	26	22	22	25	25	26	24	23
LOC_937	26	25	25	26	24	24	27	25	21	25	24	26	24
LOC_938	17	16	17	17	17	17	17	17	17	18	17	17	17
LOC_939	19	20	19	20	19	18	18	18	19	19	19	19	19
LOC_940	19	18	19	19	18	18	20	21	19	18	18	18	19
LOC_941	15	14	13	14	12	14	14	13	14	14	12	12	14
LOC_942	24	25	23	23	25	25	24	28	28	26	25	23	24
LOC_943	17	19	21	20	20	20	20	20	20	20	20	19	20
LOC_944	16	16	18	18	16	16	18	18	15	16	17	16	18
LOC_945	16	17	19	17	19	18	16	16	18	18	20	19	17
LOC_946	24	24	23	22	22	22	23	23	23	22	22	22	24
LOC_947	28	25	28	25	24	24	26	27	25	25	24	25	24
LOC_948	20	20	21	20	20	20	19	20	20	20	20	20	20
LOC_949	24	23	24	26	24	25	23	23	23	23	24	24	23
LOC_950	25	23	23	23	23	25	24	26	23	25	22	22	24
LOC_951	20	19	20	19	25	20	22	22	20	20	23	23	20
LOC_952	20	20	23	23	18	20	22	22	20	20	20	20	20
LOC_953	23	23	23	23	24	23	23	23	22	23	26	26	24
LOC_954	23	25	22	22	22	26	22	22	23	23	22	22	22
LOC_955	25	24	24	23	25	25	24	24	24	24	24	24	24
LOC_956	21	25	22	21	25	24	22	20	26	23	23	25	24
LOC_957	24	25	25	25	27	29	24	24	27	29	28	27	24
LOC_958	16	16	16	16	18	17	16	16	17	17	17	17	16
LOC_959	20	18	21	19	19	18	18	18	19	18	18	17	18
LOC_960	26	22	24	26	23	23	28	28	24	23	23	23	24
LOC_961	24	23	25	25	23	22	25	26	23	22	24	26	25
LOC_962	24	25	24	22	26	25	24	24	25	25	25	25	24
LOC_963	24	24	24	24	26	25	23	24	23	22	21	24	24
LOC_964	16	16	16	16	16	16	16	20	16	16	16	16	16
LOC_965	21	26	22	24	28	25	23	22	26	26	25	24	23
LOC_966	19	20	18	18	22	22	17	18	22	21	22	22	20
LOC_967	25	24	23	23	24	24	24	24	25	25	26	27	24
LOC_968	25	25	25	25	27	24	22	22	24	25	25	26	24
LOC_969	20	18	20	19	20	18	18	18	18	18	20	20	18
LOC_970	19	19	19	18	19	19	19	21	19	19	18	19	19
LOC_971	26	24	24	25	25	25	24	24	26	25	26	27	24
LOC_972	23	24	23	23	24	23	22	24	21	20	27	27	24
LOC_973	30	27	27	27	28	26	28	26	27	28	28	27	30
LOC_974	14	14	14	14	14	14	14	14	15	13	14	14	14
LOC_975	14	15	14	14	14	14	14	14	14	14	14	14	14
LOC_976	28	28	28	29	29	26	26	29	27	28	28	27	29
LOC_977	18	20	17	17	18	18	17	17	18	18	18	18	17
LOC_978	16	17	18	19	19	15	18	17	15	15	18	18	17
LOC_979	27	25	29	27	28	27	26	27	29	29	31	28	25
LOC_980	16	16	16	16	16	16	16	16	16	17	16	16	16
LOC_981	24	21	27	25	22	21	24	23	24	19	24	22	22
LOC_982	14	14	13	14	14	15	14	14	14	14	14	14	14
LOC_983	25	24	23	23	22	23	23	23	23	27	18	17	24
LOC_984	23	26	24	23	25	25	23	24	24	24	24	24	24
LOC_985	15	15	14	14	15	15	14	17	15	15	16	16	14
LOC_986	17	17	17	16	17	16	17	17	17	17	17	17	17
LOC_987	25	25	22	23	22	23	24	26	24	24	23	23	24
LOC_988	18	18	19	18	22	20	20	18	21	19	27	25	18
LOC_989	23	24	22	22	24	24	28	29	25	25	23	23	24
LOC_990	23	23	23	23	26	26	22	22	27	25	25	26	24
LOC_991	15	15	15	16	17	15	15	15	15	14	15	15	15
LOC_992	22	22	25	24	23	26	23	22	23	23	23	22	23
LOC_993	17	19	18	18	19	16	17	17	18	18	19	19	19
LOC_994	25	26	26	24	25	26	24	24	26	26	27	27	24
LOC_995	23	26	24	25	24	23	27	24	22	24	23	26	24
LOC_996	26	23	27	28	24	24	23	25	22	23	23	24	24
LOC_997	24	25	24	23	24	25	23	23	25	27	26	26	24
LOC_998	14	14	15	14	15	14	14	14	14	15	14	14	14
LOC_999	24	24	25	21	26	22	24	23	24	24	24	24	24
LOC_1000	21	22	22	22	19	21	21	21	21	22	19	19	21
LOC_1001	19	19	19	21	21	21	19	19	21	21	25	25	19
LOC_1002	23	25	23	23	26	27	23	23	28	27	24	23	24
LOC_1003	23	25	22	22	28	28	22	23	27	24	31	29	24
LOC_1004	18	17	19	17	17	17	17	18	16	16	18	17	17
LOC_1005	7	7	7	6	8	7	7	7	7	7	7	7	7
LOC_1006	23	25	23	23	24	25	23	22	28	26	24	24	24
LOC_1007	20	18	20	20	20	18	16	18	18	18	21	19	18
LOC_1008	19	21	22	21	21	21	21	21	22	21	21	20	21
LOC_1009	23	23	25	25	22	22	24	23	23	21	23	20	24
LOC_1010	15	14	16	15	13	17	15	15	14	14	14	15	15
LOC_1011	23	23	23	22	23	23	24	23	22	22	23	22	24
LOC_1012	21	24	23	23	23	20	21	23	20	20	21	20	24
LOC_1013	24	23	24	24	24	23	25	27	23	23	25	25	24
LOC_1014	24	22	22	25	22	22	23	21	22	22	22	22	23
LOC_1015	16	16	17	17	16	15	17	17	15	15	16	16	16
LOC_1016	13	12	14	13	14	14	17	14	14	14	14	14	14
LOC_1017	22	23	24	25	23	24	25	24	22	24	24	24	24
LOC_1018	25	25	26	27	25	22	24	25	21	22	22	22	24
LOC_1019	15	15	15	15	16	15	15	16	16	16	16	16	15
LOC_1020	23	23	23	23	22	22	23	22	22	22	23	22	23
LOC_1021	16	15	17	18	15	15	16	18	15	15	15	15	15
LOC_1022	26	23	24	24	23	24	23	23	25	24	23	23	24
LOC_1023	21	24	25	25	23	23	23	24	22	24	23	23	24
LOC_1024	26	26	32	30	29	26	31	31	26	24	29	30	29
