names	Run1_C_12	Run1_C_13	Run1_C_18	Run1_C_22	Run1_C_25	Run1_C_26	Run1_C_28	Run1_C_29	Run1_C_30	Run1_C_31	Run1_C_32	Run1_C_33	Run1_C_34	Run1_C_35	Run1_C_36	Run1_C_37	Run1_C_38	Run1_C_39	Run1_C_40	Run1_C_41	Run1_C_42	Run1_C_43	root
LOC_1	21	20	21	21	20	18	20	20	20	20	20	23	21	21	17	17	19	19	19	22	19	19	19
LOC_2	20	20	21	20	20	20	20	20	23	22	20	20	21	22	18	20	21	21	21	21	21	21	20
LOC_3	7	7	7	7	7	7	7	7	7	7	7	7	7	7	7	8	8	8	7	7	8	8	7
LOC_4	7	7	7	7	7	7	8	8	7	7	7	7	7	7	7	7	7	7	7	7	7	7	7
LOC_5	7	7	7	7	7	7	7	7	7	7	7	7	7	7	7	7	7	7	7	7	7	7	7
LOC_6	16	16	16	16	13	17	16	16	16	17	16	16	16	16	16	16	16	16	19	16	16	16	16
LOC_7	13	13	15	13	13	13	13	13	13	13	15	14	14	15	13	13	13	13	13	13	14	13	13
LOC_8	22	22	21	23	22	22	22	22	21	21	20	21	21	22	22	17	21	20	19	21	21	21	22
LOC_9	16	16	19	15	16	15	16	16	15	16	19	19	18	18	15	15	14	15	17	17	15	15	15
LOC_10	17	17	19	16	16	14	16	16	18	18	18	18	19	20	17	16	17	17	19	18	17	18	17
LOC_11	23	23	22	23	24	24	23	23	22	20	22	23	22	22	24	23	22	21	22	22	21	21	23
LOC_12	17	17	20	17	18	17	14	14	20	21	20	20	19	19	17	17	21	20	19	20	19	18	17
LOC_13	15	17	16	20	18	17	18	18	16	17	16	15	16	16	16	17	17	17	15	15	17	17	17
LOC_14	19	19	20	19	19	19	20	18	18	18	18	18	18	18	19	19	18	19	18	18	19	19	18
LOC_15	23	26	28	27	23	26	23	23	28	29	27	28	28	30	26	26	27	26	25	28	27	27	27
LOC_16	14	14	14	17	17	14	17	17	14	14	14	14	14	14	14	14	14	14	15	14	14	14	14
LOC_17	15	15	14	15	16	15	15	15	15	15	11	11	11	11	14	14	19	19	14	14	18	19	15
LOC_18	22	23	24	21	23	22	22	24	25	21	23	23	22	20	22	20	23	24	23	23	24	24	23
LOC_19	21	21	22	23	26	20	23	23	25	24	23	24	22	23	21	22	23	23	23	23	22	21	22
LOC_20	16	16	17	16	16	16	16	17	17	17	17	17	17	17	15	14	17	17	17	16	15	15	15
LOC_21	13	13	14	12	12	14	12	11	11	11	13	13	11	13	14	14	13	13	13	13	13	13	13
LOC_22	21	21	23	21	22	21	21	21	23	22	24	24	21	21	21	21	20	21	23	23	22	21	21
LOC_23	17	17	15	17	17	17	17	17	16	16	17	16	17	17	17	17	15	16	17	15	16	16	16
LOC_24	22	22	25	22	22	22	22	22	23	23	22	22	25	24	23	23	23	25	23	24	22	23	23
LOC_25	22	22	23	21	21	20	20	20	22	22	22	22	22	22	20	20	23	22	22	22	22	23	22
LOC_26	14	14	16	15	15	15	15	15	16	16	16	17	16	16	15	15	18	18	16	16	16	16	15
LOC_27	16	16	15	15	16	15	16	16	15	15	16	15	15	15	15	15	16	18	15	15	16	16	17
LOC_28	22	20	23	22	21	22	22	21	22	21	21	22	21	22	20	21	23	23	23	23	22	23	21
LOC_29	23	23	26	24	24	23	24	25	26	25	26	26	26	29	23	23	27	26	25	26	25	26	25
LOC_30	18	18	22	16	17	20	16	16	25	23	25	25	23	25	20	20	21	18	20	22	21	21	19
LOC_31	23	25	26	26	25	25	26	26	25	25	26	28	26	25	25	24	25	25	27	27	25	25	26
LOC_32	20	20	21	20	19	20	21	21	20	20	21	21	22	23	20	20	19	19	19	19	19	19	20
LOC_33	15	15	15	14	15	15	15	15	15	15	15	14	14	14	16	16	15	17	15	15	18	18	15
LOC_34	15	15	12	15	15	13	15	15	14	14	13	13	13	13	13	13	14	14	14	14	16	14	14
LOC_35	19	19	19	22	19	19	18	19	23	23	20	20	20	20	19	19	19	18	19	19	19	19	19
LOC_36	20	20	19	20	20	21	20	20	20	20	19	19	20	19	20	20	19	19	21	21	20	20	20
LOC_37	21	21	21	22	24	22	23	23	21	22	21	19	18	18	22	19	22	22	21	21	22	22	21
LOC_38	17	17	18	16	16	15	16	16	17	18	18	16	18	18	17	17	20	19	19	19	16	16	16
LOC_39	20	23	19	23	25	23	21	22	21	20	19	19	19	15	25	23	20	21	20	21	17	20	20
LOC_40	14	14	14	14	14	14	14	14	14	14	14	14	14	14	14	14	14	14	15	14	14	14	14
LOC_41	23	22	24	20	21	22	21	21	21	22	22	22	22	22	25	23	21	21	24	25	21	21	21
LOC_42	22	20	21	21	23	22	22	23	20	20	20	21	20	20	23	21	20	20	21	21	21	22	21
LOC_43	18	18	19	18	18	19	15	18	18	18	21	21	19	21	19	19	19	18	19	19	21	21	18
LOC_44	18	18	19	18	17	19	18	18	18	18	22	21	20	22	17	17	18	19	18	19	18	18	18
LOC_45	18	18	21	20	18	19	18	18	21	21	21	21	20	20	18	18	17	18	23	22	18	18	18
LOC_46	20	20	19	22	20	19	20	20	20	20	20	19	19	20	19	19	24	25	18	18	22	22	20
LOC_47	14	14	15	15	15	14	15	15	15	15	15	15	15	15	14	14	15	15	15	15	15	15	15
LOC_48	17	17	19	17	17	17	18	17	22	19	19	19	19	19	17	17	20	19	19	19	17	20	17
LOC_49	15	15	15	15	15	15	15	15	15	15	17	17	15	15	15	15	15	16	15	15	16	15	15
LOC_50	16	16	16	16	16	16	15	16	16	16	15	16	15	15	16	16	17	17	16	16	17	17	16
LOC_51	20	20	21	22	22	20	21	21	22	21	21	20	19	19	20	21	22	22	22	22	23	22	20
LOC_52	19	20	19	19	20	21	22	21	19	20	19	19	19	19	21	21	22	20	19	19	19	18	19
LOC_53	21	23	22	23	24	23	24	23	21	22	21	23	23	23	21	22	23	23	24	25	24	24	23
LOC_54	20	20	20	19	22	19	19	20	21	21	20	20	22	21	20	19	21	22	21	20	23	21	20
LOC_55	17	18	19	20	20	20	20	20	21	21	22	22	20	20	19	19	19	19	21	21	20	17	20
LOC_56	19	18	20	19	19	19	18	18	21	23	18	19	18	18	20	20	18	18	19	20	19	19	19
LOC_57	24	23	22	25	25	23	23	24	23	24	22	21	23	23	22	22	24	24	24	23	25	22	23
LOC_58	22	22	20	26	27	23	28	27	20	20	21	20	20	20	24	24	21	22	20	20	21	22	21
LOC_59	9	10	9	9	9	9	9	9	9	9	9	9	10	10	9	9	9	9	9	9	9	9	9
LOC_60	20	20	18	20	20	20	18	20	21	21	18	18	18	18	20	20	19	19	20	21	18	18	20
LOC_61	26	23	24	23	25	21	24	25	25	26	26	27	26	28	20	20	23	24	21	23	22	25	24
LOC_62	17	17	19	19	19	17	19	19	19	19	20	20	19	19	17	17	19	18	20	19	19	20	18
LOC_63	19	19	17	20	21	19	21	21	19	17	17	17	17	17	20	20	17	17	17	17	17	17	17
LOC_64	19	19	16	20	19	19	19	19	16	16	16	16	16	16	19	21	17	18	16	17	18	17	17
