names	Run1_C_4	Run1_C_9	Run1_C_10	Run1_C_12	Run1_C_13	Run1_C_15	Run1_C_16	Run1_C_17	Run1_C_18	Run1_C_19	root
LOC_1	20	19	20	20	20	19	19	20	20	20	19
LOC_2	19	20	20	21	20	20	24	24	20	20	20
LOC_3	7	7	7	7	7	7	7	7	7	7	7
LOC_4	7	6	6	7	7	8	8	8	6	6	7
LOC_5	7	7	7	7	7	7	7	7	7	7	7
LOC_6	16	15	18	16	17	17	17	17	18	17	16
LOC_7	15	11	13	14	13	11	11	11	14	14	13
LOC_8	23	21	22	22	22	22	21	21	20	20	22
LOC_9	17	15	15	16	17	15	15	15	15	15	15
LOC_10	17	17	18	17	18	18	17	17	14	14	17
LOC_11	24	23	22	23	23	23	23	25	24	24	23
LOC_12	17	17	17	17	17	17	17	17	15	15	17
LOC_13	20	15	17	20	20	17	17	17	17	16	17
LOC_14	18	18	18	18	18	20	20	20	18	18	18
LOC_15	27	26	28	26	26	24	25	25	31	27	27
LOC_16	13	14	14	14	15	15	14	14	15	15	14
LOC_17	15	14	15	15	15	16	15	17	20	16	15
LOC_18	23	23	21	24	23	23	23	23	23	23	23
LOC_19	21	23	22	22	22	23	22	22	25	24	22
LOC_20	16	16	13	15	15	17	16	16	16	16	15
LOC_21	12	16	13	13	13	13	13	12	13	13	13
LOC_22	21	20	19	21	21	20	20	19	20	20	21
LOC_23	16	16	18	16	16	16	16	16	18	18	16
LOC_24	23	23	23	24	24	24	25	24	24	24	23
LOC_25	23	22	22	22	23	22	23	23	21	22	22
LOC_26	15	15	15	15	15	15	15	15	16	16	15
LOC_27	17	17	17	17	17	16	16	16	17	17	17
LOC_28	21	21	23	22	21	21	19	21	23	23	21
LOC_29	27	24	25	25	27	24	21	22	24	23	25
LOC_30	18	19	19	18	18	19	18	19	19	19	19
LOC_31	25	25	25	24	24	25	26	25	25	25	26
LOC_32	19	17	20	19	19	20	20	20	19	19	20
