names	Run1_C_11	Run1_C_15	Run1_C_17	Run1_C_18	Run1_C_19	Run1_C_20	Run1_C_22	Run1_C_24	Run1_C_25	Run1_C_27	Run1_C_29	Run1_C_30	Run1_C_31	Run1_C_32	Run1_C_33	Run1_C_34	Run1_C_35	Run1_C_36	Run1_C_37	root
LOC_1	17	21	23	19	19	19	21	20	19	17	17	16	16	19	24	17	17	24	22	19
LOC_2	19	21	20	20	20	22	21	21	21	20	19	18	18	23	21	21	21	20	20	20
LOC_3	7	7	7	7	7	7	7	7	5	7	7	7	7	7	7	7	8	7	7	7
LOC_4	7	7	7	7	7	7	8	7	6	7	7	7	8	7	7	7	7	7	7	7
LOC_5	7	7	8	7	7	7	8	7	7	7	7	7	7	8	8	7	7	7	7	7
LOC_6	16	16	16	15	16	18	16	18	18	16	19	20	19	16	16	16	16	17	17	16
LOC_7	13	13	13	13	14	13	13	13	13	13	13	13	13	15	14	13	13	14	16	13
LOC_8	22	23	23	24	24	20	25	20	19	24	25	25	25	22	22	25	25	23	23	22
LOC_9	15	17	17	16	16	15	17	16	16	17	17	18	17	16	17	17	17	17	17	15
LOC_10	17	17	17	16	17	17	17	18	18	17	17	17	17	17	17	17	18	16	17	17
LOC_11	25	26	25	26	25	24	25	22	23	26	27	26	28	27	25	26	26	26	26	23
LOC_12	17	19	17	17	17	17	17	17	17	16	20	16	18	17	17	17	17	17	17	17
LOC_13	16	16	16	16	16	17	16	17	17	16	18	16	16	18	18	17	17	16	16	17
LOC_14	18	19	18	18	18	18	18	18	18	18	18	18	18	18	18	18	19	21	19	18
LOC_15	25	26	24	28	28	31	24	28	28	31	26	24	30	23	24	24	25	24	24	27
LOC_16	14	14	14	14	14	14	14	14	14	14	15	14	14	14	14	14	14	14	14	14
LOC_17	15	15	15	15	15	17	16	16	15	15	15	12	15	15	15	13	13	18	18	15
LOC_18	24	22	22	25	26	24	22	25	25	25	24	23	24	21	20	23	21	23	23	23
LOC_19	21	21	22	21	22	21	22	20	21	19	20	20	20	24	23	19	21	20	18	22
LOC_20	15	15	13	15	15	14	13	13	13	16	14	15	15	13	13	16	16	15	15	15
LOC_21	14	14	14	14	13	14	14	14	14	15	14	13	14	15	14	14	14	16	16	13
LOC_22	22	22	20	22	22	21	22	20	21	23	22	23	24	22	19	22	23	21	20	21
LOC_23	14	14	14	15	16	16	16	15	16	14	14	14	15	12	14	15	15	14	14	16
LOC_24	20	21	21	23	22	23	22	23	24	23	23	22	24	21	21	22	23	22	23	23
LOC_25	22	21	22	21	21	24	21	22	21	20	20	20	20	21	21	20	19	19	19	22
LOC_26	15	17	17	15	15	15	17	15	16	15	17	17	17	16	17	16	15	16	16	15
LOC_27	14	16	15	16	16	17	13	18	18	18	16	14	14	16	16	16	16	15	15	17
LOC_28	25	21	25	21	21	22	22	22	21	25	25	26	27	22	22	27	28	23	21	21
LOC_29	25	25	27	28	27	24	26	24	26	27	25	26	27	26	25	26	26	25	26	25
LOC_30	20	19	21	18	18	19	21	21	21	20	20	21	22	21	21	19	20	20	19	19
LOC_31	24	25	26	29	26	25	25	27	27	26	25	25	25	26	25	25	23	25	27	26
LOC_32	19	20	20	20	20	19	20	19	19	22	22	22	23	20	20	21	21	20	19	20
LOC_33	15	15	16	15	15	15	16	15	15	15	15	15	15	16	16	15	15	15	15	15
LOC_34	14	15	15	14	16	15	15	15	14	14	14	15	14	16	15	14	15	14	15	14
LOC_35	21	21	21	17	17	20	21	21	20	22	20	20	20	21	21	20	20	20	21	19
LOC_36	20	20	20	20	20	20	20	21	20	19	22	21	21	20	20	19	19	19	20	20
LOC_37	21	21	21	21	21	20	22	22	22	25	22	25	24	21	21	21	22	21	21	21
LOC_38	16	16	16	16	16	16	16	17	14	16	16	16	16	16	16	16	16	15	16	16
LOC_39	21	23	24	22	21	20	26	22	22	21	21	19	21	24	25	20	20	22	23	20
LOC_40	12	11	12	12	12	15	12	15	15	12	12	12	12	12	12	12	12	11	11	14
LOC_41	17	19	19	21	21	21	19	21	22	20	20	20	20	18	18	19	20	22	19	21
LOC_42	21	22	21	21	21	21	21	22	21	21	21	21	20	20	21	21	21	20	21	21
LOC_43	18	18	19	18	17	18	18	18	17	18	17	18	18	18	18	16	18	18	18	18
LOC_44	16	18	21	18	18	18	21	18	18	18	19	21	19	21	21	18	18	18	18	18
LOC_45	18	18	18	18	18	19	16	18	18	20	20	20	20	16	16	20	20	20	18	18
LOC_46	23	20	19	20	20	20	20	22	21	19	20	20	20	19	19	19	18	20	20	20
LOC_47	15	15	19	15	15	15	16	15	14	15	15	15	15	17	17	16	16	15	15	15
LOC_48	16	16	17	18	20	17	17	17	17	15	16	16	18	16	16	15	14	15	17	17
LOC_49	16	15	16	15	16	15	16	15	15	15	15	15	15	16	17	15	15	15	15	15
LOC_50	15	15	15	16	16	16	15	16	16	17	17	18	17	14	15	17	16	15	15	16
LOC_51	19	18	20	21	21	20	19	21	20	19	18	20	20	19	19	19	19	19	19	20
LOC_52	19	16	17	19	19	19	17	19	19	19	19	19	19	17	18	19	19	18	19	19
LOC_53	22	21	21	20	22	24	21	24	24	19	22	21	21	21	21	22	22	22	22	23
LOC_54	20	21	21	20	20	20	21	20	20	20	20	23	20	21	21	20	20	20	20	20
LOC_55	19	21	19	17	19	21	18	20	20	19	18	19	18	18	18	20	20	20	19	20
LOC_56	21	19	20	19	19	19	19	21	21	20	20	20	19	20	19	20	20	19	19	19
LOC_57	23	25	24	22	22	23	23	24	20	25	24	22	23	25	25	25	24	23	23	23
LOC_58	21	23	23	21	21	20	23	21	21	20	20	20	20	22	23	20	19	22	22	21
LOC_59	9	9	9	9	9	9	8	9	9	10	10	10	10	8	8	11	10	11	9	9
LOC_60	20	20	21	21	20	20	21	20	20	19	17	17	17	21	20	19	19	20	20	20
LOC_61	23	22	21	24	25	24	24	24	24	23	23	23	23	18	18	22	22	21	22	24
LOC_62	15	18	19	16	16	19	18	19	19	14	13	13	13	18	18	14	13	17	18	18
LOC_63	17	17	18	18	17	17	17	17	18	15	17	16	16	20	17	14	17	18	18	17
LOC_64	16	19	17	17	17	18	16	20	18	16	17	17	17	16	17	16	16	21	17	17
LOC_65	18	17	19	19	17	17	17	17	17	21	18	18	18	17	17	23	18	18	17	17
LOC_66	20	20	18	20	20	21	19	20	23	19	20	20	20	20	24	18	18	22	21	21
LOC_67	21	20	22	23	28	22	20	24	22	23	20	20	22	20	21	24	23	21	20	22
LOC_68	16	17	17	16	16	14	17	16	16	14	18	18	18	17	17	16	17	16	16	16
LOC_69	21	19	19	22	21	21	20	21	22	18	19	19	19	21	20	19	19	22	21	21
LOC_70	25	24	24	25	25	25	23	25	25	23	25	26	26	23	23	25	24	24	24	23
LOC_71	16	14	14	13	15	16	14	16	16	15	15	15	15	14	14	15	15	13	14	16
LOC_72	19	19	19	20	20	22	19	22	20	19	19	19	19	19	19	19	19	19	19	20
LOC_73	20	19	18	19	19	19	18	21	21	20	17	20	20	18	19	18	19	18	18	19
LOC_74	21	23	24	22	22	22	27	20	20	21	21	25	25	27	27	22	21	22	22	22
LOC_75	28	25	24	23	23	26	24	25	26	25	22	23	23	24	24	21	21	23	22	23
LOC_76	18	17	18	19	18	22	18	23	22	18	19	21	21	18	18	18	18	18	18	21
LOC_77	13	14	14	14	14	14	16	13	14	13	13	13	13	16	14	13	15	13	13	14
LOC_78	21	20	21	21	21	22	21	21	21	20	21	21	21	22	23	20	20	20	20	22
LOC_79	15	15	15	15	15	15	14	16	15	13	14	14	14	18	18	13	13	15	15	15
LOC_80	23	21	20	26	24	25	20	25	25	23	24	23	23	20	20	23	24	24	23	24
LOC_81	17	16	15	16	16	16	15	16	16	17	17	20	18	15	15	18	18	16	16	16
LOC_82	22	22	23	22	21	21	22	21	21	20	20	20	20	22	21	19	20	22	22	20
LOC_83	21	20	19	21	19	18	21	21	18	19	19	19	19	20	20	19	20	21	21	18
LOC_84	16	17	17	16	16	14	17	15	15	16	17	16	16	16	18	16	16	15	16	16
LOC_85	22	21	22	21	21	21	22	21	21	22	21	20	20	21	21	23	22	21	21	21
LOC_86	16	16	17	16	16	17	16	17	16	16	16	16	16	17	16	15	16	16	16	16
LOC_87	20	16	16	20	19	20	16	20	20	22	23	23	22	16	16	22	23	20	19	20
LOC_88	20	20	20	19	20	23	20	22	23	21	20	21	21	18	20	22	21	22	20	22
LOC_89	24	25	24	24	24	28	24	24	25	24	24	26	24	28	25	23	24	25	24	26
LOC_90	22	22	19	24	25	19	21	20	20	26	23	19	19	22	22	25	24	23	23	20
LOC_91	20	18	18	19	18	17	20	17	18	20	18	18	18	20	20	21	22	18	18	17
LOC_92	19	18	18	19	19	19	18	17	17	20	20	20	20	19	21	21	22	18	18	19
LOC_93	13	12	12	15	12	12	12	11	11	13	11	12	11	12	13	13	13	11	12	12
LOC_94	15	15	15	13	13	15	15	15	15	17	16	16	13	15	16	16	16	14	14	15
LOC_95	13	13	13	13	13	13	13	13	13	13	13	13	13	13	13	13	10	14	13	13
LOC_96	20	21	20	20	20	22	22	20	20	20	20	20	20	25	24	20	21	21	21	20
LOC_97	17	18	17	18	18	20	17	20	20	17	17	17	17	17	17	17	17	17	17	20
LOC_98	16	15	15	15	15	16	16	16	16	16	16	16	16	16	16	14	14	15	14	15
LOC_99	16	16	16	15	17	16	15	17	17	17	17	16	17	15	14	17	17	16	16	16
LOC_100	18	16	16	14	14	14	16	14	14	13	16	17	16	16	16	17	17	17	14	14
LOC_101	21	19	19	21	21	22	21	20	20	21	20	18	20	20	20	21	21	19	19	21
LOC_102	19	19	17	20	21	19	18	19	19	18	19	18	18	18	18	20	20	20	20	19
LOC_103	13	13	13	14	14	14	13	14	14	14	10	14	14	13	13	14	14	13	13	14
LOC_104	19	21	21	20	19	21	22	21	21	21	21	17	18	20	21	22	21	20	21	21
LOC_105	16	16	16	16	16	17	16	16	16	17	15	15	15	16	16	16	15	17	16	16
LOC_106	26	23	25	25	25	29	26	27	27	29	25	26	29	26	26	26	26	23	23	28
LOC_107	14	15	15	14	14	16	15	15	16	16	15	15	15	17	17	15	16	15	15	15
LOC_108	23	23	23	22	23	24	22	22	22	23	21	23	22	23	23	23	24	23	24	23
LOC_109	15	15	15	13	13	14	15	14	14	16	15	16	15	15	15	16	16	17	18	14
LOC_110	16	18	18	16	17	16	18	16	16	15	17	17	17	18	18	15	15	17	17	16
LOC_111	15	18	16	15	15	15	15	15	15	15	15	15	14	16	18	15	15	16	16	15
LOC_112	20	22	22	21	21	22	22	22	22	23	19	19	19	22	22	22	22	21	22	21
LOC_113	14	14	14	14	14	14	14	14	14	14	14	14	14	14	14	14	14	14	14	14
LOC_114	19	23	21	20	19	17	21	17	17	19	22	24	23	24	22	19	19	22	22	17
LOC_115	14	14	14	14	14	14	14	14	14	14	14	14	14	14	14	14	14	14	14	14
LOC_116	14	14	14	15	14	14	14	12	12	14	14	14	14	14	14	14	14	14	14	14
LOC_117	19	19	20	19	19	19	19	19	19	19	19	19	19	19	19	19	19	20	20	19
LOC_118	17	16	18	16	16	16	17	16	16	19	17	17	18	18	18	19	19	17	14	16
LOC_119	20	22	24	23	23	24	22	23	23	19	21	22	22	20	20	21	21	22	23	23
LOC_120	18	18	18	18	18	18	18	18	18	20	18	18	18	18	17	18	18	18	20	18
LOC_121	14	18	18	18	18	18	18	18	18	19	18	17	17	18	20	18	18	18	17	18
LOC_122	20	20	20	20	21	18	20	15	18	19	20	22	23	20	23	20	20	19	20	19
LOC_123	24	23	26	25	25	23	24	24	24	24	25	24	24	24	21	24	24	25	25	24
LOC_124	25	27	31	25	25	21	29	21	21	25	27	30	29	29	31	27	26	28	25	22
LOC_125	25	25	24	27	26	27	24	27	28	25	25	25	26	24	26	26	22	26	24	27
LOC_126	14	14	14	14	8	14	14	16	15	14	14	14	14	14	14	14	14	17	16	14
LOC_127	22	21	25	20	21	22	21	22	22	22	21	20	21	22	21	25	23	21	21	22
LOC_128	21	21	20	20	20	22	20	21	21	19	21	22	21	21	20	21	21	21	21	20
LOC_129	21	20	20	20	18	17	20	19	19	20	20	20	20	20	21	18	20	21	22	19
LOC_130	24	25	26	23	24	21	26	22	22	22	23	24	25	28	27	23	23	25	25	24
LOC_131	17	16	15	15	15	15	18	13	14	18	17	18	18	18	18	18	18	16	16	15
LOC_132	23	25	27	21	21	21	25	22	19	22	21	21	22	26	26	20	20	26	25	21
LOC_133	22	22	22	20	22	22	22	22	22	22	23	23	22	23	23	21	22	22	22	22
LOC_134	25	24	24	25	23	23	23	22	23	25	24	24	23	22	21	23	23	22	22	23
LOC_135	15	15	15	15	15	14	17	14	14	15	15	15	15	17	17	15	15	15	15	14
LOC_136	14	16	16	15	15	15	16	15	15	14	14	15	14	16	16	13	14	14	14	15
LOC_137	24	21	21	24	24	23	21	23	22	25	25	24	25	21	21	25	25	22	22	24
LOC_138	22	21	22	21	22	21	20	20	21	22	22	24	23	25	22	22	22	21	21	21
LOC_139	17	19	19	17	17	17	18	18	18	17	17	17	18	18	20	19	20	17	17	17
LOC_140	18	17	17	17	15	17	17	17	17	17	18	18	18	16	14	18	19	17	17	17
LOC_141	14	14	14	15	15	15	15	15	15	14	14	14	14	15	15	13	13	13	13	15
LOC_142	31	26	29	27	27	27	31	26	25	27	34	33	33	29	30	28	29	30	33	27
LOC_143	20	18	19	21	21	21	20	20	20	21	19	19	19	20	20	22	21	21	21	21
LOC_144	16	16	16	16	16	16	16	17	17	17	17	17	17	17	16	17	17	16	17	16
LOC_145	21	21	22	20	20	21	21	22	21	19	19	19	19	20	20	20	19	20	20	20
LOC_146	21	22	21	21	21	21	21	23	20	22	24	23	22	20	22	21	21	20	21	20
LOC_147	21	20	20	22	22	19	20	20	18	23	20	20	19	21	23	20	20	20	20	21
LOC_148	15	17	16	14	14	14	15	17	14	16	16	17	19	15	16	17	16	16	16	14
LOC_149	17	19	19	18	18	18	19	20	21	18	17	18	18	19	19	18	18	16	18	18
LOC_150	14	15	15	15	15	15	15	15	16	16	15	16	15	15	15	14	15	14	15	15
LOC_151	17	17	16	16	16	16	17	18	16	17	17	17	17	17	16	17	17	16	16	16
LOC_152	21	20	21	21	23	21	21	21	19	28	24	24	23	21	18	25	24	21	21	20
LOC_153	20	20	20	20	21	20	18	20	20	20	21	20	19	18	18	19	20	20	20	20
LOC_154	19	17	17	17	17	18	17	18	18	17	20	17	17	17	17	17	17	19	16	18
LOC_155	22	22	24	23	22	21	23	20	20	23	25	28	26	23	23	24	24	21	21	21
LOC_156	17	19	17	15	16	17	18	17	17	18	18	18	18	18	18	18	18	18	18	17
LOC_157	17	17	19	17	15	18	19	17	17	17	17	17	17	19	19	16	16	17	17	17
LOC_158	21	21	21	21	21	22	19	22	22	20	21	21	20	18	19	22	19	21	21	22
LOC_159	13	14	15	15	16	15	14	13	13	15	15	16	16	16	14	15	15	15	15	15
LOC_160	21	20	20	22	23	19	21	19	19	22	23	21	22	20	20	23	23	20	20	19
LOC_161	21	22	25	24	25	21	21	21	21	20	22	21	23	23	23	17	19	22	22	21
LOC_162	17	20	19	19	19	19	19	20	20	19	19	19	19	19	19	19	19	19	17	20
LOC_163	19	19	19	20	19	23	19	22	22	19	19	19	19	19	19	19	19	20	20	18
LOC_164	19	20	20	19	18	22	18	22	21	17	19	20	19	18	18	16	17	20	20	20
LOC_165	16	16	16	15	15	15	15	14	15	16	16	16	16	15	15	15	15	19	17	15
LOC_166	16	17	17	18	18	18	19	17	17	16	16	16	16	21	19	16	16	17	18	17
LOC_167	16	16	15	20	21	17	15	16	15	16	15	16	16	15	15	16	16	18	16	16
LOC_168	26	28	29	26	28	27	27	25	28	26	25	24	26	27	27	25	25	32	32	28
LOC_169	23	23	24	22	24	22	24	22	22	23	24	25	26	24	24	23	23	23	22	23
LOC_170	19	19	19	20	20	19	19	20	20	19	19	19	20	19	19	19	19	19	19	19
LOC_171	22	23	23	23	24	20	23	21	21	24	23	23	23	23	24	25	24	26	25	23
LOC_172	22	20	22	23	22	24	24	22	22	21	21	19	19	23	22	21	21	22	23	22
LOC_173	17	17	17	17	17	16	17	16	16	17	17	17	17	17	17	17	17	16	17	16
LOC_174	21	22	22	21	21	22	24	23	23	21	19	20	18	25	26	23	21	21	21	22
LOC_175	30	29	26	29	28	27	26	26	26	33	31	26	28	27	26	31	34	27	30	27
LOC_176	14	16	15	15	15	16	15	18	16	14	14	13	14	15	15	14	14	14	14	14
LOC_177	22	22	23	25	26	23	22	29	29	23	22	23	24	23	22	23	23	23	23	24
LOC_178	22	22	23	25	23	21	22	23	23	21	21	21	21	22	22	22	22	23	22	23
LOC_179	25	22	24	23	23	24	22	24	25	21	20	20	22	22	22	21	21	22	22	23
LOC_180	20	19	19	20	20	18	19	21	21	21	21	21	21	19	19	23	22	18	19	22
LOC_181	18	18	18	18	18	18	20	18	18	20	19	19	19	19	19	19	19	20	18	18
LOC_182	24	22	24	22	24	25	25	25	25	25	24	25	23	27	24	24	23	22	22	23
LOC_183	24	23	22	26	25	25	23	27	24	24	23	24	24	23	23	25	23	23	23	25
LOC_184	16	16	17	16	16	16	17	16	16	15	15	15	16	17	17	16	16	16	16	16
LOC_185	19	21	22	19	20	20	23	20	20	20	20	20	20	24	22	20	20	21	21	20
LOC_186	16	16	16	16	16	17	18	17	17	15	16	16	16	18	18	16	16	15	15	16
LOC_187	23	23	22	22	21	20	22	21	21	23	23	23	23	22	23	25	22	22	22	21
LOC_188	24	26	27	24	24	25	25	25	25	25	25	29	27	26	26	26	25	27	27	25
LOC_189	14	15	14	14	14	15	14	15	14	14	14	15	14	14	14	13	14	15	15	14
LOC_190	20	20	19	19	19	21	19	21	21	20	18	20	20	19	19	20	21	22	19	22
LOC_191	17	18	18	16	16	17	19	17	15	16	18	18	18	19	19	19	17	16	17	17
LOC_192	21	22	22	21	23	21	22	21	21	19	21	23	21	23	22	20	20	19	21	21
LOC_193	15	15	14	15	15	17	14	15	15	12	16	17	16	14	14	15	15	15	15	15
LOC_194	17	16	16	18	18	18	16	19	19	15	16	15	16	16	16	15	15	16	17	18
LOC_195	19	19	19	18	19	18	19	18	18	19	19	21	19	18	19	20	20	19	19	18
LOC_196	21	22	20	22	22	23	20	23	24	20	21	20	20	20	20	20	20	21	21	22
LOC_197	21	21	21	23	22	20	20	21	22	22	22	22	22	19	19	22	22	22	21	21
LOC_198	28	28	26	25	28	27	27	26	26	25	28	22	23	26	26	30	26	26	24	27
LOC_199	13	17	16	17	16	14	16	14	14	13	13	15	13	16	16	12	11	14	14	14
LOC_200	22	23	26	24	23	23	23	23	22	24	23	25	25	24	25	24	24	25	25	23
LOC_201	25	25	24	24	24	24	26	23	23	24	23	24	24	25	25	23	22	23	25	24
LOC_202	17	17	17	17	17	18	17	18	17	17	17	17	18	17	17	17	18	17	16	17
LOC_203	18	17	18	17	19	18	22	18	18	18	21	20	21	18	19	18	18	18	20	18
LOC_204	18	18	18	18	18	18	18	18	18	19	18	18	17	17	17	18	19	18	18	18
LOC_205	13	13	13	13	13	14	14	14	14	13	13	15	15	13	13	13	13	13	13	14
LOC_206	20	18	20	19	20	20	18	20	21	20	19	20	20	18	21	20	20	20	21	20
LOC_207	11	13	13	14	15	13	13	15	15	17	15	14	15	13	13	15	15	14	13	14
LOC_208	14	17	18	15	15	14	18	14	14	14	14	14	14	18	18	14	16	14	15	14
LOC_209	19	20	23	19	19	17	22	18	18	22	20	22	21	23	24	20	19	18	17	17
LOC_210	23	24	23	23	23	22	24	23	19	24	24	28	30	22	24	25	24	25	26	22
LOC_211	18	20	20	25	24	25	21	23	23	17	18	18	18	22	22	18	18	18	21	24
LOC_212	25	25	24	23	24	24	25	24	24	26	25	26	25	24	25	27	28	26	30	24
LOC_213	21	20	19	19	19	19	19	19	19	21	18	19	18	19	19	23	21	20	20	19
LOC_214	19	18	19	17	17	16	19	17	18	18	20	18	18	19	19	19	17	18	18	17
LOC_215	15	15	15	16	16	16	15	15	16	13	13	13	13	16	16	13	13	15	15	16
LOC_216	20	20	17	20	20	21	19	22	21	20	20	20	20	18	18	20	20	21	21	20
LOC_217	28	25	25	26	28	25	25	25	25	26	25	23	25	25	26	23	25	27	27	25
LOC_218	17	17	18	17	17	18	16	18	18	18	18	18	18	20	20	18	19	17	16	17
LOC_219	15	17	15	15	15	15	16	15	16	16	16	16	17	15	15	16	16	15	15	15
LOC_220	19	18	17	18	18	18	15	18	18	19	18	19	19	16	15	20	21	18	18	18
LOC_221	25	24	22	24	24	24	24	24	24	30	27	28	29	23	24	30	29	24	21	24
LOC_222	28	27	30	30	32	29	32	30	32	26	30	28	30	32	34	27	29	24	26	28
LOC_223	14	14	13	14	14	14	13	14	14	14	14	14	14	13	13	14	14	15	15	14
LOC_224	17	16	16	16	16	16	16	16	18	16	14	14	14	13	13	16	16	16	16	16
LOC_225	17	17	17	17	17	19	16	19	19	17	17	17	17	17	17	17	17	17	17	21
LOC_226	17	15	15	15	16	16	15	16	16	17	19	19	19	15	15	18	19	15	15	16
LOC_227	7	7	7	7	7	7	7	7	7	7	7	7	7	7	7	7	7	7	7	7
LOC_228	16	16	18	15	15	16	16	15	17	16	16	16	16	18	16	14	14	16	16	16
LOC_229	17	19	19	17	17	17	18	17	17	17	17	17	17	19	19	17	17	16	15	17
LOC_230	19	19	19	19	19	18	19	16	16	19	19	19	18	18	17	19	19	19	19	19
LOC_231	20	25	25	19	20	19	28	19	19	20	21	23	22	27	28	20	21	23	23	19
LOC_232	19	16	18	19	18	18	17	18	18	18	18	18	18	18	19	18	18	18	18	18
LOC_233	15	15	15	15	15	15	15	15	16	15	15	15	17	15	15	15	15	16	16	15
LOC_234	15	15	15	15	15	15	15	16	15	15	15	17	17	15	15	15	15	15	15	15
LOC_235	25	25	25	22	22	22	24	23	26	25	24	23	23	25	24	25	24	26	26	22
LOC_236	18	18	18	17	17	17	20	16	17	18	19	16	16	18	18	18	18	17	17	17
LOC_237	19	20	21	19	21	20	20	20	20	20	20	21	20	20	20	20	20	20	22	20
LOC_238	23	21	22	21	21	21	22	21	21	21	22	22	22	22	23	21	22	21	22	21
LOC_239	24	24	24	25	25	23	23	23	23	23	22	23	22	22	22	24	23	24	26	22
LOC_240	11	16	19	14	16	14	18	14	14	15	14	15	15	18	20	14	14	15	15	14
LOC_241	17	19	18	18	18	18	18	18	18	17	17	17	17	18	18	16	16	20	19	18
LOC_242	16	17	17	17	17	19	17	18	17	17	17	17	17	17	17	18	17	20	18	17
LOC_243	27	23	23	22	23	19	23	23	20	23	23	23	23	22	22	24	22	25	24	19
LOC_244	14	13	11	14	14	14	14	14	14	15	15	15	15	14	14	15	15	14	14	14
LOC_245	23	25	23	23	23	24	24	23	21	22	23	21	22	23	23	17	17	22	22	24
LOC_246	20	21	21	26	26	23	21	23	23	21	20	21	21	21	23	21	21	22	20	24
LOC_247	17	13	17	16	17	15	16	18	18	18	18	21	21	16	16	18	18	16	16	16
LOC_248	17	17	19	19	18	17	19	19	18	17	17	17	17	21	21	20	20	18	17	18
LOC_249	25	24	22	24	23	24	23	22	22	25	27	25	24	23	23	24	25	23	24	24
LOC_250	27	27	26	26	25	27	26	26	26	29	27	27	29	24	26	26	26	25	26	27
LOC_251	16	17	17	17	17	17	17	17	17	19	20	21	20	17	17	20	19	20	18	17
LOC_252	21	20	17	21	21	22	20	22	22	20	18	18	18	20	20	19	19	20	21	22
LOC_253	15	14	14	14	14	16	15	15	15	11	16	15	15	15	15	14	14	14	15	14
LOC_254	15	15	17	17	16	17	19	16	17	16	16	16	16	17	17	18	16	16	17	16
LOC_255	23	18	21	24	24	25	22	27	27	23	23	23	23	21	22	22	23	22	21	23
LOC_256	18	19	18	17	20	19	18	20	19	18	18	20	19	18	17	17	17	19	20	19
