names	Run1_C_4	Run1_C_5	Run1_C_8	Run1_C_10	Run1_C_11	Run1_C_12	Run1_C_13	root
LOC_1	19	19	19	19	19	19	19	19
LOC_2	20	20	25	24	25	20	20	20
LOC_3	7	7	7	7	7	7	7	7
LOC_4	6	6	7	7	7	7	7	7
LOC_5	7	7	7	7	7	7	7	7
LOC_6	15	15	16	16	16	16	16	16
LOC_7	13	13	13	14	14	13	13	13
LOC_8	22	23	22	20	21	21	20	22
LOC_9	15	15	15	17	15	16	15	15
LOC_10	17	17	17	18	17	17	17	17
LOC_11	22	23	22	22	22	23	25	23
LOC_12	17	17	15	15	15	15	15	17
LOC_13	17	17	14	17	17	17	17	17
LOC_14	18	18	18	18	19	18	18	18
LOC_15	27	26	25	23	23	27	30	27
LOC_16	14	14	14	14	14	14	14	14
LOC_17	15	15	15	15	15	13	15	15
LOC_18	23	24	23	22	22	24	24	23
LOC_19	22	22	22	24	23	21	21	22
LOC_20	16	16	14	15	15	15	15	15
LOC_21	13	13	13	13	13	12	12	13
LOC_22	20	20	20	19	21	20	20	21
LOC_23	16	16	16	16	16	16	16	16
LOC_24	24	24	21	22	23	23	23	23
LOC_25	23	21	22	22	22	22	20	22
LOC_26	15	15	15	15	15	15	15	15
LOC_27	17	17	17	17	17	18	16	17
LOC_28	21	21	18	20	20	21	21	21
LOC_29	25	22	25	25	24	28	28	25
LOC_30	19	19	20	19	19	19	17	19
LOC_31	25	25	26	25	27	26	27	26
LOC_32	20	20	20	20	19	20	20	20
LOC_33	14	15	15	15	15	16	16	15
LOC_34	14	14	14	14	14	14	15	14
LOC_35	20	19	19	20	19	19	19	19
LOC_36	19	19	20	19	19	20	20	20
LOC_37	20	18	21	20	18	21	20	21
LOC_38	16	16	16	16	16	16	16	16
LOC_39	18	20	20	19	22	20	20	20
LOC_40	14	14	14	14	14	14	14	14
LOC_41	22	22	19	19	19	20	18	21
LOC_42	21	21	22	21	21	21	22	21
LOC_43	18	20	18	18	18	18	18	18
LOC_44	20	17	18	17	17	18	18	18
LOC_45	21	21	18	18	18	18	18	18
LOC_46	20	20	20	20	21	18	19	20
LOC_47	15	15	16	15	15	15	15	15
LOC_48	17	17	18	17	20	17	17	17
LOC_49	15	15	15	15	15	15	15	15
LOC_50	16	16	17	14	16	16	16	16
LOC_51	20	20	20	20	20	20	20	20
LOC_52	20	19	19	19	19	19	19	19
LOC_53	22	22	26	24	24	25	28	23
LOC_54	21	20	21	20	21	19	20	20
LOC_55	20	21	17	20	20	21	20	20
LOC_56	19	20	17	17	17	15	17	19
LOC_57	23	23	23	23	23	23	24	23
LOC_58	21	21	24	24	24	24	22	21
LOC_59	9	10	9	9	9	9	9	9
LOC_60	21	20	19	21	22	20	21	20
LOC_61	25	23	21	24	26	24	25	24
LOC_62	17	17	15	15	15	19	18	18
LOC_63	17	17	17	18	18	16	17	17
LOC_64	17	17	19	19	19	17	17	17
LOC_65	17	17	14	16	14	17	17	17
LOC_66	22	22	21	21	21	21	21	21
LOC_67	22	23	23	20	20	24	24	22
LOC_68	16	16	16	16	16	17	17	16
LOC_69	21	19	18	19	19	21	21	21
LOC_70	24	24	24	24	23	21	21	23
LOC_71	16	16	14	15	15	15	15	16
LOC_72	20	20	20	21	21	20	20	20
LOC_73	19	19	21	22	23	23	21	19
LOC_74	24	24	22	21	22	21	23	22
LOC_75	24	27	22	22	19	22	22	23
LOC_76	22	23	21	21	20	22	22	21
LOC_77	14	14	14	14	17	14	14	14
LOC_78	23	23	20	21	21	23	22	22
LOC_79	15	15	15	15	15	15	15	15
LOC_80	26	23	24	23	24	25	24	24
LOC_81	17	16	16	16	15	16	15	16
LOC_82	19	20	19	19	19	20	20	20
LOC_83	17	17	17	17	17	18	20	18
LOC_84	16	18	16	16	17	16	16	16
LOC_85	21	21	20	20	20	22	21	21
LOC_86	15	15	16	17	16	13	16	16
LOC_87	22	21	23	23	22	20	20	20
LOC_88	23	20	22	22	23	21	21	22
LOC_89	25	24	29	25	29	26	25	26
LOC_90	19	21	20	20	20	20	20	20
LOC_91	17	17	18	17	17	18	18	17
LOC_92	21	19	19	19	18	19	20	19
LOC_93	12	12	12	12	12	12	13	12
LOC_94	15	15	14	13	12	15	15	15
LOC_95	13	13	13	13	13	13	14	13
LOC_96	21	21	20	20	21	21	22	20
LOC_97	18	20	19	21	18	19	19	20
LOC_98	15	15	15	17	16	16	15	15
LOC_99	15	15	15	15	15	18	16	16
LOC_100	14	13	14	14	14	14	14	14
LOC_101	21	21	22	24	21	21	22	21
LOC_102	19	17	19	21	20	19	19	19
LOC_103	15	14	14	14	14	14	14	14
LOC_104	21	21	21	24	20	21	21	21
LOC_105	16	16	16	17	16	17	16	16
LOC_106	29	29	25	26	26	27	29	28
LOC_107	15	15	15	15	16	16	16	15
LOC_108	22	22	24	24	24	23	24	23
LOC_109	12	14	14	15	15	15	14	14
LOC_110	16	16	16	16	16	16	17	16
LOC_111	17	15	15	14	15	15	15	15
LOC_112	21	21	25	21	24	21	21	21
LOC_113	14	14	14	14	14	14	13	14
LOC_114	17	17	16	17	17	17	17	17
LOC_115	14	14	14	14	14	14	14	14
LOC_116	14	15	14	14	14	14	14	14
LOC_117	20	19	20	20	20	20	20	19
LOC_118	16	16	16	15	18	16	17	16
LOC_119	24	26	23	23	21	24	24	23
LOC_120	18	18	19	18	18	18	18	18
LOC_121	16	18	18	18	18	18	18	18
LOC_122	19	19	19	18	18	19	19	19
LOC_123	23	24	23	21	23	24	24	24
LOC_124	23	22	19	18	18	20	20	22
LOC_125	26	25	24	24	23	23	25	27
LOC_126	14	14	13	14	14	14	14	14
LOC_127	22	22	20	18	18	21	22	22
LOC_128	21	20	19	18	18	19	19	20
LOC_129	19	19	19	19	19	19	18	19
LOC_130	23	24	23	20	22	25	26	24
LOC_131	15	15	15	15	15	15	15	15
LOC_132	22	21	21	21	22	20	22	21
LOC_133	23	25	23	24	24	23	23	22
LOC_134	23	23	22	22	22	22	22	23
LOC_135	14	15	14	14	14	15	15	14
LOC_136	15	15	16	16	16	15	15	15
LOC_137	24	25	25	24	24	23	24	24
LOC_138	21	21	21	19	19	23	22	21
LOC_139	17	17	18	18	18	17	17	17
LOC_140	17	19	17	17	18	17	17	17
LOC_141	13	13	16	18	18	15	15	15
LOC_142	26	28	27	27	27	26	26	27
LOC_143	21	19	21	21	20	21	21	21
LOC_144	16	16	16	16	16	16	17	16
LOC_145	20	20	20	20	20	21	20	20
LOC_146	19	19	20	20	20	20	20	20
LOC_147	19	18	21	21	21	20	21	21
LOC_148	16	16	14	12	14	14	14	14
LOC_149	18	18	19	19	19	18	18	18
LOC_150	15	15	16	16	14	15	15	15
LOC_151	16	16	16	16	14	17	17	16
LOC_152	21	21	19	19	19	20	19	20
LOC_153	20	20	20	20	20	20	18	20
LOC_154	18	18	18	18	18	16	20	18
LOC_155	21	21	20	20	20	21	19	21
LOC_156	17	17	18	18	18	17	17	17
LOC_157	17	17	16	16	16	16	16	17
LOC_158	22	22	22	22	21	22	22	22
LOC_159	15	15	15	15	15	15	15	15
LOC_160	19	21	19	19	20	19	19	19
LOC_161	20	20	20	21	20	21	21	21
LOC_162	20	20	20	21	20	21	20	20
LOC_163	18	18	18	18	18	18	18	18
LOC_164	19	19	21	21	21	20	20	20
LOC_165	15	16	15	14	15	15	15	15
LOC_166	17	17	16	16	14	15	15	17
LOC_167	17	17	16	16	16	19	17	16
LOC_168	28	28	31	28	27	27	29	28
LOC_169	23	23	23	23	23	23	23	23
LOC_170	19	20	18	18	18	19	19	19
LOC_171	23	23	23	24	24	25	24	23
LOC_172	26	26	21	22	21	22	22	22
LOC_173	16	16	16	16	16	20	19	16
LOC_174	22	24	21	18	18	23	22	22
LOC_175	28	29	26	29	27	26	26	27
LOC_176	15	15	15	16	16	14	14	14
LOC_177	23	24	23	23	23	22	22	24
LOC_178	23	23	24	26	27	23	23	23
LOC_179	23	23	25	24	23	20	24	23
LOC_180	23	22	23	22	23	19	19	22
LOC_181	18	18	15	15	15	20	20	18
LOC_182	23	23	23	23	23	24	23	23
LOC_183	25	24	25	25	25	27	28	25
LOC_184	17	16	15	16	15	16	16	16
LOC_185	20	20	20	20	20	20	20	20
LOC_186	16	16	16	17	17	16	16	16
LOC_187	24	22	21	21	22	23	21	21
LOC_188	26	27	24	24	26	25	26	25
LOC_189	16	16	14	14	14	17	16	14
LOC_190	23	23	21	21	20	20	21	22
LOC_191	17	17	17	17	17	18	18	17
LOC_192	21	21	25	23	25	23	20	21
LOC_193	14	15	15	15	15	16	16	15
LOC_194	19	19	18	18	18	18	18	18
LOC_195	18	18	21	21	21	19	19	18
LOC_196	23	20	23	21	22	20	21	22
LOC_197	21	21	26	23	24	23	24	21
LOC_198	28	27	23	28	27	30	29	27
LOC_199	15	14	16	15	15	14	14	14
LOC_200	23	24	23	24	25	25	24	23
LOC_201	24	24	24	23	25	26	26	24
LOC_202	17	17	17	17	17	15	15	17
LOC_203	18	19	17	18	18	18	18	18
LOC_204	18	18	18	18	18	19	18	18
LOC_205	17	19	14	14	14	14	15	14
LOC_206	17	18	19	20	19	19	19	20
LOC_207	16	17	14	13	13	14	14	14
LOC_208	14	14	14	15	15	14	14	14
LOC_209	16	17	17	17	19	17	17	17
LOC_210	22	20	21	22	20	22	22	22
LOC_211	24	23	24	23	23	23	21	24
LOC_212	21	23	25	25	26	23	23	24
LOC_213	19	19	20	20	21	19	19	19
LOC_214	18	18	14	14	14	18	17	17
LOC_215	16	16	16	17	17	16	15	16
LOC_216	19	19	20	20	20	21	21	20
LOC_217	23	24	25	26	25	26	24	25
LOC_218	17	16	17	17	16	18	18	17
LOC_219	15	15	17	15	15	18	20	15
LOC_220	17	18	18	19	17	19	20	18
LOC_221	24	24	24	25	24	23	23	24
LOC_222	27	25	23	24	24	26	29	28
LOC_223	14	14	14	14	15	14	14	14
LOC_224	16	16	14	15	15	16	16	16
LOC_225	21	24	22	24	24	21	21	21
LOC_226	16	16	16	16	16	16	17	16
LOC_227	7	6	7	7	7	7	7	7
LOC_228	16	16	16	16	16	16	16	16
LOC_229	17	17	17	17	19	17	17	17
LOC_230	19	19	19	19	19	18	19	19
LOC_231	19	19	19	20	20	20	20	19
LOC_232	18	18	18	18	17	17	17	18
LOC_233	17	15	15	17	16	12	12	15
LOC_234	15	15	15	15	16	15	15	15
LOC_235	22	22	22	22	22	23	22	22
LOC_236	17	17	17	18	18	17	17	17
LOC_237	18	18	18	21	19	18	18	20
LOC_238	21	21	23	24	24	21	22	21
LOC_239	24	22	22	23	22	21	22	22
LOC_240	14	16	14	12	14	14	14	14
LOC_241	18	18	18	18	17	18	18	18
LOC_242	18	17	18	18	18	18	15	17
LOC_243	20	20	19	21	21	20	20	19
LOC_244	14	14	16	16	16	16	16	14
LOC_245	24	27	25	26	26	21	21	24
LOC_246	22	22	25	22	25	24	23	24
LOC_247	18	14	16	16	18	16	18	16
LOC_248	19	17	18	18	18	18	18	18
LOC_249	23	24	24	24	24	25	24	24
LOC_250	23	23	28	27	28	29	25	27
LOC_251	17	17	17	17	17	17	16	17
LOC_252	23	23	23	21	23	23	23	22
LOC_253	14	14	14	15	14	15	15	14
LOC_254	21	19	16	17	17	18	16	16
LOC_255	23	23	23	24	22	24	23	23
LOC_256	18	20	20	20	20	20	21	19
LOC_257	20	20	18	21	19	20	20	20
LOC_258	13	13	12	12	12	12	13	13
LOC_259	19	20	20	18	18	20	19	20
LOC_260	24	23	22	22	22	22	22	22
LOC_261	15	15	15	15	15	15	15	15
LOC_262	13	13	13	13	13	13	13	13
LOC_263	16	17	16	17	16	16	16	16
LOC_264	23	22	20	21	21	21	21	22
LOC_265	20	19	23	23	23	23	25	24
LOC_266	19	19	18	17	18	18	18	19
LOC_267	17	17	18	18	18	18	18	18
LOC_268	17	17	17	17	17	17	17	17
LOC_269	16	17	15	16	15	17	16	16
LOC_270	19	19	19	18	19	18	16	19
LOC_271	25	23	24	23	24	21	23	24
LOC_272	23	23	21	23	23	24	25	23
LOC_273	24	24	24	23	23	23	24	24
LOC_274	21	22	23	21	21	22	22	22
LOC_275	15	15	12	12	12	15	15	15
LOC_276	21	20	20	20	18	21	21	20
LOC_277	14	14	14	14	14	14	14	14
LOC_278	14	14	14	14	14	14	14	14
LOC_279	15	15	16	16	17	15	15	15
LOC_280	20	20	21	20	20	21	21	20
LOC_281	18	20	20	19	19	20	20	20
LOC_282	15	16	16	15	15	15	15	15
LOC_283	14	14	14	14	14	15	15	14
LOC_284	14	14	14	14	14	14	14	14
LOC_285	28	28	29	28	30	26	26	29
LOC_286	17	17	18	18	18	18	18	18
LOC_287	28	28	31	31	29	29	28	28
LOC_288	14	14	17	18	19	17	17	17
LOC_289	15	14	15	15	15	15	14	15
LOC_290	18	18	18	18	18	18	18	19
LOC_291	18	18	20	18	18	18	18	18
LOC_292	17	19	18	19	19	20	20	19
LOC_293	15	15	15	17	16	15	15	15
LOC_294	26	24	23	22	21	23	24	25
LOC_295	17	18	19	19	18	19	19	18
LOC_296	14	14	14	14	14	14	14	14
LOC_297	16	16	15	15	15	15	15	15
LOC_298	17	17	17	18	18	17	17	17
LOC_299	16	16	16	17	16	17	16	16
LOC_300	17	17	17	17	17	17	17	17
LOC_301	17	20	20	20	20	21	20	20
LOC_302	24	28	22	22	21	23	22	24
LOC_303	17	17	19	18	18	18	18	18
LOC_304	14	14	14	14	14	13	13	14
LOC_305	18	17	18	17	17	18	17	17
LOC_306	26	28	29	31	33	27	26	26
LOC_307	24	25	22	23	24	23	23	22
LOC_308	23	21	22	23	22	21	22	22
LOC_309	21	22	24	22	22	25	22	22
LOC_310	10	10	16	19	16	15	15	15
LOC_311	18	18	17	18	17	18	18	18
LOC_312	16	16	19	18	18	18	18	18
LOC_313	15	16	16	16	16	16	16	16
LOC_314	15	15	15	15	17	15	15	15
LOC_315	17	17	16	15	16	15	18	15
LOC_316	27	28	22	24	24	27	24	26
LOC_317	21	22	21	24	22	21	21	21
LOC_318	21	22	21	21	21	21	21	22
LOC_319	25	25	22	19	22	21	22	22
LOC_320	21	21	20	22	25	20	20	21
LOC_321	16	16	16	17	17	15	15	16
LOC_322	12	12	13	12	12	12	12	12
LOC_323	14	14	11	14	15	13	13	14
LOC_324	19	20	20	22	22	21	21	21
LOC_325	17	16	15	15	15	17	16	16
LOC_326	19	17	16	16	16	16	16	16
LOC_327	15	15	15	14	14	14	14	15
LOC_328	20	20	19	19	21	20	20	20
LOC_329	23	23	20	21	21	22	22	23
LOC_330	22	22	22	23	23	23	23	22
LOC_331	23	23	26	28	26	25	25	23
LOC_332	15	15	15	15	15	15	15	15
LOC_333	16	16	13	14	14	14	14	14
LOC_334	19	19	19	20	20	18	18	19
LOC_335	23	22	24	23	24	23	24	23
LOC_336	24	24	24	24	24	22	24	24
LOC_337	21	22	21	22	20	21	21	20
LOC_338	19	19	19	19	20	24	21	19
LOC_339	18	18	17	17	17	16	16	17
LOC_340	12	12	13	13	14	13	13	13
LOC_341	19	19	20	20	20	21	20	20
LOC_342	15	16	15	15	15	14	14	14
LOC_343	20	20	21	22	22	18	21	20
LOC_344	17	17	21	18	17	16	14	17
LOC_345	15	15	15	15	15	15	15	15
LOC_346	23	25	23	25	23	23	23	23
LOC_347	20	20	20	20	20	20	20	20
LOC_348	20	20	18	20	20	22	20	20
LOC_349	15	15	15	15	15	15	15	15
LOC_350	20	17	17	17	17	17	17	17
LOC_351	28	26	26	27	27	26	26	26
LOC_352	23	20	20	21	24	19	19	20
LOC_353	18	19	19	18	17	18	17	18
LOC_354	15	15	15	15	15	15	15	15
LOC_355	14	14	13	13	13	13	13	14
LOC_356	18	18	18	19	18	18	18	17
LOC_357	16	16	16	15	15	16	16	16
LOC_358	7	7	7	7	7	8	7	7
LOC_359	23	20	20	20	20	19	18	19
LOC_360	22	24	24	24	25	25	24	24
LOC_361	21	22	21	20	20	22	21	21
LOC_362	21	22	23	23	23	21	21	22
LOC_363	8	8	8	8	8	8	11	8
LOC_364	14	13	14	14	14	14	14	14
LOC_365	24	25	25	27	26	26	26	25
LOC_366	18	17	17	18	17	17	17	17
LOC_367	16	16	16	16	17	17	16	16
LOC_368	24	25	24	23	23	26	27	24
LOC_369	27	27	26	26	26	26	25	28
LOC_370	18	18	18	19	20	20	20	18
LOC_371	24	22	23	25	23	23	23	23
LOC_372	19	21	21	21	21	21	21	21
LOC_373	14	14	14	15	14	14	12	14
LOC_374	15	15	15	16	16	15	15	15
LOC_375	18	18	16	15	17	18	18	18
LOC_376	19	21	19	22	20	19	19	20
LOC_377	25	23	23	25	24	24	23	23
LOC_378	23	23	24	26	24	24	24	23
LOC_379	18	18	18	19	19	18	18	18
LOC_380	18	18	18	18	18	18	18	18
LOC_381	14	14	14	14	13	14	14	14
LOC_382	18	18	19	21	20	19	19	18
LOC_383	19	18	17	16	17	17	17	17
LOC_384	14	14	14	15	16	14	14	14
LOC_385	18	18	18	17	17	18	18	18
LOC_386	19	18	19	19	20	18	19	19
LOC_387	17	17	17	17	17	17	17	17
LOC_388	28	30	30	34	34	33	29	28
LOC_389	18	19	19	19	20	18	18	18
LOC_390	7	7	7	7	7	7	7	7
LOC_391	23	22	22	21	22	22	22	22
LOC_392	23	24	22	22	22	22	23	22
LOC_393	15	15	15	15	15	15	15	15
LOC_394	15	16	16	14	16	15	16	16
LOC_395	20	19	20	20	21	22	20	20
LOC_396	17	17	17	17	17	17	17	17
LOC_397	19	19	19	19	19	19	19	19
LOC_398	18	18	17	17	17	17	17	17
LOC_399	27	27	27	26	26	25	27	29
LOC_400	15	15	15	16	15	15	15	15
LOC_401	13	13	13	13	13	13	12	13
LOC_402	15	14	14	14	14	14	14	14
LOC_403	14	15	14	14	14	14	14	14
LOC_404	14	13	10	10	10	10	12	10
LOC_405	16	16	16	16	15	16	16	16
LOC_406	19	19	19	19	21	18	21	19
LOC_407	18	18	16	16	16	16	16	17
LOC_408	14	12	14	14	14	14	14	14
LOC_409	15	15	15	15	15	15	15	15
LOC_410	16	16	16	17	17	16	16	16
LOC_411	14	14	15	15	15	14	14	14
LOC_412	19	20	19	19	19	19	19	19
LOC_413	20	20	20	21	20	21	21	20
LOC_414	15	15	15	18	15	15	15	15
LOC_415	14	14	14	13	13	14	14	14
LOC_416	17	17	20	20	20	19	19	17
LOC_417	14	14	15	14	14	14	14	14
LOC_418	14	14	17	15	15	14	14	14
LOC_419	15	15	15	15	15	15	14	15
LOC_420	13	13	13	13	13	14	14	13
LOC_421	18	17	16	18	18	17	17	17
LOC_422	22	23	22	21	22	22	20	23
LOC_423	9	9	9	9	9	9	9	9
LOC_424	20	20	20	20	21	21	22	20
LOC_425	17	16	16	16	16	16	16	16
LOC_426	17	17	17	17	17	17	19	17
LOC_427	21	20	20	18	24	18	20	20
LOC_428	16	16	19	19	19	16	16	16
LOC_429	19	19	19	19	19	20	18	19
LOC_430	20	19	19	18	18	21	20	19
LOC_431	18	17	19	19	18	18	18	19
LOC_432	13	13	14	14	14	14	14	14
LOC_433	24	27	24	26	25	24	23	23
LOC_434	19	19	19	19	19	19	19	19
LOC_435	26	26	27	25	25	24	24	25
LOC_436	23	24	28	29	28	28	25	24
LOC_437	22	21	22	21	22	21	22	22
LOC_438	22	22	22	23	23	23	23	23
LOC_439	17	16	19	20	18	17	20	16
LOC_440	20	20	20	21	23	20	20	20
LOC_441	16	16	16	17	16	15	15	16
LOC_442	23	23	22	22	22	22	24	22
LOC_443	18	18	17	17	19	17	17	18
LOC_444	22	22	20	20	20	20	20	20
LOC_445	22	22	22	20	14	23	22	22
LOC_446	20	18	18	19	18	17	17	18
LOC_447	18	18	17	17	17	18	18	18
LOC_448	27	28	28	27	27	25	25	28
LOC_449	17	17	17	16	15	17	19	17
LOC_450	21	20	21	22	21	20	18	20
LOC_451	15	15	14	14	15	14	16	14
LOC_452	19	19	20	20	20	21	20	19
LOC_453	18	18	18	19	18	17	17	18
LOC_454	22	21	21	21	21	21	21	21
LOC_455	16	16	14	18	17	17	17	16
LOC_456	15	15	16	15	15	16	16	15
LOC_457	22	22	23	21	23	24	23	22
LOC_458	16	16	16	16	15	16	16	16
LOC_459	7	7	8	8	8	7	7	7
LOC_460	19	18	19	19	19	18	18	18
LOC_461	14	14	14	14	14	14	14	14
LOC_462	21	21	21	21	22	21	21	21
LOC_463	27	26	26	27	27	25	24	25
LOC_464	18	20	19	20	20	17	17	18
LOC_465	26	25	23	24	28	25	24	25
LOC_466	24	24	23	20	22	23	22	24
LOC_467	19	20	19	19	19	19	20	19
LOC_468	15	15	14	14	14	15	15	14
LOC_469	21	22	22	21	21	21	24	23
LOC_470	23	23	23	23	23	24	23	23
LOC_471	19	19	20	20	20	20	19	19
LOC_472	16	16	17	16	15	16	16	16
LOC_473	20	21	22	21	22	22	23	21
LOC_474	15	15	15	15	15	15	15	15
LOC_475	16	16	16	16	15	16	16	16
LOC_476	16	16	16	20	16	16	16	16
LOC_477	19	19	21	20	20	19	18	19
LOC_478	17	17	16	16	10	16	18	16
LOC_479	17	15	19	19	18	18	18	17
LOC_480	17	17	17	18	18	13	18	17
LOC_481	16	16	16	16	16	17	16	16
LOC_482	17	17	18	17	17	18	18	17
LOC_483	24	24	24	24	25	27	24	24
LOC_484	27	25	26	24	24	25	24	25
LOC_485	17	17	17	17	17	17	16	17
LOC_486	22	23	23	25	26	23	23	23
LOC_487	18	17	19	18	17	17	17	17
LOC_488	24	23	22	23	21	24	23	23
LOC_489	18	18	17	19	18	18	18	18
LOC_490	14	15	14	14	14	14	14	14
LOC_491	21	21	21	22	22	21	20	21
LOC_492	20	20	21	22	24	19	20	20
LOC_493	29	29	26	26	26	27	27	27
LOC_494	17	17	18	17	17	17	18	17
LOC_495	22	22	24	26	25	25	25	23
LOC_496	22	22	22	24	24	24	25	22
LOC_497	18	19	20	19	19	19	20	20
LOC_498	8	8	8	8	8	8	8	8
LOC_499	22	22	20	20	19	22	21	21
LOC_500	20	19	20	20	19	18	18	19
LOC_501	17	17	17	17	17	17	17	17
LOC_502	28	27	26	28	27	28	29	27
LOC_503	8	7	7	7	7	7	7	7
LOC_504	15	15	15	15	15	15	15	15
LOC_505	21	21	21	21	21	20	18	21
LOC_506	14	14	14	14	14	14	14	14
LOC_507	14	11	14	14	14	14	14	14
LOC_508	18	19	17	18	18	18	18	18
LOC_509	19	19	19	18	19	19	19	19
LOC_510	21	20	20	20	20	20	20	20
LOC_511	22	20	20	21	22	20	20	20
LOC_512	24	25	24	24	23	23	23	23
LOC_513	16	16	18	17	17	17	17	16
LOC_514	14	14	13	14	14	14	14	14
LOC_515	18	19	17	17	17	18	17	18
LOC_516	20	18	19	16	18	20	18	18
LOC_517	18	18	19	20	18	19	19	19
LOC_518	24	20	21	22	21	19	19	21
LOC_519	17	17	20	17	17	17	17	17
LOC_520	20	21	20	21	20	21	21	20
LOC_521	16	16	16	16	16	16	16	16
LOC_522	20	19	19	19	19	19	18	19
LOC_523	17	16	18	17	17	18	18	18
LOC_524	22	21	22	22	21	22	23	22
LOC_525	18	19	19	19	20	20	19	18
LOC_526	14	14	14	14	14	14	14	14
LOC_527	18	20	19	17	17	17	17	18
LOC_528	18	18	18	18	18	16	18	18
LOC_529	16	16	16	16	16	17	17	16
LOC_530	14	14	14	14	14	14	14	14
LOC_531	25	25	22	19	21	23	22	22
LOC_532	16	16	16	14	14	16	16	16
LOC_533	19	19	19	20	19	19	19	19
LOC_534	18	19	18	18	18	18	18	18
LOC_535	19	19	20	20	20	20	19	20
LOC_536	16	16	15	15	15	16	16	16
LOC_537	21	21	19	20	19	21	21	21
LOC_538	22	22	21	21	21	22	21	21
LOC_539	28	32	28	29	28	28	26	30
LOC_540	26	26	27	28	29	25	24	27
LOC_541	14	14	16	16	16	16	16	14
LOC_542	17	19	17	17	17	18	18	17
LOC_543	20	20	20	20	20	18	20	20
LOC_544	12	12	12	13	13	11	13	12
LOC_545	17	17	17	17	17	17	17	17
LOC_546	18	18	18	18	18	18	18	18
LOC_547	23	28	23	22	22	22	22	22
LOC_548	29	28	28	27	27	27	27	28
LOC_549	16	16	16	18	16	16	16	16
LOC_550	24	24	24	24	27	24	25	24
LOC_551	16	17	15	16	16	12	14	15
LOC_552	16	16	16	16	16	16	16	16
LOC_553	21	22	18	19	19	18	18	18
LOC_554	14	14	14	15	15	17	17	14
LOC_555	20	22	22	21	23	21	22	22
LOC_556	15	17	17	17	17	18	18	17
LOC_557	21	21	24	22	22	22	22	21
LOC_558	18	18	15	19	18	19	17	18
LOC_559	16	16	16	16	16	16	16	16
LOC_560	21	18	21	21	21	20	20	21
LOC_561	23	23	29	30	31	28	30	24
LOC_562	21	22	22	19	21	22	23	22
LOC_563	28	26	26	25	24	26	23	27
LOC_564	18	19	18	18	18	18	19	18
LOC_565	19	19	17	18	18	17	17	19
LOC_566	15	15	14	15	15	15	13	15
LOC_567	23	25	23	23	23	23	22	23
LOC_568	17	17	17	18	18	19	19	18
LOC_569	17	17	19	18	15	17	17	17
LOC_570	19	19	19	19	19	18	18	19
LOC_571	17	17	18	18	19	17	16	17
LOC_572	17	17	17	16	16	17	17	17
LOC_573	18	18	19	18	18	19	19	19
LOC_574	19	19	21	21	21	24	23	21
LOC_575	15	17	16	17	17	17	16	17
LOC_576	17	17	21	18	18	16	18	18
LOC_577	12	12	12	12	12	12	12	12
LOC_578	14	14	15	15	15	14	14	14
LOC_579	20	21	22	21	22	20	20	20
LOC_580	14	14	14	14	14	14	13	14
LOC_581	17	17	23	24	23	19	19	18
LOC_582	18	18	18	18	18	19	18	18
LOC_583	14	14	14	14	14	14	14	14
LOC_584	20	19	18	18	16	18	18	20
LOC_585	14	14	14	14	14	12	12	14
LOC_586	22	20	20	22	24	19	21	20
LOC_587	12	12	13	13	13	13	13	12
LOC_588	29	31	31	26	30	29	29	28
LOC_589	8	8	8	8	8	8	8	8
LOC_590	14	14	14	14	14	16	15	14
LOC_591	18	17	19	20	20	17	17	17
LOC_592	11	11	11	11	11	11	11	11
LOC_593	14	14	15	15	15	15	15	14
LOC_594	27	28	27	24	28	28	26	26
LOC_595	18	18	18	18	18	18	18	18
LOC_596	26	26	26	25	25	25	26	26
LOC_597	19	18	19	20	20	20	20	20
LOC_598	20	21	21	26	21	21	21	21
LOC_599	30	29	26	28	26	28	28	29
LOC_600	25	25	24	22	22	24	24	26
LOC_601	14	14	13	14	14	14	14	14
LOC_602	14	14	14	14	14	12	12	14
LOC_603	15	16	17	17	18	17	17	17
LOC_604	27	26	25	24	24	26	25	26
LOC_605	23	26	22	23	23	23	24	23
LOC_606	14	15	14	14	15	18	18	14
LOC_607	19	19	22	22	22	23	23	19
LOC_608	25	26	23	23	23	23	20	24
LOC_609	30	31	31	34	32	34	30	30
LOC_610	15	15	17	16	16	17	18	16
LOC_611	22	22	21	22	22	22	23	22
LOC_612	15	15	15	15	15	15	15	15
LOC_613	27	27	25	24	25	23	27	27
LOC_614	27	30	30	29	30	29	28	29
LOC_615	16	18	18	19	18	18	18	18
LOC_616	20	21	23	23	21	22	22	22
LOC_617	27	30	29	27	28	24	24	29
LOC_618	20	20	20	20	19	19	19	19
LOC_619	22	21	21	19	19	21	20	21
LOC_620	24	24	23	21	24	24	24	24
LOC_621	24	25	25	24	24	24	21	25
LOC_622	22	21	23	22	23	24	24	23
LOC_623	22	22	23	25	25	25	24	23
LOC_624	18	20	21	22	21	21	19	20
LOC_625	14	14	11	11	11	12	12	14
LOC_626	16	16	18	18	18	18	19	16
LOC_627	14	14	15	15	14	14	14	14
LOC_628	17	17	16	16	16	15	15	17
LOC_629	21	19	21	22	22	21	23	20
LOC_630	15	15	16	18	17	16	16	16
LOC_631	20	20	19	19	19	19	19	19
LOC_632	16	16	16	16	16	16	16	16
LOC_633	20	20	22	20	20	23	20	20
LOC_634	22	22	22	24	22	23	21	22
LOC_635	17	16	18	18	17	18	18	18
LOC_636	18	17	17	17	17	16	16	17
LOC_637	16	15	17	14	14	14	13	15
LOC_638	18	17	18	16	17	18	18	18
LOC_639	25	23	24	24	24	22	22	24
LOC_640	20	20	20	20	20	21	22	20
LOC_641	19	20	20	20	20	21	22	20
LOC_642	28	27	30	30	30	24	26	28
LOC_643	23	23	23	22	22	22	22	22
LOC_644	21	20	22	21	22	23	23	22
LOC_645	20	18	17	17	17	18	18	18
LOC_646	16	16	15	15	15	15	15	16
LOC_647	15	16	15	14	15	14	14	14
LOC_648	15	15	16	19	17	16	16	15
LOC_649	17	17	19	20	20	18	19	17
LOC_650	23	23	26	26	27	24	24	24
LOC_651	17	17	17	18	18	16	16	15
LOC_652	16	16	17	15	15	16	15	16
LOC_653	24	22	23	25	25	24	25	24
LOC_654	21	21	22	22	22	22	23	21
LOC_655	27	26	24	24	25	24	24	24
LOC_656	16	16	16	15	15	16	16	15
LOC_657	15	15	16	15	16	18	18	16
LOC_658	27	24	24	25	24	25	25	25
LOC_659	18	18	17	18	18	16	18	18
LOC_660	16	16	16	16	16	16	16	16
LOC_661	9	9	9	9	9	9	9	9
LOC_662	16	16	16	16	17	15	16	16
LOC_663	16	18	18	19	18	18	18	18
LOC_664	29	26	28	26	27	27	24	26
LOC_665	12	12	12	12	12	12	12	12
LOC_666	25	24	22	22	22	21	21	23
LOC_667	17	17	19	18	18	16	16	17
LOC_668	20	19	20	20	20	20	18	20
LOC_669	23	23	23	22	21	25	26	23
LOC_670	14	13	15	15	15	15	16	14
LOC_671	17	16	16	16	16	16	16	16
LOC_672	21	21	21	21	21	23	23	21
LOC_673	20	22	21	20	19	21	19	21
LOC_674	22	22	21	22	23	22	22	21
LOC_675	18	18	18	20	19	19	18	18
LOC_676	21	20	17	17	18	17	17	20
LOC_677	18	18	16	16	17	16	16	16
LOC_678	19	20	20	20	20	20	20	20
LOC_679	15	15	15	15	15	15	15	15
LOC_680	17	18	15	16	16	16	16	18
LOC_681	16	16	16	16	16	16	16	16
LOC_682	14	14	14	13	14	14	14	14
LOC_683	22	18	21	23	23	22	23	22
LOC_684	27	27	26	25	29	27	28	28
LOC_685	25	23	22	23	23	23	23	23
LOC_686	19	19	20	19	20	17	17	17
LOC_687	22	22	22	21	21	21	21	21
LOC_688	21	21	25	23	23	24	24	24
LOC_689	24	22	24	25	25	23	22	23
LOC_690	21	22	21	21	22	21	21	21
LOC_691	21	20	20	20	20	20	21	20
LOC_692	18	20	25	25	25	24	24	19
LOC_693	19	19	18	17	17	19	19	19
LOC_694	16	16	17	17	17	16	16	16
LOC_695	17	17	16	16	16	16	16	17
LOC_696	21	22	23	23	23	29	25	23
LOC_697	23	24	20	20	19	21	21	22
LOC_698	28	28	29	27	27	26	26	28
LOC_699	15	15	15	15	15	15	15	15
LOC_700	17	17	19	18	18	20	20	17
LOC_701	16	16	16	16	16	17	18	16
LOC_702	21	21	21	22	23	21	21	21
LOC_703	27	28	29	29	29	27	29	29
LOC_704	29	29	26	28	26	33	33	28
LOC_705	19	20	19	20	19	20	18	19
LOC_706	22	23	21	23	21	19	19	21
LOC_707	19	18	17	18	19	19	18	18
LOC_708	29	31	28	34	33	31	31	30
LOC_709	27	26	28	27	27	29	28	29
LOC_710	21	21	18	18	18	21	21	20
LOC_711	12	12	12	12	12	13	12	12
LOC_712	23	23	22	20	20	22	23	23
LOC_713	23	23	24	23	22	23	23	23
LOC_714	15	15	15	15	15	15	15	15
LOC_715	16	16	16	18	18	15	16	16
LOC_716	28	30	31	29	31	28	30	28
LOC_717	30	32	30	27	28	30	30	30
LOC_718	17	17	19	19	19	17	17	17
LOC_719	29	30	30	32	32	32	30	29
LOC_720	26	27	32	33	33	31	29	30
LOC_721	30	28	26	28	27	29	27	28
LOC_722	18	20	17	17	17	17	18	16
LOC_723	21	23	19	20	20	19	21	21
LOC_724	28	28	28	30	28	28	28	28
LOC_725	21	21	21	21	21	19	19	19
LOC_726	23	24	23	27	25	25	22	23
LOC_727	18	20	22	21	21	21	21	21
LOC_728	18	19	18	18	18	18	18	18
LOC_729	26	25	25	24	24	25	25	27
LOC_730	30	30	30	30	28	28	28	30
LOC_731	26	25	25	25	23	27	27	27
LOC_732	17	20	16	16	16	16	17	17
LOC_733	22	22	21	22	22	23	22	22
LOC_734	27	27	28	27	30	29	29	27
LOC_735	27	27	28	27	28	25	24	28
LOC_736	20	20	20	20	22	19	19	20
LOC_737	15	15	16	16	16	17	17	17
LOC_738	27	27	26	27	27	27	28	27
LOC_739	16	16	16	16	16	17	16	16
LOC_740	21	22	21	21	21	21	21	21
LOC_741	26	25	23	25	25	26	24	25
LOC_742	25	22	22	25	22	22	22	22
LOC_743	20	18	20	22	18	23	20	20
LOC_744	14	14	13	14	14	14	14	14
LOC_745	16	16	17	16	17	17	17	16
LOC_746	28	30	27	28	26	29	29	28
LOC_747	16	14	17	16	16	16	16	16
LOC_748	15	15	15	15	15	15	15	15
LOC_749	20	19	21	21	21	20	21	21
LOC_750	24	20	22	20	21	22	22	22
LOC_751	17	17	17	17	17	17	17	18
LOC_752	25	25	23	22	22	23	22	23
LOC_753	21	22	26	24	25	24	22	22
LOC_754	23	22	28	25	25	27	26	27
LOC_755	17	16	17	17	17	15	15	16
LOC_756	16	16	15	15	15	15	15	16
LOC_757	16	16	16	18	19	16	16	16
LOC_758	13	13	13	13	15	13	13	13
LOC_759	19	19	18	17	17	18	18	19
LOC_760	15	16	18	15	15	16	17	16
LOC_761	19	19	19	19	19	18	18	20
LOC_762	15	16	16	16	16	16	16	16
LOC_763	25	25	29	27	29	23	24	26
LOC_764	21	21	23	23	24	21	22	22
LOC_765	26	26	27	31	31	27	26	27
LOC_766	15	15	15	16	17	15	15	15
LOC_767	21	19	18	18	18	15	15	18
LOC_768	23	23	24	25	24	25	25	26
LOC_769	26	26	25	26	26	25	26	25
LOC_770	26	27	28	32	31	29	28	26
LOC_771	22	23	24	24	24	22	21	23
LOC_772	20	20	20	17	22	20	20	21
LOC_773	16	16	16	17	17	16	16	16
LOC_774	25	26	25	25	25	25	25	25
LOC_775	20	20	20	19	19	18	21	20
LOC_776	23	23	20	21	21	21	21	21
LOC_777	26	26	27	26	26	26	24	26
LOC_778	16	16	16	16	16	15	16	16
LOC_779	20	20	20	20	20	20	22	20
LOC_780	27	27	27	26	25	26	26	26
LOC_781	26	25	27	26	23	23	24	26
LOC_782	14	14	14	14	14	14	14	14
LOC_783	24	25	28	28	26	29	22	26
LOC_784	25	27	25	24	24	26	26	26
LOC_785	22	24	21	22	22	24	24	24
LOC_786	26	26	28	26	23	24	24	26
LOC_787	21	20	20	20	21	20	21	21
LOC_788	25	28	25	25	24	27	27	26
LOC_789	21	19	18	18	17	18	18	18
LOC_790	26	26	25	25	26	26	26	26
LOC_791	27	29	25	25	25	24	24	26
LOC_792	16	16	17	17	17	17	18	16
LOC_793	19	19	19	19	19	20	19	19
LOC_794	22	22	21	21	20	21	22	20
LOC_795	22	22	20	19	19	21	21	21
LOC_796	18	18	18	18	18	18	21	18
LOC_797	26	27	27	26	25	28	28	27
LOC_798	26	26	27	27	27	28	29	26
LOC_799	26	24	26	26	27	26	26	26
LOC_800	9	9	9	9	9	10	10	9
LOC_801	27	29	24	24	24	26	24	26
LOC_802	27	25	26	25	25	26	27	26
LOC_803	16	20	20	21	19	21	20	20
LOC_804	15	16	16	16	16	16	16	16
LOC_805	15	17	16	16	16	16	16	16
LOC_806	16	17	17	17	17	17	17	17
LOC_807	16	16	16	17	15	16	16	16
LOC_808	20	20	20	20	20	23	22	20
LOC_809	30	31	22	20	21	25	24	26
LOC_810	18	15	19	17	17	17	17	17
LOC_811	20	20	19	19	19	19	23	19
LOC_812	19	20	19	19	20	19	19	19
LOC_813	27	26	23	23	22	26	26	26
LOC_814	26	26	25	24	23	24	26	26
LOC_815	24	26	26	25	27	26	27	26
LOC_816	16	17	16	16	15	17	16	16
LOC_817	21	22	23	21	23	21	21	22
LOC_818	25	25	25	25	26	25	25	25
LOC_819	9	9	7	7	7	7	7	7
LOC_820	16	16	16	16	15	16	16	16
LOC_821	27	28	29	28	30	24	25	28
LOC_822	24	26	24	23	25	25	23	25
LOC_823	15	15	15	16	16	14	15	15
LOC_824	22	21	23	23	22	24	22	21
LOC_825	26	26	24	25	27	25	25	25
LOC_826	20	18	18	18	18	18	17	18
LOC_827	20	20	21	21	21	21	22	21
LOC_828	19	19	17	19	19	20	20	19
LOC_829	16	16	19	18	16	16	16	16
LOC_830	25	25	24	22	22	25	27	25
LOC_831	25	26	24	27	24	25	23	25
LOC_832	14	14	17	17	17	16	18	16
LOC_833	14	14	14	14	14	14	14	14
LOC_834	21	21	21	18	18	25	24	21
LOC_835	25	25	26	25	26	24	24	25
LOC_836	15	15	15	15	15	15	15	15
LOC_837	12	12	13	14	14	12	12	12
LOC_838	22	23	23	25	22	23	22	23
LOC_839	18	19	18	18	18	22	18	18
LOC_840	20	20	20	22	21	22	20	20
LOC_841	14	13	14	12	15	14	14	14
LOC_842	24	25	24	24	24	25	25	25
LOC_843	17	17	18	19	18	19	19	17
LOC_844	27	27	27	25	27	28	28	26
LOC_845	27	25	23	23	24	23	22	25
LOC_846	18	18	18	18	18	18	18	18
LOC_847	25	26	25	26	26	26	27	25
LOC_848	19	19	19	18	16	19	19	19
LOC_849	26	25	22	24	23	24	22	25
LOC_850	17	17	17	17	17	15	17	17
LOC_851	23	23	22	21	21	20	19	23
LOC_852	16	16	17	19	20	17	20	15
LOC_853	27	25	25	27	30	26	26	25
LOC_854	25	25	25	26	24	26	25	25
LOC_855	18	19	16	18	15	17	17	18
LOC_856	27	27	26	29	27	26	24	26
LOC_857	25	26	25	29	28	26	26	29
LOC_858	14	14	15	15	16	14	14	14
LOC_859	14	14	14	14	14	15	15	14
LOC_860	22	22	23	24	25	23	23	22
LOC_861	17	17	17	17	17	17	18	17
LOC_862	14	15	15	16	15	16	13	15
LOC_863	20	20	20	20	20	20	20	20
LOC_864	23	22	26	27	26	25	26	24
LOC_865	24	25	26	25	28	25	26	25
LOC_866	25	25	25	25	25	26	27	25
LOC_867	16	19	21	21	22	20	20	18
LOC_868	28	25	25	24	25	24	24	25
LOC_869	21	21	19	19	20	20	21	21
LOC_870	14	14	13	13	12	12	13	13
LOC_871	14	14	13	13	13	14	14	14
LOC_872	23	25	27	25	26	25	22	25
LOC_873	17	17	17	17	17	17	17	17
LOC_874	24	24	23	23	23	27	27	24
LOC_875	17	18	21	21	21	17	17	18
LOC_876	17	18	18	18	18	17	17	17
LOC_877	25	25	24	23	26	24	26	25
LOC_878	25	25	28	27	27	27	27	25
LOC_879	25	25	22	25	27	23	25	25
LOC_880	25	25	21	24	24	25	26	25
LOC_881	17	17	18	17	17	17	17	17
LOC_882	21	20	20	20	21	19	20	20
LOC_883	24	22	25	23	23	25	23	25
LOC_884	15	15	16	16	18	15	16	15
LOC_885	17	18	17	18	18	17	17	17
LOC_886	28	27	25	24	25	24	24	25
LOC_887	25	25	25	24	24	25	25	25
LOC_888	25	25	27	24	24	24	26	25
LOC_889	23	23	24	24	23	24	23	23
LOC_890	20	22	23	25	24	23	23	22
LOC_891	24	26	24	23	23	24	26	25
LOC_892	22	23	22	23	23	23	23	22
LOC_893	18	18	19	21	18	19	19	19
LOC_894	18	18	19	19	20	17	17	18
LOC_895	28	27	23	23	24	24	24	24
LOC_896	27	25	25	24	24	24	24	25
LOC_897	18	15	15	16	15	18	17	17
LOC_898	25	25	26	22	22	25	27	25
LOC_899	25	24	22	23	23	25	25	25
LOC_900	26	26	25	25	25	24	24	24
LOC_901	25	25	25	25	24	22	22	25
LOC_902	24	23	23	22	22	23	22	23
LOC_903	25	25	26	25	27	24	24	25
LOC_904	15	14	17	14	14	14	14	14
LOC_905	24	23	25	26	26	24	24	25
LOC_906	14	14	15	14	15	15	15	15
LOC_907	19	19	20	20	20	18	17	18
LOC_908	20	22	23	21	21	22	22	22
LOC_909	27	27	26	25	26	27	26	25
LOC_910	18	18	21	18	17	15	17	17
LOC_911	19	19	18	18	19	18	18	19
LOC_912	11	11	12	11	11	11	11	11
LOC_913	19	18	18	19	19	18	18	18
LOC_914	24	23	26	25	25	25	25	25
LOC_915	24	26	26	23	25	22	23	25
LOC_916	17	17	18	19	18	18	17	18
LOC_917	15	15	15	16	16	16	16	15
LOC_918	16	16	16	16	16	16	16	16
LOC_919	14	14	14	14	14	14	14	14
LOC_920	18	18	19	19	19	18	18	18
LOC_921	16	16	16	17	17	17	17	16
LOC_922	22	22	21	20	20	22	23	22
LOC_923	24	25	23	23	23	21	21	25
LOC_924	21	23	27	26	27	26	27	25
LOC_925	14	14	14	14	14	14	14	14
LOC_926	25	25	24	25	23	24	25	25
LOC_927	26	26	25	25	26	30	29	25
LOC_928	25	24	27	25	26	25	28	25
LOC_929	10	10	15	15	15	15	15	15
LOC_930	10	10	10	10	10	10	10	10
LOC_931	24	24	25	24	23	22	24	24
LOC_932	24	24	25	24	25	23	24	24
LOC_933	23	23	22	23	22	23	23	24
LOC_934	25	25	24	23	21	24	24	24
LOC_935	18	17	18	18	18	13	17	17
LOC_936	22	23	24	24	23	24	24	23
LOC_937	24	24	18	23	22	23	22	24
LOC_938	17	18	17	17	17	17	17	17
LOC_939	22	22	21	21	21	18	19	19
LOC_940	15	18	19	19	19	19	20	19
LOC_941	14	14	14	14	14	17	16	14
LOC_942	24	24	22	21	21	22	22	24
LOC_943	19	19	20	20	20	20	20	20
LOC_944	18	18	18	18	18	16	16	18
LOC_945	17	17	17	17	17	17	17	17
LOC_946	23	24	22	20	22	23	23	24
LOC_947	30	24	23	23	23	23	20	24
LOC_948	20	19	20	21	17	20	20	20
LOC_949	22	22	23	20	24	24	22	23
LOC_950	24	24	23	23	21	22	24	24
LOC_951	19	20	19	19	18	19	19	20
LOC_952	20	20	20	20	20	22	22	20
LOC_953	24	24	25	25	25	26	23	24
LOC_954	23	23	22	21	23	20	20	22
LOC_955	25	26	26	26	27	27	29	24
LOC_956	22	22	24	24	25	24	25	24
LOC_957	27	27	24	26	24	25	25	24
LOC_958	16	16	16	16	16	16	16	16
LOC_959	19	19	18	18	19	18	18	18
LOC_960	25	24	26	25	24	25	25	24
LOC_961	27	26	26	26	26	27	26	25
LOC_962	25	24	24	23	23	24	23	24
LOC_963	24	23	25	24	26	25	24	24
LOC_964	16	16	16	17	16	16	16	16
LOC_965	23	23	24	24	24	18	21	23
LOC_966	20	20	19	20	21	19	19	20
LOC_967	26	25	26	24	23	25	24	24
LOC_968	24	24	26	28	28	25	25	24
LOC_969	18	18	19	19	19	18	18	18
LOC_970	20	20	21	21	18	21	18	19
LOC_971	24	24	22	21	23	23	24	24
LOC_972	25	23	25	25	26	25	24	24
LOC_973	29	27	28	28	28	30	31	30
LOC_974	15	14	14	14	14	15	15	14
LOC_975	16	16	14	15	15	14	14	14
LOC_976	28	26	32	33	33	29	29	29
LOC_977	17	19	19	17	17	17	17	17
LOC_978	16	16	15	15	15	17	17	17
LOC_979	25	26	22	24	23	27	25	25
LOC_980	17	16	17	21	17	17	17	16
LOC_981	23	21	22	26	26	21	21	22
LOC_982	14	14	14	14	14	14	14	14
LOC_983	23	23	28	31	29	26	25	24
LOC_984	24	24	23	24	23	23	23	24
LOC_985	14	16	14	14	14	14	14	14
LOC_986	17	17	16	16	17	17	17	17
LOC_987	25	23	26	25	27	24	24	24
LOC_988	19	19	20	19	20	19	21	18
LOC_989	25	23	26	25	25	22	23	24
LOC_990	25	21	21	21	21	22	20	24
LOC_991	15	15	15	15	15	15	15	15
LOC_992	21	22	23	23	23	23	24	23
LOC_993	19	19	20	23	23	20	19	19
LOC_994	26	24	25	30	28	24	24	24
LOC_995	23	23	24	23	21	21	22	24
LOC_996	23	22	24	23	23	22	25	24
LOC_997	23	24	26	24	25	26	24	24
LOC_998	15	14	14	14	14	14	14	14
LOC_999	22	24	24	25	24	24	21	24
LOC_1000	21	21	23	21	22	21	21	21
LOC_1001	19	19	20	19	19	19	19	19
LOC_1002	24	24	25	24	24	24	24	24
LOC_1003	24	23	25	26	27	22	22	24
LOC_1004	17	17	17	17	17	18	17	17
LOC_1005	7	5	7	7	7	7	7	7
LOC_1006	22	22	24	22	23	25	27	24
LOC_1007	20	20	17	17	17	17	17	18
LOC_1008	20	20	23	24	25	23	21	21
LOC_1009	25	25	25	26	24	24	24	24
LOC_1010	15	15	16	15	15	15	16	15
LOC_1011	22	25	23	22	26	26	27	24
LOC_1012	24	24	24	24	23	22	23	24
LOC_1013	25	22	24	24	24	24	23	24
LOC_1014	18	20	23	24	24	23	22	23
LOC_1015	16	16	19	16	16	16	16	16
LOC_1016	14	14	11	11	11	14	15	14
LOC_1017	23	24	27	27	22	21	20	24
LOC_1018	27	22	24	25	25	23	23	24
LOC_1019	15	15	15	15	17	15	15	15
LOC_1020	24	24	23	23	25	23	23	23
LOC_1021	15	15	15	14	15	15	15	15
LOC_1022	24	24	24	25	25	24	24	24
LOC_1023	25	24	25	25	24	26	28	24
LOC_1024	28	27	30	31	29	27	27	29
LOC_1025	15	14	14	14	14	14	14	14
LOC_1026	22	22	21	21	22	20	21	22
LOC_1027	24	25	23	21	22	24	25	24
LOC_1028	7	8	7	7	7	7	7	7
LOC_1029	19	19	20	20	21	19	19	19
LOC_1030	24	24	26	24	23	26	26	24
LOC_1031	22	23	23	22	26	23	24	23
LOC_1032	10	10	10	10	10	10	10	10
LOC_1033	27	28	24	25	23	25	24	24
LOC_1034	26	24	18	22	22	21	21	24
LOC_1035	19	23	23	23	23	23	23	23
LOC_1036	14	14	15	15	15	15	15	15
LOC_1037	25	23	21	24	24	24	24	24
LOC_1038	19	19	20	21	20	20	20	20
LOC_1039	15	15	18	18	18	15	15	15
LOC_1040	21	21	21	21	21	21	20	21
LOC_1041	23	24	24	25	24	24	23	24
LOC_1042	12	12	12	12	12	10	12	12
LOC_1043	16	16	16	16	15	16	16	16
LOC_1044	14	14	14	14	14	14	14	14
LOC_1045	24	25	23	23	23	24	24	24
LOC_1046	24	24	23	21	23	24	24	24
LOC_1047	21	21	21	23	21	19	20	21
LOC_1048	22	21	25	22	22	22	23	21
LOC_1049	25	25	25	23	23	24	24	24
LOC_1050	23	24	24	22	23	23	26	24
LOC_1051	23	24	21	21	21	21	23	23
LOC_1052	17	18	18	18	19	17	18	18
LOC_1053	15	15	17	17	18	16	18	17
LOC_1054	25	25	23	23	24	23	23	24
LOC_1055	14	14	14	14	14	15	15	14
LOC_1056	21	21	22	22	22	21	20	21
LOC_1057	22	22	24	26	25	23	22	22
LOC_1058	19	19	17	17	17	17	17	16
LOC_1059	22	22	22	21	21	22	20	21
LOC_1060	27	26	24	24	24	24	25	24
LOC_1061	25	24	23	24	24	22	22	24
LOC_1062	18	18	20	20	20	20	19	19
LOC_1063	23	23	23	27	26	23	23	23
LOC_1064	14	14	14	14	14	14	14	14
LOC_1065	24	24	22	22	23	22	24	24
LOC_1066	23	24	26	24	24	21	23	24
LOC_1067	16	16	15	15	15	15	15	15
LOC_1068	22	23	23	23	23	23	22	23
LOC_1069	15	14	17	18	18	16	17	16
LOC_1070	17	17	17	17	17	17	17	17
LOC_1071	23	24	23	23	24	23	23	23
LOC_1072	22	22	21	20	21	20	20	23
LOC_1073	23	22	23	23	23	24	23	23
LOC_1074	16	16	16	16	16	12	12	16
LOC_1075	17	17	17	17	17	17	19	17
LOC_1076	23	23	24	24	23	25	24	24
LOC_1077	15	15	15	13	15	16	15	15
LOC_1078	24	23	24	26	25	27	26	24
LOC_1079	17	15	17	17	18	16	17	17
LOC_1080	18	18	17	18	18	18	18	18
LOC_1081	20	19	20	20	22	20	20	20
LOC_1082	16	16	16	16	16	16	16	16
LOC_1083	19	21	19	19	19	20	19	19
LOC_1084	15	15	17	17	17	16	16	16
LOC_1085	23	23	25	26	24	22	23	23
LOC_1086	21	22	19	19	19	22	23	22
LOC_1087	20	20	24	23	22	22	22	20
LOC_1088	24	25	23	25	24	24	24	24
LOC_1089	27	25	25	26	26	25	24	26
LOC_1090	21	21	24	24	23	23	23	23
LOC_1091	18	18	18	18	18	18	18	18
LOC_1092	20	20	20	22	21	23	22	20
LOC_1093	17	17	18	17	19	18	17	17
LOC_1094	16	16	18	17	17	17	17	16
LOC_1095	16	17	16	16	16	16	16	16
LOC_1096	14	14	14	14	14	14	14	14
LOC_1097	21	20	23	24	25	25	25	21
LOC_1098	26	24	22	26	22	22	21	23
LOC_1099	22	22	23	24	21	23	23	23
LOC_1100	23	24	22	22	22	22	23	23
LOC_1101	23	23	22	21	21	25	24	23
LOC_1102	19	19	22	23	22	23	23	23
LOC_1103	17	17	14	14	14	14	14	14
LOC_1104	23	23	20	20	20	23	23	23
LOC_1105	23	23	23	24	23	25	24	23
LOC_1106	22	23	21	24	21	21	21	21
LOC_1107	24	24	25	27	27	24	24	23
LOC_1108	23	23	22	21	24	25	24	23
LOC_1109	23	23	23	23	24	23	24	23
LOC_1110	16	16	16	16	16	16	16	16
LOC_1111	25	25	22	24	24	30	26	25
LOC_1112	15	15	15	15	15	15	15	15
LOC_1113	16	16	17	16	16	17	16	16
LOC_1114	17	17	14	19	19	17	17	17
LOC_1115	15	15	16	14	14	16	16	15
LOC_1116	23	23	23	23	23	23	23	23
LOC_1117	19	19	18	18	19	19	19	19
LOC_1118	24	24	27	26	26	25	23	24
LOC_1119	23	22	22	20	20	24	21	23
LOC_1120	28	28	27	28	28	29	29	28
LOC_1121	21	23	22	23	20	24	26	23
LOC_1122	24	23	23	23	22	22	18	23
LOC_1123	20	20	22	21	22	22	22	20
LOC_1124	16	14	15	14	14	14	13	14
LOC_1125	19	20	18	18	18	18	18	18
LOC_1126	16	16	15	15	15	16	17	15
LOC_1127	26	23	23	23	23	23	23	23
LOC_1128	23	23	21	23	25	23	24	23
LOC_1129	23	23	19	19	18	19	19	23
LOC_1130	15	14	15	14	14	14	14	14
LOC_1131	14	14	13	14	14	14	14	14
LOC_1132	25	23	25	24	25	25	24	23
LOC_1133	14	14	14	14	14	14	14	14
LOC_1134	13	13	15	15	15	16	15	15
LOC_1135	16	16	16	16	16	16	16	16
LOC_1136	14	14	14	14	14	15	14	14
LOC_1137	12	12	11	12	12	11	11	12
LOC_1138	21	21	26	27	26	23	24	24
LOC_1139	19	18	19	19	19	20	19	19
LOC_1140	24	24	25	24	24	24	25	24
LOC_1141	22	22	20	23	20	22	22	21
LOC_1142	30	30	27	25	26	27	29	29
LOC_1143	22	23	24	24	24	27	26	23
LOC_1144	23	24	21	25	26	24	24	24
LOC_1145	21	22	22	23	22	26	23	23
LOC_1146	25	27	22	24	22	22	23	23
LOC_1147	28	28	28	26	26	27	27	27
LOC_1148	23	23	22	22	22	22	22	23
LOC_1149	26	26	22	22	22	21	22	23
LOC_1150	17	16	17	17	17	17	17	16
LOC_1151	21	21	22	20	20	20	21	20
LOC_1152	25	23	24	23	24	26	25	23
LOC_1153	21	23	21	25	23	22	21	23
LOC_1154	24	23	23	22	22	23	23	23
LOC_1155	25	24	28	28	24	27	26	29
LOC_1156	17	18	17	17	17	17	17	17
LOC_1157	22	20	21	21	21	21	21	21
LOC_1158	17	17	17	17	18	17	17	17
LOC_1159	24	23	24	23	23	23	23	23
LOC_1160	14	14	15	14	14	14	14	14
LOC_1161	7	7	7	8	7	7	7	7
LOC_1162	13	13	13	13	13	13	13	13
LOC_1163	15	15	15	16	16	18	16	15
LOC_1164	18	18	19	21	21	21	19	18
LOC_1165	24	20	22	22	22	20	20	23
LOC_1166	23	23	22	22	23	21	23	23
LOC_1167	15	15	15	15	15	15	15	15
LOC_1168	22	22	24	22	23	24	24	23
LOC_1169	20	20	23	22	22	22	22	22
LOC_1170	16	16	16	16	16	16	16	16
LOC_1171	23	23	24	25	25	25	25	23
LOC_1172	23	23	23	22	23	24	24	23
LOC_1173	15	17	15	16	15	15	15	15
LOC_1174	23	21	23	21	23	21	21	23
LOC_1175	24	22	21	21	21	22	22	22
LOC_1176	21	18	16	17	17	16	16	18
LOC_1177	18	17	16	16	17	17	17	17
LOC_1178	16	16	16	15	14	16	16	16
LOC_1179	21	21	23	26	23	22	22	23
LOC_1180	27	23	26	26	26	26	27	23
LOC_1181	19	19	19	18	19	20	19	19
LOC_1182	23	23	23	23	23	21	21	23
LOC_1183	23	23	24	25	25	22	22	23
LOC_1184	24	24	24	23	22	23	24	23
LOC_1185	22	24	22	22	22	20	22	22
LOC_1186	15	15	15	15	15	15	15	16
LOC_1187	15	15	15	15	15	15	15	15
LOC_1188	24	23	23	24	25	23	23	23
LOC_1189	15	15	19	18	18	15	15	15
LOC_1190	19	19	20	18	19	19	19	19
LOC_1191	22	25	26	23	26	24	24	23
LOC_1192	25	22	22	24	24	25	24	23
LOC_1193	16	17	15	15	15	15	15	15
LOC_1194	20	20	19	19	19	20	20	20
LOC_1195	14	14	14	14	14	14	14	14
LOC_1196	15	15	15	15	15	15	15	15
LOC_1197	25	24	24	27	25	24	26	24
LOC_1198	18	16	16	16	14	16	19	16
LOC_1199	15	15	15	15	15	15	15	15
LOC_1200	19	19	21	23	18	20	20	20
LOC_1201	18	18	17	17	17	18	18	16
LOC_1202	14	15	14	15	14	14	14	14
LOC_1203	16	16	16	16	16	17	17	16
LOC_1204	22	24	24	26	24	24	25	23
LOC_1205	19	21	19	19	19	22	22	19
LOC_1206	17	17	17	18	17	17	17	17
LOC_1207	22	21	24	23	23	24	24	21
LOC_1208	18	20	16	16	16	16	16	18
LOC_1209	16	16	15	14	14	17	17	15
LOC_1210	24	24	23	23	22	25	23	23
LOC_1211	22	22	22	24	23	25	24	22
LOC_1212	22	22	24	20	21	22	22	22
LOC_1213	26	26	26	25	26	25	26	26
LOC_1214	18	19	19	20	20	18	17	19
LOC_1215	24	23	22	23	24	23	23	23
LOC_1216	16	16	20	18	20	19	19	16
LOC_1217	14	12	14	14	14	14	14	14
LOC_1218	21	19	19	19	19	20	20	19
LOC_1219	16	15	15	17	17	17	17	16
LOC_1220	20	19	21	21	21	20	19	21
LOC_1221	23	21	23	21	23	23	23	23
LOC_1222	24	22	23	23	23	23	23	23
LOC_1223	13	13	13	13	13	13	14	13
LOC_1224	25	25	21	18	17	22	22	25
LOC_1225	21	21	21	23	24	21	22	21
LOC_1226	23	23	20	20	20	19	19	23
LOC_1227	18	18	17	18	18	17	17	18
LOC_1228	15	15	15	15	15	15	15	15
LOC_1229	25	24	24	24	22	23	23	23
LOC_1230	19	19	19	19	19	20	19	19
LOC_1231	24	23	24	24	24	25	26	24
LOC_1232	16	16	17	17	17	18	18	16
LOC_1233	18	19	20	20	20	20	20	19
LOC_1234	15	15	19	19	19	19	19	18
LOC_1235	20	16	18	20	20	20	20	20
LOC_1236	17	20	19	22	21	20	20	20
LOC_1237	22	23	23	25	23	25	24	23
LOC_1238	23	23	24	24	24	24	24	23
LOC_1239	26	25	27	27	28	28	28	28
LOC_1240	22	21	23	23	23	23	21	23
LOC_1241	15	15	18	17	17	17	18	15
LOC_1242	14	14	15	15	15	15	14	14
LOC_1243	15	15	15	15	16	14	15	15
LOC_1244	24	25	24	25	24	24	25	25
LOC_1245	16	17	17	16	15	17	17	17
LOC_1246	22	22	22	22	22	22	22	22
LOC_1247	13	13	15	14	14	14	14	14
LOC_1248	27	27	26	26	26	27	26	28
LOC_1249	23	22	21	20	21	21	21	23
LOC_1250	20	21	22	20	20	23	21	21
LOC_1251	24	23	25	21	23	24	24	24
LOC_1252	17	17	17	17	16	17	16	17
LOC_1253	21	21	23	23	21	24	25	23
LOC_1254	19	18	21	22	22	20	20	20
LOC_1255	23	22	26	24	24	24	23	23
LOC_1256	21	21	21	21	21	20	22	21
LOC_1257	24	22	27	24	26	24	25	24
LOC_1258	18	18	18	19	18	18	19	18
LOC_1259	25	23	22	23	22	23	24	23
LOC_1260	21	20	20	20	20	21	20	20
LOC_1261	17	17	17	17	17	17	17	17
LOC_1262	17	17	17	17	19	17	16	17
LOC_1263	16	16	17	18	17	17	17	17
LOC_1264	17	17	17	17	17	16	16	17
LOC_1265	16	14	14	16	15	15	15	15
LOC_1266	16	16	16	16	14	17	16	16
LOC_1267	24	24	23	22	24	22	23	23
LOC_1268	15	15	15	15	16	15	15	15
LOC_1269	25	27	29	31	28	27	27	27
LOC_1270	19	18	19	19	19	19	19	19
LOC_1271	23	23	22	24	23	22	21	23
LOC_1272	23	23	24	23	23	23	23	23
LOC_1273	20	20	20	20	20	20	20	20
LOC_1274	22	23	23	25	25	22	23	23
LOC_1275	19	19	19	19	19	19	18	19
LOC_1276	17	17	17	15	17	18	18	17
LOC_1277	16	16	16	16	16	16	16	16
LOC_1278	15	15	17	16	17	16	16	15
LOC_1279	19	19	19	18	17	20	20	19
LOC_1280	16	17	16	16	18	17	16	16
LOC_1281	24	24	24	22	23	23	22	23
LOC_1282	23	23	23	27	24	23	23	23
LOC_1283	22	25	25	25	25	24	24	23
LOC_1284	24	23	24	24	24	23	23	23
LOC_1285	24	22	26	27	28	26	26	23
LOC_1286	14	14	14	14	15	14	14	14
LOC_1287	15	15	15	15	15	15	15	15
LOC_1288	23	24	23	24	21	24	23	23
LOC_1289	23	23	22	23	23	23	24	23
LOC_1290	20	20	19	18	18	19	19	20
LOC_1291	21	24	21	22	21	22	24	23
LOC_1292	22	22	25	24	24	23	23	23
LOC_1293	23	23	23	24	23	27	27	23
LOC_1294	25	24	23	23	24	24	24	25
LOC_1295	20	20	20	20	21	21	22	20
LOC_1296	23	21	20	22	22	21	21	22
LOC_1297	23	23	22	22	24	19	21	23
LOC_1298	22	23	22	24	22	22	23	23
LOC_1299	15	15	15	15	16	15	15	15
LOC_1300	23	23	23	23	21	23	23	23
LOC_1301	22	23	21	22	22	21	22	23
LOC_1302	23	20	22	22	22	22	22	23
LOC_1303	17	16	16	16	16	16	15	16
LOC_1304	22	22	22	21	21	22	23	22
LOC_1305	22	22	23	22	23	22	22	22
LOC_1306	24	24	21	20	20	23	26	21
LOC_1307	14	16	14	14	14	14	14	14
LOC_1308	23	23	25	23	22	21	21	23
LOC_1309	19	20	19	19	19	19	19	19
LOC_1310	16	16	16	15	15	16	16	16
LOC_1311	23	24	21	26	26	22	23	23
LOC_1312	15	15	15	15	15	15	15	15
LOC_1313	22	22	23	23	23	22	22	22
LOC_1314	15	13	15	15	14	15	16	15
LOC_1315	15	15	16	16	16	17	17	16
LOC_1316	17	17	16	17	17	21	17	17
LOC_1317	17	17	17	17	17	17	17	17
LOC_1318	22	23	26	28	27	22	22	23
LOC_1319	18	18	22	22	22	22	22	18
LOC_1320	19	19	19	19	19	19	19	19
LOC_1321	21	21	19	19	19	18	18	21
LOC_1322	24	24	26	27	26	27	25	25
LOC_1323	23	22	23	23	24	23	23	23
LOC_1324	23	23	22	20	20	21	22	22
LOC_1325	16	17	17	18	18	15	16	16
LOC_1326	18	19	22	19	19	19	16	19
LOC_1327	24	24	24	24	21	23	23	23
LOC_1328	18	18	16	17	18	15	17	18
LOC_1329	16	16	17	17	18	16	16	16
LOC_1330	24	23	23	22	22	23	24	23
LOC_1331	23	23	20	26	26	25	23	23
LOC_1332	15	15	15	15	15	16	16	15
LOC_1333	17	17	17	17	17	17	17	17
LOC_1334	19	21	19	19	19	19	18	19
LOC_1335	14	14	14	15	14	14	14	14
LOC_1336	22	22	23	22	23	24	24	24
LOC_1337	18	19	19	18	19	19	18	18
LOC_1338	23	23	23	23	23	23	25	23
LOC_1339	12	12	12	13	13	12	12	12
LOC_1340	19	19	22	22	22	19	19	19
LOC_1341	22	22	22	22	22	23	23	22
LOC_1342	21	22	21	22	22	22	22	22
LOC_1343	17	17	20	19	21	19	19	17
LOC_1344	23	24	25	25	26	27	30	25
LOC_1345	16	16	19	19	19	20	18	18
LOC_1346	22	22	20	21	21	22	23	22
LOC_1347	18	18	17	19	17	19	18	18
LOC_1348	18	18	18	18	18	18	18	18
LOC_1349	17	17	17	17	17	17	17	17
LOC_1350	20	22	20	20	20	20	20	20
LOC_1351	16	16	16	16	16	17	16	16
LOC_1352	19	23	20	22	22	21	20	20
LOC_1353	30	24	25	30	26	24	24	25
LOC_1354	24	21	20	23	23	21	21	21
LOC_1355	18	17	20	20	20	20	20	19
LOC_1356	22	25	21	22	22	24	22	22
LOC_1357	19	21	25	23	22	24	24	22
LOC_1358	21	21	23	24	26	22	22	22
LOC_1359	14	14	14	14	14	14	14	14
LOC_1360	22	22	21	21	22	22	22	22
LOC_1361	22	22	21	23	21	22	22	22
LOC_1362	17	17	19	19	19	19	18	18
LOC_1363	22	22	22	21	21	21	21	22
LOC_1364	15	15	16	16	17	15	15	15
LOC_1365	22	22	23	24	23	22	18	22
LOC_1366	16	16	16	16	16	16	16	16
LOC_1367	15	16	15	15	15	15	15	15
LOC_1368	16	18	19	19	19	21	21	18
LOC_1369	24	25	22	22	22	24	23	22
LOC_1370	20	20	20	20	21	22	20	20
LOC_1371	19	19	19	20	17	20	20	20
LOC_1372	25	25	24	23	22	23	25	24
LOC_1373	7	7	7	8	8	7	7	7
LOC_1374	22	22	21	21	21	22	22	22
LOC_1375	14	14	14	15	14	14	14	14
LOC_1376	23	23	23	22	22	26	25	23
LOC_1377	17	16	17	16	16	17	17	17
LOC_1378	15	15	15	15	15	15	14	15
LOC_1379	16	16	18	19	19	16	17	16
LOC_1380	18	18	20	19	19	21	21	21
LOC_1381	22	22	24	22	22	28	24	23
LOC_1382	22	22	21	21	20	20	21	21
LOC_1383	15	15	14	14	14	14	14	14
LOC_1384	18	18	17	19	22	19	19	19
LOC_1385	22	22	21	21	21	22	22	22
LOC_1386	14	14	14	14	14	14	14	14
LOC_1387	21	21	21	19	21	21	20	21
LOC_1388	22	22	24	24	24	22	23	22
LOC_1389	24	23	21	21	22	24	24	22
LOC_1390	17	17	17	15	15	17	17	17
LOC_1391	12	12	13	14	13	14	14	14
LOC_1392	19	18	18	18	18	18	17	19
LOC_1393	25	25	24	21	25	24	24	24
LOC_1394	23	23	22	17	19	21	21	22
LOC_1395	16	16	16	17	17	16	16	16
LOC_1396	23	22	24	23	23	22	22	22
LOC_1397	20	20	19	21	19	19	19	19
LOC_1398	14	14	13	14	14	14	14	14
LOC_1399	17	17	18	17	17	16	17	17
LOC_1400	13	14	14	15	13	14	14	14
LOC_1401	15	15	14	14	14	15	15	14
LOC_1402	23	22	22	21	22	22	22	22
LOC_1403	17	17	17	17	17	17	17	17
LOC_1404	17	17	18	17	18	18	18	17
LOC_1405	16	16	16	16	17	16	14	16
LOC_1406	21	21	25	25	25	26	25	22
LOC_1407	22	22	22	20	20	22	22	22
LOC_1408	22	21	19	19	19	22	22	22
LOC_1409	18	18	18	18	19	18	18	18
LOC_1410	9	7	7	7	7	8	8	7
LOC_1411	17	17	17	16	16	17	18	17
LOC_1412	17	16	16	19	17	18	18	17
LOC_1413	18	18	18	18	18	18	18	18
LOC_1414	20	20	20	20	20	20	20	20
LOC_1415	16	16	14	14	14	15	15	15
LOC_1416	22	22	19	19	19	19	19	19
LOC_1417	21	23	22	22	20	25	23	22
LOC_1418	17	17	17	17	17	17	17	17
LOC_1419	18	18	19	18	18	21	19	18
LOC_1420	21	21	21	22	21	19	20	21
LOC_1421	16	16	17	16	16	16	16	16
LOC_1422	18	18	17	17	17	18	17	18
LOC_1423	21	22	24	24	23	22	21	22
LOC_1424	23	24	24	25	24	24	24	22
LOC_1425	21	21	22	20	22	21	21	21
LOC_1426	18	18	17	18	18	18	18	18
LOC_1427	21	20	20	20	21	20	19	20
LOC_1428	22	21	23	22	22	22	22	22
LOC_1429	22	22	23	24	25	23	22	22
LOC_1430	22	22	21	21	21	21	23	22
LOC_1431	22	21	23	23	23	22	23	22
LOC_1432	17	17	17	17	17	16	17	17
LOC_1433	22	23	26	24	25	22	22	22
LOC_1434	18	18	17	17	17	18	17	17
LOC_1435	18	18	19	19	19	18	18	17
LOC_1436	15	15	15	15	15	14	14	15
LOC_1437	23	23	20	21	21	22	22	22
LOC_1438	22	22	22	22	22	22	22	22
LOC_1439	20	20	20	20	19	20	20	20
LOC_1440	16	17	17	17	17	17	16	17
LOC_1441	23	23	23	21	26	23	22	23
LOC_1442	23	22	22	21	21	23	22	22
LOC_1443	22	22	23	23	27	23	24	23
LOC_1444	18	21	21	22	22	22	22	21
LOC_1445	22	23	23	22	22	23	24	22
LOC_1446	26	25	26	23	24	26	25	26
LOC_1447	22	22	22	22	22	22	22	22
LOC_1448	23	21	21	21	21	20	20	22
LOC_1449	22	22	25	26	25	22	22	22
LOC_1450	20	20	20	20	20	21	21	20
LOC_1451	22	22	22	24	25	22	22	22
LOC_1452	16	16	16	16	16	16	16	16
LOC_1453	20	19	19	19	19	19	20	19
LOC_1454	22	21	20	20	20	21	21	22
LOC_1455	22	23	21	22	22	20	21	22
LOC_1456	18	19	19	19	19	18	18	19
LOC_1457	19	18	17	17	17	17	17	17
LOC_1458	22	23	23	23	23	24	25	22
LOC_1459	22	22	25	24	24	22	22	22
LOC_1460	25	25	24	24	24	24	24	24
LOC_1461	21	21	22	23	21	23	22	22
LOC_1462	22	21	21	22	22	21	21	22
LOC_1463	14	14	15	16	15	14	14	14
LOC_1464	25	25	26	25	23	24	25	25
LOC_1465	26	24	27	29	29	28	26	26
LOC_1466	22	22	20	23	24	23	23	22
LOC_1467	19	19	19	21	19	19	19	19
LOC_1468	19	19	22	21	22	22	22	22
LOC_1469	23	21	22	22	22	24	22	22
LOC_1470	20	20	20	18	18	21	22	20
LOC_1471	20	20	21	20	22	19	19	20
LOC_1472	23	21	21	21	20	22	22	22
LOC_1473	23	26	27	28	27	25	28	23
LOC_1474	18	15	15	14	14	14	14	15
LOC_1475	18	18	21	19	18	18	18	18
LOC_1476	18	18	18	18	18	18	17	18
LOC_1477	18	19	17	17	17	17	18	18
LOC_1478	23	23	19	19	19	19	19	19
LOC_1479	22	21	21	20	20	23	25	21
LOC_1480	23	22	22	26	24	22	22	22
LOC_1481	23	22	20	19	19	22	22	22
LOC_1482	26	26	25	26	27	26	24	25
LOC_1483	22	22	22	24	25	22	22	22
LOC_1484	21	23	21	22	21	21	21	21
LOC_1485	22	21	23	25	23	26	23	22
LOC_1486	21	20	22	19	22	22	21	22
LOC_1487	14	14	14	14	14	14	14	14
LOC_1488	20	21	21	20	20	23	23	21
LOC_1489	23	21	18	18	18	20	21	22
LOC_1490	23	23	22	22	23	22	20	22
LOC_1491	24	24	24	22	22	22	22	22
LOC_1492	22	21	24	26	26	23	23	22
LOC_1493	25	23	22	21	21	21	21	22
LOC_1494	23	23	25	27	25	25	24	24
LOC_1495	22	21	23	22	23	22	22	22
LOC_1496	23	20	19	19	20	20	20	20
LOC_1497	22	22	22	21	21	22	21	22
LOC_1498	22	22	22	23	23	23	21	22
LOC_1499	18	16	16	16	16	16	16	16
LOC_1500	17	18	18	20	20	18	19	17
LOC_1501	21	22	23	23	22	22	22	22
LOC_1502	22	23	22	23	23	22	22	22
LOC_1503	23	22	18	22	22	22	24	22
LOC_1504	18	18	17	17	18	17	18	17
LOC_1505	24	23	23	23	23	22	20	22
LOC_1506	17	17	18	17	17	18	18	17
LOC_1507	18	19	21	20	20	20	20	20
LOC_1508	22	23	22	21	21	22	23	22
LOC_1509	20	20	19	19	19	21	20	20
LOC_1510	23	22	22	22	22	22	20	21
LOC_1511	22	22	22	21	21	21	21	22
LOC_1512	20	19	19	19	19	20	20	19
LOC_1513	16	15	15	15	15	15	15	15
LOC_1514	23	22	22	23	23	22	21	22
LOC_1515	19	21	15	16	16	17	19	19
LOC_1516	21	22	22	22	23	22	23	22
LOC_1517	14	16	16	16	16	16	16	16
LOC_1518	22	22	23	22	23	22	23	23
LOC_1519	20	20	21	19	20	20	18	20
LOC_1520	22	22	23	23	25	24	23	22
LOC_1521	17	17	17	19	17	17	17	17
LOC_1522	21	22	24	25	24	26	25	22
LOC_1523	18	19	20	20	20	19	19	19
LOC_1524	21	21	21	22	21	21	18	21
LOC_1525	25	24	24	23	23	22	20	22
LOC_1526	19	19	20	21	20	20	22	20
LOC_1527	22	22	21	20	21	22	21	22
LOC_1528	15	15	15	16	15	14	11	15
LOC_1529	20	22	22	22	20	20	22	22
LOC_1530	16	18	16	16	16	16	16	16
LOC_1531	22	21	23	23	24	22	24	22
LOC_1532	23	24	23	22	22	22	22	22
LOC_1533	16	16	16	14	16	16	16	16
LOC_1534	22	22	22	22	22	23	22	22
LOC_1535	22	23	21	22	22	18	13	22
LOC_1536	17	16	14	14	13	15	14	14
LOC_1537	22	23	21	20	22	22	21	22
LOC_1538	16	16	16	16	16	16	16	16
LOC_1539	28	26	34	32	33	30	31	29
LOC_1540	22	22	23	22	22	21	19	22
LOC_1541	15	15	15	15	15	16	15	15
LOC_1542	21	22	21	23	23	20	20	22
LOC_1543	18	17	16	20	17	16	17	17
LOC_1544	23	25	23	21	24	25	23	23
LOC_1545	22	22	19	20	20	22	22	22
LOC_1546	22	22	23	23	23	22	22	22
LOC_1547	26	25	29	28	32	26	28	28
LOC_1548	24	24	25	26	26	22	23	24
LOC_1549	23	23	22	22	22	23	23	22
LOC_1550	15	14	15	14	15	14	15	15
LOC_1551	23	22	22	22	22	21	21	22
LOC_1552	28	26	26	30	29	29	28	30
LOC_1553	21	20	21	21	21	21	22	21
LOC_1554	19	20	21	19	20	19	19	19
LOC_1555	18	18	19	20	19	18	19	18
LOC_1556	23	23	23	22	22	22	22	23
LOC_1557	20	19	19	20	20	19	19	19
LOC_1558	22	23	20	20	20	21	21	22
LOC_1559	23	23	22	23	21	22	21	22
LOC_1560	20	20	20	19	20	20	20	20
LOC_1561	23	23	20	21	18	23	22	22
LOC_1562	17	17	17	17	17	16	17	17
LOC_1563	14	13	14	14	14	15	15	14
LOC_1564	20	21	21	21	21	21	21	21
LOC_1565	27	27	28	27	29	29	28	27
LOC_1566	21	21	21	22	21	21	21	21
LOC_1567	23	25	25	25	26	23	24	23
LOC_1568	23	23	24	30	24	24	24	24
LOC_1569	22	22	24	24	24	22	22	22
LOC_1570	16	16	15	17	16	16	15	16
LOC_1571	22	23	22	21	21	22	21	22
LOC_1572	21	20	21	23	25	23	22	21
LOC_1573	20	21	18	18	18	16	16	19
LOC_1574	20	20	19	18	18	18	18	20
LOC_1575	15	15	15	15	15	13	13	15
LOC_1576	21	21	21	21	21	21	22	21
LOC_1577	14	14	15	15	15	15	15	14
LOC_1578	22	22	22	22	22	21	21	22
LOC_1579	22	22	22	22	22	23	23	22
LOC_1580	23	23	26	25	24	22	23	22
LOC_1581	22	19	19	20	20	19	19	19
LOC_1582	22	21	23	24	24	22	21	22
LOC_1583	10	10	10	10	10	10	10	10
LOC_1584	14	15	16	16	16	18	17	15
LOC_1585	21	22	23	23	24	24	23	22
LOC_1586	19	23	24	24	25	28	24	23
LOC_1587	22	21	22	22	23	23	22	22
LOC_1588	19	19	19	19	19	20	19	19
LOC_1589	19	21	19	19	19	18	18	19
LOC_1590	22	22	20	20	20	21	22	22
LOC_1591	17	17	17	15	15	17	19	17
LOC_1592	25	25	26	24	27	26	27	25
LOC_1593	19	19	22	22	23	21	21	22
LOC_1594	20	20	22	22	22	22	22	22
LOC_1595	25	25	26	25	25	26	26	26
LOC_1596	16	17	16	18	17	16	17	17
LOC_1597	16	16	14	14	14	19	20	14
LOC_1598	21	21	22	23	25	22	22	21
LOC_1599	17	16	16	17	16	18	16	16
LOC_1600	20	21	17	20	20	20	20	20
LOC_1601	18	20	20	20	20	18	18	20
LOC_1602	21	23	24	24	24	24	24	23
LOC_1603	21	21	21	21	20	22	22	21
LOC_1604	14	14	14	16	14	13	14	14
LOC_1605	15	15	16	15	15	15	15	15
LOC_1606	15	15	15	15	15	15	15	15
LOC_1607	20	21	27	27	26	32	28	21
LOC_1608	20	21	19	22	21	19	19	21
LOC_1609	14	14	14	14	14	14	14	14
LOC_1610	20	20	21	22	21	23	21	21
LOC_1611	16	16	16	16	16	16	15	16
LOC_1612	15	15	13	13	13	13	13	15
LOC_1613	25	24	25	30	27	27	25	27
LOC_1614	13	13	13	13	13	13	13	13
LOC_1615	23	21	21	21	20	22	22	21
LOC_1616	14	14	15	15	15	16	15	14
LOC_1617	16	15	17	17	17	14	14	14
LOC_1618	21	22	26	24	25	24	24	21
LOC_1619	13	14	13	14	14	13	13	13
LOC_1620	18	18	18	18	18	18	18	18
LOC_1621	18	18	17	17	17	18	17	17
LOC_1622	21	21	21	21	20	21	22	21
LOC_1623	21	22	23	23	26	21	20	21
LOC_1624	18	17	17	17	17	18	17	17
LOC_1625	24	24	20	23	23	23	26	21
LOC_1626	19	19	23	23	24	19	19	19
LOC_1627	16	16	16	16	16	15	15	15
LOC_1628	17	17	17	16	17	16	17	17
LOC_1629	21	22	22	23	23	19	19	22
LOC_1630	20	20	21	20	20	21	20	21
LOC_1631	22	22	21	21	21	21	21	22
LOC_1632	15	15	19	19	19	18	18	17
LOC_1633	21	21	24	23	22	22	22	21
LOC_1634	17	17	17	18	17	17	18	17
LOC_1635	9	9	8	9	9	9	9	9
LOC_1636	26	26	23	23	23	24	27	24
LOC_1637	16	16	16	16	16	16	16	16
LOC_1638	30	28	32	30	31	32	31	29
LOC_1639	22	22	21	22	22	21	21	21
LOC_1640	16	16	19	19	19	19	19	16
LOC_1641	18	18	19	18	18	18	19	18
LOC_1642	20	21	20	22	22	21	18	20
LOC_1643	17	18	21	21	24	20	20	18
LOC_1644	17	17	17	20	17	18	18	17
LOC_1645	20	21	21	20	19	20	21	21
LOC_1646	18	18	18	18	18	16	17	18
LOC_1647	12	12	14	16	16	12	12	12
LOC_1648	25	21	21	21	23	22	22	21
LOC_1649	11	12	12	12	12	12	12	12
LOC_1650	18	17	17	16	16	17	17	17
LOC_1651	16	16	16	16	16	16	16	16
LOC_1652	20	20	14	18	17	17	17	17
LOC_1653	24	22	24	23	21	25	24	24
LOC_1654	14	14	15	14	15	17	16	14
LOC_1655	15	15	14	12	12	14	14	14
LOC_1656	17	17	17	17	17	16	17	17
LOC_1657	26	28	28	26	28	26	27	27
LOC_1658	21	22	22	22	22	22	19	21
LOC_1659	23	21	21	20	20	20	21	21
LOC_1660	17	17	17	17	17	17	17	17
LOC_1661	22	22	21	21	21	21	21	21
LOC_1662	20	21	19	19	19	21	21	21
LOC_1663	23	22	23	25	24	22	23	22
LOC_1664	18	18	19	19	19	18	19	18
LOC_1665	15	15	15	15	15	15	15	15
LOC_1666	12	12	11	12	12	12	12	12
LOC_1667	14	16	14	13	13	15	15	14
LOC_1668	21	21	19	19	19	22	21	21
LOC_1669	22	23	21	20	21	26	21	22
LOC_1670	19	19	19	19	19	20	19	19
LOC_1671	15	15	15	15	15	15	16	15
LOC_1672	21	21	20	21	21	23	21	21
LOC_1673	20	21	21	21	22	22	22	21
LOC_1674	20	20	21	23	22	18	20	20
LOC_1675	18	18	18	20	20	18	18	18
LOC_1676	22	22	23	23	23	23	22	21
LOC_1677	14	14	14	14	14	14	14	14
LOC_1678	24	21	21	21	21	20	20	21
LOC_1679	15	18	22	20	21	16	16	18
LOC_1680	21	21	20	21	22	21	21	21
LOC_1681	24	23	19	21	21	21	19	21
LOC_1682	15	14	14	14	14	14	14	14
LOC_1683	20	20	21	21	18	21	22	21
LOC_1684	18	18	18	18	18	18	17	18
LOC_1685	17	17	17	18	18	19	18	17
LOC_1686	19	18	19	19	19	20	19	18
LOC_1687	18	17	18	17	17	18	17	17
LOC_1688	13	15	14	14	15	14	14	14
LOC_1689	18	20	16	18	19	19	18	18
LOC_1690	15	15	16	15	15	16	16	15
LOC_1691	18	18	18	18	18	18	18	18
LOC_1692	22	21	20	20	19	21	22	21
LOC_1693	22	23	20	20	19	20	20	21
LOC_1694	16	16	17	16	18	16	16	16
LOC_1695	21	19	21	21	21	21	21	21
LOC_1696	8	8	8	8	8	8	8	8
LOC_1697	20	20	21	22	22	23	22	21
LOC_1698	14	14	14	14	14	14	14	14
LOC_1699	21	21	21	21	19	21	21	21
LOC_1700	21	21	21	22	22	21	21	21
LOC_1701	12	12	13	12	12	12	12	12
LOC_1702	21	21	22	23	23	21	21	21
LOC_1703	14	15	14	12	14	14	14	14
LOC_1704	20	20	22	21	22	21	21	21
LOC_1705	21	21	21	23	22	21	21	21
LOC_1706	17	17	19	18	18	16	16	16
LOC_1707	21	21	21	21	21	21	20	21
LOC_1708	13	13	13	14	14	13	13	13
LOC_1709	20	21	19	18	19	23	21	21
LOC_1710	13	13	15	13	13	9	9	13
LOC_1711	20	21	21	21	21	21	21	21
LOC_1712	18	20	19	21	22	20	24	20
LOC_1713	16	18	18	18	18	17	17	18
LOC_1714	14	14	14	14	14	14	14	14
LOC_1715	17	17	17	15	17	17	17	17
LOC_1716	16	16	15	15	18	15	15	16
LOC_1717	11	11	11	11	11	11	11	11
LOC_1718	22	22	18	18	18	17	17	17
LOC_1719	18	18	21	21	19	18	18	18
LOC_1720	18	18	14	14	14	13	14	18
LOC_1721	19	19	18	19	19	18	18	19
LOC_1722	20	21	20	20	19	22	20	20
LOC_1723	21	21	19	18	19	19	20	20
LOC_1724	16	16	17	16	16	15	16	16
LOC_1725	14	14	14	14	14	14	14	14
LOC_1726	28	28	25	25	25	27	28	29
LOC_1727	23	22	21	20	21	22	21	21
LOC_1728	14	14	15	15	15	14	14	14
LOC_1729	18	18	18	18	18	16	18	18
LOC_1730	20	21	20	20	22	18	18	21
LOC_1731	21	23	19	18	18	20	19	21
LOC_1732	27	26	26	25	24	25	25	25
LOC_1733	20	22	23	21	21	20	20	21
LOC_1734	21	21	21	21	21	20	22	21
LOC_1735	16	16	17	17	17	16	16	16
LOC_1736	21	21	21	22	22	21	21	21
LOC_1737	22	21	20	22	22	21	21	21
LOC_1738	16	16	15	15	15	15	17	16
LOC_1739	21	22	21	23	24	21	21	21
LOC_1740	17	17	16	17	17	17	17	17
LOC_1741	17	17	17	17	17	18	18	18
LOC_1742	18	18	19	18	19	21	21	18
LOC_1743	22	22	20	19	19	20	20	21
LOC_1744	17	17	18	19	18	18	18	17
LOC_1745	16	17	16	16	16	16	16	16
LOC_1746	24	22	23	22	23	24	24	22
LOC_1747	17	17	18	18	18	16	16	17
LOC_1748	18	17	18	17	19	17	17	18
LOC_1749	21	20	23	24	24	20	21	21
LOC_1750	18	18	18	16	18	18	18	18
LOC_1751	21	22	20	22	21	18	18	21
LOC_1752	13	13	13	13	13	13	13	13
LOC_1753	21	20	20	20	20	21	22	21
LOC_1754	21	22	22	22	23	21	21	21
LOC_1755	21	21	21	25	24	22	22	21
LOC_1756	18	18	17	17	20	17	17	18
LOC_1757	18	18	18	19	19	19	18	18
LOC_1758	21	21	23	22	21	22	21	21
LOC_1759	17	17	18	19	19	17	17	17
LOC_1760	21	21	20	21	21	22	23	21
LOC_1761	22	23	24	24	25	24	23	23
LOC_1762	19	22	19	19	18	19	17	19
LOC_1763	17	17	17	17	17	18	18	17
LOC_1764	16	15	16	16	16	16	16	16
LOC_1765	20	22	21	21	21	23	23	21
LOC_1766	17	17	17	17	17	17	17	17
LOC_1767	21	21	18	19	19	19	19	21
LOC_1768	12	14	14	14	14	14	14	14
LOC_1769	18	18	18	18	18	16	18	18
LOC_1770	20	21	21	20	21	20	21	21
LOC_1771	18	19	20	20	20	19	19	18
LOC_1772	17	16	16	16	16	18	17	16
LOC_1773	20	20	20	21	20	20	18	20
LOC_1774	17	18	17	17	17	19	17	18
LOC_1775	18	18	18	18	18	17	18	18
LOC_1776	20	21	21	22	24	22	23	21
LOC_1777	16	16	16	16	16	16	16	16
LOC_1778	21	21	23	25	25	23	24	21
LOC_1779	18	19	19	21	19	22	19	18
LOC_1780	23	23	21	22	22	22	23	23
LOC_1781	21	21	21	21	21	20	21	21
LOC_1782	14	14	14	14	14	16	14	14
LOC_1783	21	21	19	19	19	20	20	21
LOC_1784	17	17	17	17	17	17	17	17
LOC_1785	19	19	17	17	17	17	17	17
LOC_1786	10	10	12	11	12	10	10	10
LOC_1787	13	13	13	13	13	13	13	13
LOC_1788	21	24	22	22	23	22	21	21
LOC_1789	23	24	22	22	25	22	22	25
LOC_1790	21	20	18	19	18	18	18	18
LOC_1791	11	11	11	11	11	13	11	11
LOC_1792	21	22	19	20	20	19	19	19
LOC_1793	17	16	16	16	18	16	16	16
LOC_1794	21	21	21	21	21	22	22	21
LOC_1795	16	16	18	16	16	16	16	16
LOC_1796	11	11	11	11	11	11	11	11
LOC_1797	17	17	16	18	18	17	17	17
LOC_1798	21	22	20	19	20	21	24	21
LOC_1799	16	18	16	16	16	16	16	16
LOC_1800	21	21	23	24	23	22	22	21
LOC_1801	21	21	21	22	22	21	23	21
LOC_1802	18	18	19	19	19	20	19	18
LOC_1803	17	17	17	17	17	17	17	17
LOC_1804	22	22	20	20	22	21	21	21
LOC_1805	18	17	17	18	18	17	17	18
LOC_1806	21	22	20	21	21	19	20	21
LOC_1807	21	21	21	22	22	23	20	21
LOC_1808	15	15	15	15	15	15	15	15
LOC_1809	21	21	22	20	20	21	21	21
LOC_1810	18	18	18	19	18	17	18	18
LOC_1811	26	25	24	23	24	25	24	25
LOC_1812	15	15	15	15	15	14	14	15
LOC_1813	13	14	14	14	14	14	14	14
LOC_1814	13	13	16	13	13	14	14	13
LOC_1815	15	15	15	15	15	15	15	15
LOC_1816	20	20	21	21	22	21	21	21
LOC_1817	15	15	15	15	15	15	15	15
LOC_1818	22	23	22	22	22	21	21	22
LOC_1819	18	18	18	17	17	18	18	18
LOC_1820	23	21	23	23	23	22	23	23
LOC_1821	16	16	17	19	19	20	16	17
LOC_1822	23	22	21	21	21	21	22	21
LOC_1823	16	16	16	16	16	17	16	16
LOC_1824	15	15	15	15	15	15	15	15
LOC_1825	21	21	24	24	24	22	23	21
LOC_1826	16	15	14	14	14	15	15	15
LOC_1827	24	24	24	23	21	24	23	23
LOC_1828	16	16	17	15	17	19	19	16
LOC_1829	12	12	12	12	12	12	12	12
LOC_1830	16	16	16	16	16	16	16	16
LOC_1831	17	17	17	17	18	17	17	17
LOC_1832	15	15	15	15	15	15	15	15
LOC_1833	23	21	21	21	23	21	21	21
LOC_1834	17	17	17	18	17	17	17	17
LOC_1835	16	15	16	15	15	15	15	15
LOC_1836	17	17	17	18	18	17	17	17
LOC_1837	20	19	19	19	19	19	19	19
LOC_1838	13	13	13	13	15	13	13	13
LOC_1839	20	20	19	19	18	21	20	20
LOC_1840	19	19	18	18	18	18	18	18
LOC_1841	15	15	13	13	13	13	13	13
LOC_1842	17	17	17	17	17	17	17	17
LOC_1843	20	20	21	21	21	20	20	21
LOC_1844	21	21	28	27	28	22	22	21
LOC_1845	11	11	13	13	13	13	13	13
LOC_1846	23	23	23	22	21	23	25	21
LOC_1847	16	16	16	16	16	16	16	16
LOC_1848	19	19	18	18	18	15	18	18
LOC_1849	14	13	11	11	11	13	13	13
LOC_1850	16	16	16	16	16	19	16	16
LOC_1851	20	22	21	21	21	21	21	21
LOC_1852	20	20	20	19	20	19	19	19
LOC_1853	12	12	12	12	13	12	12	12
LOC_1854	21	21	22	20	22	22	22	21
LOC_1855	18	20	18	19	18	18	19	18
LOC_1856	14	12	14	14	14	14	14	14
LOC_1857	17	16	17	17	19	17	17	17
LOC_1858	15	15	17	17	17	17	17	15
LOC_1859	17	17	19	19	19	18	17	17
LOC_1860	16	16	17	18	18	17	17	17
LOC_1861	19	18	18	19	19	18	18	18
LOC_1862	20	20	21	21	22	22	21	21
LOC_1863	14	14	14	14	16	12	14	14
LOC_1864	14	14	14	14	14	14	14	14
LOC_1865	14	14	13	13	13	13	13	14
LOC_1866	13	14	14	16	14	14	14	14
LOC_1867	21	21	22	23	23	21	21	21
LOC_1868	18	18	17	18	18	18	18	18
LOC_1869	18	20	18	18	18	18	18	18
LOC_1870	14	14	14	14	14	14	14	14
LOC_1871	19	19	19	19	19	19	20	19
LOC_1872	19	19	18	18	18	24	24	19
LOC_1873	16	15	15	15	15	17	18	15
LOC_1874	15	15	15	15	15	15	15	15
LOC_1875	17	15	16	17	19	17	17	17
LOC_1876	15	15	17	16	16	15	16	15
LOC_1877	22	22	22	21	22	22	22	21
LOC_1878	19	19	17	17	17	18	18	19
LOC_1879	22	22	19	20	19	19	19	22
LOC_1880	14	14	14	13	13	13	14	14
LOC_1881	16	16	16	16	16	16	16	16
LOC_1882	19	18	22	23	19	16	16	18
LOC_1883	20	20	20	20	20	21	20	20
LOC_1884	16	17	17	17	17	16	14	16
LOC_1885	18	18	17	17	19	18	16	18
LOC_1886	18	18	17	17	17	17	18	18
LOC_1887	17	17	17	17	17	17	17	17
LOC_1888	24	23	22	23	22	22	21	22
LOC_1889	18	18	18	18	18	18	18	18
LOC_1890	19	17	17	17	17	17	17	17
LOC_1891	14	14	14	14	14	14	14	14
LOC_1892	13	13	13	13	13	13	13	13
LOC_1893	21	21	21	21	21	21	21	21
LOC_1894	17	17	17	17	17	17	17	17
LOC_1895	18	17	18	18	17	16	16	18
LOC_1896	24	22	21	20	21	21	21	22
LOC_1897	13	14	12	13	13	13	13	13
LOC_1898	14	14	15	15	15	14	14	14
LOC_1899	15	18	16	16	16	16	16	16
LOC_1900	20	19	20	19	19	21	21	20
LOC_1901	13	12	16	16	17	16	16	16
LOC_1902	18	18	17	17	17	16	16	18
LOC_1903	21	22	19	19	19	19	19	20
LOC_1904	22	22	21	22	22	19	21	21
LOC_1905	19	19	20	21	21	22	22	20
LOC_1906	16	17	17	15	15	16	16	16
LOC_1907	22	21	25	23	27	26	27	21
LOC_1908	21	21	23	21	22	23	20	21
LOC_1909	16	16	16	16	16	16	16	16
LOC_1910	16	16	16	16	16	16	16	16
LOC_1911	17	17	16	16	16	18	17	17
LOC_1912	21	21	19	18	17	19	19	21
LOC_1913	22	22	21	21	22	19	19	22
LOC_1914	22	22	22	22	21	20	20	20
LOC_1915	21	20	21	21	21	23	22	21
LOC_1916	8	8	8	8	8	8	8	8
LOC_1917	20	20	18	18	18	18	18	20
LOC_1918	18	19	19	19	18	20	19	19
LOC_1919	21	21	22	22	22	20	20	20
LOC_1920	23	24	24	23	23	22	22	23
LOC_1921	15	15	15	15	16	15	15	15
LOC_1922	15	15	13	13	13	13	14	13
LOC_1923	20	23	20	19	19	19	20	20
LOC_1924	20	20	22	23	22	21	21	20
LOC_1925	23	22	22	21	21	22	23	22
LOC_1926	17	17	17	18	19	17	17	17
LOC_1927	15	15	16	15	15	15	15	15
LOC_1928	19	19	19	19	19	19	19	19
LOC_1929	21	21	21	23	21	21	21	23
LOC_1930	20	21	19	19	19	20	21	20
LOC_1931	14	14	16	16	17	16	16	16
LOC_1932	14	14	14	14	14	14	14	14
LOC_1933	16	19	16	16	16	16	16	16
LOC_1934	19	21	20	20	21	20	22	20
LOC_1935	18	18	19	19	19	18	18	18
LOC_1936	18	18	19	22	18	17	20	18
LOC_1937	14	14	14	14	14	14	14	14
LOC_1938	21	21	20	21	20	19	19	19
LOC_1939	20	19	18	16	17	20	19	19
LOC_1940	22	22	22	23	22	22	22	22
LOC_1941	11	12	12	12	12	13	12	12
LOC_1942	21	20	19	20	20	20	21	20
LOC_1943	22	21	21	21	21	21	20	21
LOC_1944	20	24	23	23	23	23	22	23
LOC_1945	17	17	18	17	17	17	17	17
LOC_1946	21	19	19	17	20	20	19	20
LOC_1947	20	22	20	20	20	21	22	20
LOC_1948	21	21	22	23	24	20	22	21
LOC_1949	15	15	18	18	18	16	16	15
LOC_1950	27	28	28	28	27	27	27	27
LOC_1951	19	19	18	15	18	18	18	18
LOC_1952	19	19	21	21	21	20	20	20
LOC_1953	19	20	20	20	18	20	20	20
LOC_1954	15	14	15	14	15	15	15	14
LOC_1955	15	15	14	14	13	14	14	14
LOC_1956	13	14	13	13	13	13	13	13
LOC_1957	20	20	22	24	24	22	21	20
LOC_1958	20	20	19	20	20	20	20	20
LOC_1959	17	17	18	18	19	18	18	17
LOC_1960	16	16	13	10	10	14	14	14
LOC_1961	17	13	16	16	16	18	19	16
LOC_1962	21	21	20	21	21	19	19	20
LOC_1963	15	15	15	15	15	16	15	15
LOC_1964	18	19	20	19	19	18	20	18
LOC_1965	14	14	14	15	15	14	14	14
LOC_1966	20	19	20	19	19	22	24	20
LOC_1967	16	16	16	16	16	16	16	16
LOC_1968	19	18	20	20	20	20	20	20
LOC_1969	17	20	17	17	17	18	19	17
LOC_1970	22	23	22	22	24	21	23	23
LOC_1971	18	18	16	16	16	18	18	18
LOC_1972	20	20	20	20	20	19	19	18
LOC_1973	18	18	18	18	18	18	18	18
LOC_1974	14	15	15	14	14	14	14	14
LOC_1975	17	18	19	19	19	17	17	17
LOC_1976	20	21	20	20	20	21	22	21
LOC_1977	14	14	16	15	14	14	14	14
LOC_1978	18	18	16	16	16	14	14	16
LOC_1979	21	21	23	24	23	23	21	22
LOC_1980	14	16	14	14	14	14	14	14
LOC_1981	14	14	14	15	15	12	15	14
LOC_1982	17	17	17	17	17	17	17	17
LOC_1983	20	19	19	20	20	19	20	20
LOC_1984	19	19	19	20	19	20	18	20
LOC_1985	20	18	20	20	20	20	20	20
LOC_1986	15	15	15	14	15	15	15	15
LOC_1987	21	20	21	21	24	20	20	20
LOC_1988	13	13	13	13	13	13	13	13
LOC_1989	21	20	20	20	20	19	20	20
LOC_1990	21	22	19	21	21	22	22	20
LOC_1991	20	20	20	21	20	20	20	20
LOC_1992	17	18	18	17	17	17	17	17
LOC_1993	15	15	16	16	15	18	16	16
LOC_1994	29	28	28	26	24	27	26	27
LOC_1995	22	22	21	22	20	22	22	21
LOC_1996	19	19	20	20	21	20	20	20
LOC_1997	21	20	21	20	20	21	22	20
LOC_1998	18	18	18	18	18	18	18	18
LOC_1999	17	17	17	17	17	16	17	17
LOC_2000	13	13	15	13	13	13	12	13
LOC_2001	16	17	17	17	17	17	17	17
LOC_2002	22	22	20	19	20	20	20	20
LOC_2003	19	19	20	16	16	21	23	20
LOC_2004	23	23	24	21	21	22	22	23
LOC_2005	19	17	13	13	13	13	13	13
LOC_2006	20	20	19	19	19	19	19	20
LOC_2007	20	20	23	24	23	20	20	20
LOC_2008	16	14	14	13	13	14	14	14
LOC_2009	20	17	17	18	17	20	21	18
LOC_2010	19	19	20	20	20	19	19	19
LOC_2011	20	20	20	21	21	20	20	20
LOC_2012	16	16	16	16	16	17	17	16
LOC_2013	19	19	22	22	21	20	20	20
LOC_2014	21	21	23	24	23	23	23	21
LOC_2015	19	18	20	22	21	18	18	19
LOC_2016	18	19	18	18	20	18	18	18
LOC_2017	19	19	20	20	20	19	19	19
LOC_2018	15	16	15	16	16	16	16	15
LOC_2019	21	21	21	20	20	22	20	20
LOC_2020	31	32	28	28	28	28	28	29
LOC_2021	18	18	18	19	19	18	18	18
LOC_2022	18	18	20	21	21	18	18	18
LOC_2023	14	15	15	17	17	16	15	15
LOC_2024	21	22	24	25	24	24	24	23
LOC_2025	16	16	17	18	17	16	17	16
LOC_2026	20	20	22	21	21	23	23	22
LOC_2027	20	20	21	19	19	19	19	20
LOC_2028	14	14	15	15	15	15	13	14
LOC_2029	20	20	20	20	20	22	20	20
LOC_2030	17	17	18	18	18	18	18	17
LOC_2031	16	16	17	17	17	17	17	17
LOC_2032	23	25	24	23	23	23	23	23
LOC_2033	20	21	21	20	21	19	19	20
LOC_2034	19	19	19	19	18	19	19	19
LOC_2035	22	22	20	20	20	20	20	20
LOC_2036	13	13	13	13	13	12	13	13
LOC_2037	19	21	18	18	19	20	19	20
LOC_2038	20	20	22	22	23	21	21	20
LOC_2039	21	20	19	19	19	19	17	20
LOC_2040	20	19	20	20	20	19	20	20
LOC_2041	15	15	15	15	16	15	15	15
LOC_2042	7	8	7	7	7	7	7	7
LOC_2043	20	19	20	17	20	20	21	18
LOC_2044	13	13	13	14	15	13	13	13
LOC_2045	22	21	21	20	23	21	21	20
LOC_2046	17	17	16	17	17	19	16	17
LOC_2047	24	23	22	22	22	23	24	23
LOC_2048	19	20	20	20	20	20	18	20
