names	Run1_C_3	Run1_C_5	Run1_C_11	Run1_C_12	Run1_C_13	Run1_C_14	Run1_C_16	Run1_C_17	Run1_C_18	Run1_C_19	root
LOC_1	19	21	18	18	18	17	19	19	18	17	19
LOC_2	19	21	21	19	22	21	21	23	22	21	20
LOC_3	7	8	7	7	7	7	7	7	7	7	7
LOC_4	7	7	8	7	7	7	7	8	7	7	7
LOC_5	7	5	7	7	7	7	7	7	7	7	7
LOC_6	16	16	16	16	16	16	16	16	16	16	16
LOC_7	14	13	13	13	13	13	13	13	13	13	13
LOC_8	22	22	19	20	21	21	23	22	22	22	22
LOC_9	15	15	15	15	15	16	15	15	15	15	15
LOC_10	17	17	18	18	19	17	17	17	17	17	17
LOC_11	24	24	20	24	23	28	26	25	26	27	23
LOC_12	17	18	17	17	15	18	18	18	17	17	17
LOC_13	17	15	17	17	16	17	17	17	17	17	17
LOC_14	18	18	17	17	18	18	16	19	18	18	18
LOC_15	25	25	27	26	26	26	24	24	27	28	27
LOC_16	14	14	14	14	14	15	14	12	14	14	14
LOC_17	16	15	17	20	19	15	14	14	17	16	15
LOC_18	23	23	22	22	25	22	24	23	23	25	23
LOC_19	22	24	22	22	21	24	21	22	25	23	22
LOC_20	15	15	15	16	16	16	16	16	16	16	15
LOC_21	13	13	13	13	13	13	13	13	13	13	13
LOC_22	21	23	21	22	22	20	21	21	22	22	21
LOC_23	16	15	15	14	15	16	15	15	16	16	16
LOC_24	23	23	20	21	20	22	26	25	22	22	23
LOC_25	22	22	23	22	22	22	24	25	24	23	22
LOC_26	15	15	16	16	16	16	16	17	16	17	15
LOC_27	16	17	19	18	16	17	16	17	17	17	17
LOC_28	21	22	22	22	24	23	20	21	23	22	21
LOC_29	27	25	26	29	28	26	28	27	24	31	25
LOC_30	19	19	18	19	20	17	19	19	20	20	19
LOC_31	26	26	28	25	25	25	25	26	26	25	26
LOC_32	20	22	21	20	20	21	23	24	21	22	20
LOC_33	15	15	15	15	16	15	14	14	16	16	15
LOC_34	16	14	14	14	14	14	14	14	14	14	14
LOC_35	20	19	21	22	21	20	19	19	21	21	19
LOC_36	20	20	20	20	20	20	19	20	20	21	20
LOC_37	21	22	23	23	23	22	23	23	22	22	21
LOC_38	15	12	12	13	13	12	12	12	12	12	16
LOC_39	20	21	20	20	19	20	21	20	21	21	20
LOC_40	14	14	14	15	15	14	14	15	14	14	14
LOC_41	17	21	24	23	23	22	22	22	21	21	21
LOC_42	21	20	19	19	19	19	20	20	20	18	21
LOC_43	18	18	20	20	20	20	20	20	20	22	18
LOC_44	18	18	18	18	18	19	18	18	21	21	18
LOC_45	18	18	17	17	17	18	18	18	17	17	18
LOC_46	20	20	23	23	25	23	21	20	24	24	20
LOC_47	15	14	16	17	16	11	11	13	12	12	15
LOC_48	17	17	20	20	20	20	18	19	19	19	17
LOC_49	15	16	15	16	15	15	16	16	17	13	15
LOC_50	16	18	16	15	15	17	20	20	17	16	16
LOC_51	20	20	21	21	22	21	21	21	21	20	20
LOC_52	21	18	19	19	19	17	19	18	17	16	19
LOC_53	23	22	22	22	23	24	23	23	25	27	23
LOC_54	20	20	23	24	23	22	20	20	22	22	20
LOC_55	20	20	19	19	20	20	21	18	19	19	20
LOC_56	19	19	20	20	20	20	20	19	20	20	19
LOC_57	26	27	21	22	22	21	23	23	20	20	23
LOC_58	21	21	22	21	21	19	20	20	18	19	21
LOC_59	9	9	8	8	8	10	8	8	10	10	9
LOC_60	20	20	21	21	20	20	19	19	20	20	20
LOC_61	24	26	22	23	23	23	26	26	23	23	24
LOC_62	18	18	18	20	20	19	17	17	19	19	18
LOC_63	17	19	17	18	17	17	16	16	17	17	17
LOC_64	17	17	17	17	17	16	17	17	16	16	17
