names	Run1_C_12	Run1_C_16	Run1_C_18	Run1_C_21	Run1_C_22	Run1_C_23	Run1_C_24	Run1_C_25	Run1_C_26	Run1_C_29	Run1_C_31	Run1_C_32	Run1_C_33	Run1_C_34	Run1_C_35	Run1_C_36	Run1_C_37	Run1_C_38	Run1_C_40	Run1_C_41	Run1_C_42	Run1_C_43	root
LOC_1	19	18	17	19	19	19	20	20	15	19	20	18	18	19	19	19	19	20	20	19	20	19	19
LOC_2	19	22	21	21	21	21	22	22	22	22	22	21	21	19	19	21	21	21	23	23	20	21	20
LOC_3	7	7	7	7	7	7	7	7	7	7	7	7	7	7	7	7	7	7	7	7	7	7	7
LOC_4	7	7	7	7	8	7	7	7	7	7	9	7	7	7	7	7	7	9	7	7	9	9	7
LOC_5	8	7	7	7	7	7	7	7	7	8	7	8	8	7	7	7	7	7	7	7	7	7	7
LOC_6	19	15	16	17	18	18	18	19	19	16	15	19	19	15	15	18	16	15	19	18	15	15	16
LOC_7	13	14	14	15	13	13	15	13	13	13	15	13	13	13	13	15	15	13	13	13	16	14	13
LOC_8	20	21	18	20	19	19	22	22	21	21	21	20	20	21	21	22	22	21	22	22	21	22	22
LOC_9	16	15	15	15	15	14	15	15	15	15	15	16	16	15	16	15	15	16	15	15	16	16	15
LOC_10	17	18	19	18	19	17	17	16	17	17	20	17	17	17	19	18	18	18	17	17	18	18	17
LOC_11	23	24	24	24	23	23	21	23	22	24	23	23	24	24	23	24	24	24	22	22	23	23	23
LOC_12	17	18	18	18	19	15	17	17	17	19	20	17	17	18	19	18	18	20	18	18	20	20	17
LOC_13	17	18	18	19	18	17	16	16	16	18	18	17	17	17	17	19	19	18	16	16	18	16	17
LOC_14	19	17	17	17	18	17	18	18	20	17	17	19	19	18	18	16	18	17	18	18	17	17	18
LOC_15	29	27	25	22	25	25	28	27	27	27	27	28	28	27	27	25	26	26	27	29	26	24	27
LOC_16	17	15	14	14	14	14	14	14	13	14	14	13	13	14	14	14	14	14	13	13	13	13	14
LOC_17	15	15	15	17	15	17	15	15	15	15	15	15	15	17	17	16	16	15	15	15	14	17	15
LOC_18	25	24	23	24	24	24	25	25	22	24	24	23	23	23	23	22	23	24	24	22	23	23	23
LOC_19	21	23	23	23	20	20	20	20	20	23	23	21	21	23	23	25	25	22	18	20	23	23	22
LOC_20	14	15	15	17	14	15	14	14	14	15	15	14	14	15	15	17	17	15	11	11	15	15	15
LOC_21	14	12	13	13	14	14	14	14	14	12	12	13	13	13	13	13	13	12	14	14	12	12	13
LOC_22	19	20	20	21	24	22	19	19	19	21	21	19	19	19	20	21	21	21	18	18	20	21	21
LOC_23	16	17	17	16	16	16	15	15	16	17	17	16	17	16	16	16	16	17	20	20	17	18	16
LOC_24	23	20	21	22	22	23	24	20	24	22	21	23	23	25	23	23	23	21	23	24	22	22	23
LOC_25	22	21	22	21	22	22	22	22	25	20	20	23	24	22	23	22	22	20	22	22	19	21	22
LOC_26	15	15	15	15	15	15	15	15	15	15	15	15	15	16	14	15	15	15	14	15	15	15	15
LOC_27	16	18	17	17	18	17	16	14	16	18	18	17	17	17	17	17	16	18	15	17	18	18	17
LOC_28	23	22	21	21	22	22	22	23	22	22	24	21	22	22	21	21	21	24	22	23	20	21	21
LOC_29	24	27	26	31	21	22	24	27	22	30	28	27	28	25	24	31	33	29	25	24	31	31	25
LOC_30	19	16	17	19	19	19	20	19	16	16	16	19	19	18	18	19	19	16	19	19	16	16	19
LOC_31	26	24	30	27	25	24	25	25	26	25	26	26	25	28	27	27	27	23	23	27	26	23	26
LOC_32	20	21	21	22	19	19	20	22	20	21	22	20	20	19	20	23	23	21	22	19	22	22	20
LOC_33	14	15	15	15	15	17	15	15	16	15	15	15	15	16	15	15	15	15	17	17	15	15	15
LOC_34	15	14	14	14	15	15	17	15	17	14	14	15	15	14	14	14	14	14	14	14	14	14	14
LOC_35	20	18	18	18	22	21	20	20	19	18	18	20	20	16	18	17	17	17	19	18	17	17	19
LOC_36	21	20	18	18	21	21	22	21	22	19	19	21	21	21	22	19	19	20	22	23	19	20	20
LOC_37	19	21	20	21	20	20	21	20	20	20	20	20	20	20	20	21	22	18	19	20	20	20	21
LOC_38	16	16	16	15	18	16	15	15	17	16	15	16	16	15	16	13	15	16	17	17	16	16	16
LOC_39	20	20	19	20	20	20	20	21	20	22	20	20	20	19	19	20	20	20	22	23	20	20	20
LOC_40	15	13	13	13	15	15	15	15	15	13	13	15	15	15	15	13	14	13	15	15	13	14	14
LOC_41	20	22	21	20	20	19	22	22	20	22	21	19	19	21	21	22	21	20	19	19	19	19	21
LOC_42	21	21	21	23	20	20	18	21	19	22	23	20	21	21	21	21	18	26	20	20	24	26	21
LOC_43	18	18	18	19	21	21	22	22	19	18	18	18	18	18	18	21	20	18	19	19	18	20	18
LOC_44	18	18	18	18	20	19	19	19	19	18	17	18	18	15	15	18	18	17	20	20	17	17	18
LOC_45	19	19	20	19	18	18	19	18	18	19	19	19	19	19	18	19	19	19	21	21	19	19	18
LOC_46	20	20	21	23	20	20	21	20	20	21	22	22	21	21	19	22	22	21	21	20	21	21	20
LOC_47	15	16	14	14	15	15	16	15	15	14	14	15	15	14	14	14	14	15	16	15	14	14	15
LOC_48	17	17	16	16	17	17	17	16	16	17	16	17	17	17	17	16	16	16	16	16	17	16	17
LOC_49	15	15	15	15	14	15	15	15	16	13	15	15	15	15	14	14	13	16	16	18	15	15	15
LOC_50	17	16	15	16	15	15	17	17	17	18	21	19	17	17	15	16	13	18	17	17	20	21	16
LOC_51	20	21	21	21	20	20	20	20	19	21	22	20	22	23	21	21	21	21	23	21	20	21	20
LOC_52	21	18	19	20	19	19	21	21	19	18	18	19	19	19	19	20	20	17	19	19	16	16	19
LOC_53	23	22	20	20	22	23	26	23	24	23	20	23	23	22	25	20	20	21	24	23	18	25	23
LOC_54	20	21	19	19	21	21	19	20	19	20	21	19	19	20	20	17	19	23	19	19	21	21	20
LOC_55	20	19	19	19	19	20	20	20	21	19	19	20	20	19	21	19	18	18	21	19	17	17	20
LOC_56	18	18	19	19	19	19	19	19	19	18	18	19	19	20	19	19	19	19	19	19	18	19	19
LOC_57	25	22	24	23	24	23	23	23	23	22	22	24	25	22	22	25	24	22	23	23	22	22	23
LOC_58	21	21	20	21	22	21	21	23	22	26	23	21	21	21	21	20	20	24	23	23	25	23	21
LOC_59	9	11	11	11	9	9	9	9	10	12	12	9	9	9	9	12	11	12	9	9	12	12	9
LOC_60	20	21	23	22	20	20	20	20	21	19	22	20	20	22	21	23	23	21	21	20	20	20	20
LOC_61	25	24	24	25	24	25	24	23	26	25	24	26	26	24	24	24	24	23	25	26	24	24	24
LOC_62	20	17	16	19	22	18	19	19	19	17	17	20	20	17	20	17	18	16	19	21	17	17	18
LOC_63	17	20	20	22	17	17	17	17	17	22	21	18	20	20	20	20	20	21	17	17	21	21	17
LOC_64	18	16	18	18	18	19	18	18	18	16	16	18	18	19	18	18	18	16	19	18	16	16	17
LOC_65	16	16	17	15	17	17	17	17	16	16	16	15	17	16	17	15	15	16	16	20	16	16	17
LOC_66	17	23	20	20	20	21	19	20	20	23	24	18	18	22	21	20	20	24	21	20	21	23	21
LOC_67	20	23	23	23	27	25	24	23	24	24	23	21	21	22	21	21	23	22	24	23	21	20	22
LOC_68	16	17	16	16	16	16	16	16	16	17	17	16	16	17	16	15	15	16	16	17	16	16	16
LOC_69	21	20	20	19	21	21	20	19	21	20	20	21	23	22	21	20	19	20	24	22	20	20	21
LOC_70	26	22	20	20	23	25	23	23	24	22	23	25	24	24	24	21	20	21	22	25	20	22	23
LOC_71	18	15	17	17	16	16	18	17	17	15	15	19	19	15	16	19	18	15	19	17	13	13	16
LOC_72	22	19	22	20	22	21	21	21	24	20	20	22	22	20	19	21	21	19	23	25	19	19	20
LOC_73	19	19	20	20	19	19	23	23	23	19	19	20	19	19	20	20	21	19	22	24	19	19	19
LOC_74	20	24	22	23	23	23	23	24	23	23	22	22	22	22	21	22	22	24	22	21	24	25	22
LOC_75	26	19	19	19	29	26	25	26	26	18	19	25	25	23	23	19	19	19	28	27	19	18	23
LOC_76	21	20	25	23	22	22	23	23	23	22	23	22	22	26	25	25	25	23	22	23	23	25	21
LOC_77	14	14	15	15	16	16	13	13	13	14	14	13	13	14	14	15	15	14	13	13	14	14	14
LOC_78	21	22	22	22	22	23	23	21	22	22	24	23	22	22	22	22	22	24	21	20	25	25	22
LOC_79	15	15	15	15	15	15	14	15	15	15	14	15	15	17	17	16	16	16	14	14	17	17	15
LOC_80	22	22	23	24	28	26	22	22	22	23	25	22	22	24	22	22	22	27	22	22	26	26	24
LOC_81	16	16	16	16	16	16	16	16	17	16	16	16	16	16	16	16	15	16	18	17	17	16	16
LOC_82	21	22	22	23	22	25	22	22	23	23	27	22	22	25	22	24	23	29	23	24	27	28	20
LOC_83	19	18	18	17	18	18	18	20	18	18	17	19	20	18	18	22	22	19	18	19	17	18	18
LOC_84	17	16	16	18	15	15	15	15	15	16	16	17	17	16	16	17	16	16	14	15	16	16	16
LOC_85	19	22	21	19	21	22	20	21	21	21	19	21	19	21	21	21	21	19	21	21	20	20	21
LOC_86	16	17	17	17	16	17	16	16	17	18	17	17	17	14	17	18	17	19	17	17	17	17	16
LOC_87	21	20	19	19	20	20	20	18	17	21	20	18	20	19	19	21	20	21	19	19	21	20	20
LOC_88	22	23	23	22	24	25	24	24	23	20	22	24	22	23	23	23	22	21	25	25	21	21	22
LOC_89	30	28	29	30	28	25	29	28	28	30	31	31	28	27	27	28	29	28	31	29	29	27	26
LOC_90	20	20	19	20	19	22	20	19	20	20	20	20	20	21	19	19	19	18	21	20	19	18	20
LOC_91	17	20	17	18	17	17	17	17	17	19	21	17	17	17	16	18	19	19	17	17	21	20	17
LOC_92	20	19	18	17	17	19	18	21	20	20	20	23	21	19	20	17	17	20	20	21	19	19	19
LOC_93	11	15	15	15	12	12	11	11	11	15	15	11	11	12	12	15	18	15	11	11	15	14	12
LOC_94	15	15	16	19	15	15	15	15	16	15	15	16	15	15	15	19	18	15	13	15	15	15	15
LOC_95	13	13	16	14	14	14	13	13	13	13	13	13	13	13	14	14	14	13	13	13	16	16	13
LOC_96	20	22	21	21	20	20	22	22	19	21	21	20	20	22	21	21	21	23	19	19	23	23	20
LOC_97	20	20	22	21	21	20	20	19	22	20	21	20	20	20	20	20	20	21	21	20	21	21	20
LOC_98	15	15	15	17	15	15	15	15	15	15	15	15	15	15	15	17	17	16	15	15	16	16	15
LOC_99	17	16	16	15	17	18	16	16	18	17	16	17	17	17	17	14	13	16	16	16	16	16	16
LOC_100	14	14	14	14	14	14	14	14	14	14	14	14	15	15	14	18	18	14	14	14	14	14	14
