names	Run1_C_8	Run1_C_10	Run1_C_13	Run1_C_15	Run1_C_17	Run1_C_19	Run1_C_20	Run1_C_22	Run1_C_23	Run1_C_25	Run1_C_26	Run1_C_27	Run1_C_29	Run1_C_30	Run1_C_31	Run1_C_32	Run1_C_33	root
LOC_1	18	19	21	20	20	21	19	20	20	20	17	19	20	22	22	20	20	19
LOC_2	20	20	20	19	20	20	20	20	20	19	20	20	20	20	20	20	19	20
LOC_3	7	7	7	7	7	7	7	7	7	7	7	7	7	7	7	9	7	7
LOC_4	6	6	6	6	6	6	7	6	6	6	7	7	6	6	6	6	6	7
LOC_5	7	7	7	7	7	7	7	7	7	7	7	7	7	7	7	7	7	7
LOC_6	15	17	17	15	15	15	18	15	15	15	18	18	15	16	17	15	15	16
LOC_7	14	14	14	13	13	13	13	13	13	13	13	13	13	14	14	13	13	13
LOC_8	21	22	21	24	21	21	22	22	20	24	22	23	24	21	22	24	25	22
LOC_9	15	14	15	14	14	14	15	17	16	15	16	15	14	14	15	15	15	15
LOC_10	17	17	17	17	18	17	17	17	18	15	18	18	17	17	17	17	17	17
LOC_11	22	22	22	23	22	22	23	22	22	20	22	22	22	20	21	22	21	23
LOC_12	17	18	18	20	17	19	17	17	17	15	18	18	17	19	19	19	19	17
LOC_13	16	17	17	17	17	16	17	17	17	17	17	17	17	17	17	17	18	17
LOC_14	18	18	18	18	18	18	18	18	18	16	18	18	19	18	18	16	16	18
LOC_15	26	28	26	31	26	25	27	26	25	26	28	27	27	26	26	26	27	27
LOC_16	14	14	14	14	14	14	14	14	14	15	14	14	14	14	14	14	14	14
LOC_17	15	15	15	15	16	15	15	15	15	15	15	15	15	15	15	15	15	15
LOC_18	20	23	23	23	21	25	23	22	26	23	23	25	23	22	22	25	24	23
LOC_19	23	22	21	21	24	22	25	23	22	20	25	21	20	22	22	21	19	22
LOC_20	17	16	16	19	17	16	15	17	18	15	16	15	15	16	16	15	15	15
LOC_21	13	13	13	13	13	13	13	13	13	14	13	13	13	13	14	13	13	13
LOC_22	21	21	21	21	22	21	21	23	23	18	21	21	19	21	21	19	19	21
LOC_23	16	18	18	17	16	18	15	16	16	17	17	16	13	17	17	13	13	16
LOC_24	24	20	23	24	23	23	24	23	21	24	24	24	23	24	24	22	23	23
LOC_25	23	22	22	21	22	22	22	22	23	20	23	23	21	22	23	21	21	22
LOC_26	15	13	13	13	15	13	15	15	15	12	16	15	14	13	13	14	14	15
LOC_27	17	17	17	17	17	17	17	17	17	17	17	17	17	18	16	17	17	17
LOC_28	21	21	21	21	20	21	21	21	21	23	18	21	23	21	20	24	23	21
LOC_29	25	24	25	25	24	24	24	25	26	24	24	23	24	24	25	24	24	25
LOC_30	19	17	18	19	20	18	19	19	20	18	19	20	17	20	19	19	19	19
LOC_31	26	28	28	29	25	33	26	24	24	28	26	28	28	29	28	28	27	26
LOC_32	19	21	20	21	23	19	20	20	20	21	20	20	21	19	19	21	21	20
LOC_33	15	17	19	14	15	18	15	15	15	17	13	14	17	18	18	19	19	15
LOC_34	15	14	13	14	15	13	14	15	15	20	12	14	12	12	13	14	14	14
LOC_35	19	20	15	18	21	16	19	19	19	18	19	19	18	16	16	18	18	19
LOC_36	19	19	18	19	19	18	20	19	19	18	20	19	19	19	19	19	19	20
LOC_37	20	20	19	21	21	20	21	19	19	20	21	24	19	20	20	20	21	21
LOC_38	16	16	15	16	16	16	16	16	17	14	14	16	16	16	16	16	16	16
LOC_39	17	21	22	20	21	22	23	21	21	20	22	22	21	22	21	21	21	20
LOC_40	14	15	15	16	14	15	15	14	14	16	14	14	15	16	16	15	15	14
LOC_41	23	22	21	22	23	22	22	25	25	23	25	26	26	21	25	25	26	21
LOC_42	21	19	19	19	21	19	21	21	21	19	20	21	19	19	19	19	19	21
LOC_43	18	21	19	18	18	19	18	18	18	18	18	18	18	19	19	17	17	18
LOC_44	18	18	18	18	18	18	18	19	18	19	17	18	19	15	15	19	20	18
LOC_45	21	21	20	21	21	21	18	21	21	19	18	18	21	21	21	21	21	18
LOC_46	20	20	20	20	21	20	20	19	21	18	21	21	19	22	23	20	19	20
LOC_47	14	13	13	15	14	13	15	14	14	15	15	15	14	13	13	15	16	15
LOC_48	17	17	16	17	17	18	17	17	17	17	17	17	17	17	17	18	17	17
LOC_49	15	15	15	15	15	17	15	15	13	15	15	17	15	16	16	15	15	15
LOC_50	16	17	17	14	16	16	16	16	16	13	16	16	15	16	16	15	15	16
LOC_51	20	21	23	20	20	25	19	19	19	21	18	18	21	19	19	21	22	20
LOC_52	19	18	18	19	19	18	19	20	20	20	19	19	21	18	18	19	19	19
LOC_53	22	21	19	22	23	21	23	24	25	21	23	23	23	21	21	21	24	23
LOC_54	19	19	16	19	18	17	20	18	20	19	20	20	21	17	17	23	21	20
LOC_55	18	20	20	19	18	20	20	17	17	21	20	21	21	20	18	19	21	20
LOC_56	18	19	19	19	19	19	18	20	19	20	18	18	18	20	19	18	18	19
LOC_57	22	22	19	21	23	20	23	22	22	21	23	23	23	20	20	21	22	23
LOC_58	24	21	20	21	23	20	21	25	26	21	21	21	21	19	20	21	20	21
LOC_59	9	9	9	9	9	9	8	9	9	9	9	9	9	9	9	9	9	9
LOC_60	21	22	21	21	21	21	20	21	21	22	24	23	25	20	20	21	21	20
LOC_61	27	26	26	27	27	27	22	26	26	25	22	22	24	25	26	25	25	24
LOC_62	17	17	17	17	23	17	17	23	23	19	19	16	17	16	17	17	17	18
LOC_63	17	17	18	16	17	18	17	17	19	16	17	17	16	18	18	16	15	17
LOC_64	21	17	17	18	17	17	17	18	17	18	17	17	17	17	17	17	17	17
LOC_65	17	17	19	16	18	19	17	17	17	16	17	17	16	19	18	16	16	17
LOC_66	21	19	19	21	21	19	21	21	19	17	21	20	20	19	19	20	20	21
LOC_67	22	21	24	26	20	20	24	20	20	23	24	22	25	21	22	24	25	22
LOC_68	16	16	16	16	16	16	16	16	16	16	16	16	16	16	16	16	16	16
LOC_69	19	21	23	20	20	21	20	19	19	23	23	24	20	25	23	23	24	21
LOC_70	22	23	24	22	21	23	22	22	26	23	26	25	24	24	24	26	27	23
LOC_71	15	20	18	18	16	18	16	16	17	18	16	17	18	17	18	19	18	16
LOC_72	20	21	20	20	20	20	18	20	20	21	19	18	20	20	20	20	20	20
LOC_73	19	19	21	19	23	21	20	21	22	19	18	19	19	21	19	19	19	19
LOC_74	24	24	24	24	24	24	22	23	24	22	22	22	22	24	23	19	19	22
LOC_75	24	21	21	20	23	21	23	23	23	23	25	27	24	21	21	22	25	23
LOC_76	23	26	27	26	22	26	21	22	22	27	21	21	26	24	23	26	26	21
LOC_77	14	14	14	14	14	14	14	14	14	14	14	14	14	14	14	15	14	14
LOC_78	24	24	24	26	25	24	21	25	25	24	22	22	24	23	26	24	23	22
LOC_79	15	17	15	16	15	15	15	17	17	14	14	15	15	15	16	15	15	15
LOC_80	24	24	25	24	24	25	24	23	23	25	24	24	26	25	24	24	25	24
LOC_81	16	16	16	17	16	16	16	16	16	17	16	16	16	15	15	16	16	16
LOC_82	22	20	19	20	21	19	20	21	21	20	20	20	20	19	20	20	20	20
LOC_83	17	18	18	17	17	17	18	21	19	16	18	18	17	18	18	16	15	18
LOC_84	16	16	16	16	16	15	16	16	17	16	16	16	16	16	17	16	16	16
LOC_85	21	21	21	22	22	21	20	21	21	21	23	20	19	21	22	19	19	21
LOC_86	16	15	15	15	15	16	15	15	16	15	17	18	12	15	15	15	15	16
LOC_87	21	21	21	23	21	22	20	20	23	20	19	20	19	19	20	19	18	20
LOC_88	20	18	20	20	23	24	21	23	23	20	21	23	20	22	21	20	20	22
LOC_89	26	29	29	25	26	29	24	26	24	27	27	26	27	30	31	27	28	26
LOC_90	22	20	20	23	21	20	21	21	20	22	25	24	21	20	20	18	18	20
LOC_91	16	17	18	17	16	19	16	16	16	19	16	16	17	18	19	17	19	17
LOC_92	19	20	20	20	20	20	19	19	18	19	19	19	21	20	20	20	20	19
LOC_93	11	12	12	12	11	12	12	11	11	12	12	12	12	12	11	14	12	12
LOC_94	15	15	12	14	15	13	15	15	15	14	15	16	15	11	13	15	15	15
LOC_95	13	13	12	13	15	12	13	15	15	13	13	13	13	12	12	13	12	13
LOC_96	17	21	21	21	21	22	20	21	21	21	21	20	21	23	23	21	21	20
LOC_97	22	20	19	19	22	19	20	21	21	19	20	20	19	19	20	21	21	20
LOC_98	15	15	16	15	17	16	14	17	17	15	14	17	15	16	16	15	15	15
LOC_99	16	16	16	16	14	16	16	15	15	16	15	16	17	16	16	17	17	16
LOC_100	14	12	17	14	14	14	15	14	14	15	14	14	13	14	14	15	15	14
LOC_101	22	21	19	21	22	21	21	22	22	23	21	21	25	21	22	25	25	21
LOC_102	19	21	20	18	20	19	19	19	19	20	19	19	20	20	20	20	20	19
LOC_103	14	14	13	14	14	13	14	14	13	14	14	14	16	13	13	15	17	14
LOC_104	18	21	21	21	21	21	21	20	21	23	21	21	20	21	21	22	20	21
LOC_105	17	16	16	16	16	16	17	16	16	16	15	15	16	15	16	16	16	16
LOC_106	30	29	28	27	28	27	30	31	28	27	29	27	24	25	25	26	28	28
LOC_107	15	11	11	13	15	11	17	15	15	13	15	15	13	11	11	13	13	15
LOC_108	22	25	24	19	22	23	23	22	23	21	24	25	21	23	24	21	21	23
LOC_109	14	14	14	14	15	13	14	15	17	14	14	14	14	13	13	13	13	14
LOC_110	16	15	15	15	16	15	16	16	16	15	17	15	15	15	15	15	15	16
LOC_111	16	13	14	13	15	13	15	16	15	14	14	14	14	13	13	14	14	15
LOC_112	18	19	21	21	20	22	21	20	20	21	19	20	22	20	21	21	21	21
LOC_113	16	14	14	14	19	14	14	17	17	14	14	16	15	14	14	14	14	14
LOC_114	17	17	16	17	17	18	17	19	18	17	16	16	16	18	18	16	16	17
LOC_115	14	15	15	14	14	17	14	14	14	14	14	14	13	16	16	15	15	14
LOC_116	15	14	15	14	15	16	14	15	15	13	14	14	14	16	16	14	14	14
LOC_117	19	19	19	19	19	18	20	18	18	19	21	23	19	18	18	18	19	19
LOC_118	16	16	16	14	16	16	16	16	16	14	15	15	14	17	17	13	13	16
LOC_119	24	24	25	25	25	27	24	25	26	25	26	26	23	24	26	25	25	23
LOC_120	17	19	18	21	17	18	18	17	18	22	18	18	23	18	18	24	23	18
LOC_121	18	17	18	18	18	18	18	19	21	18	18	18	20	19	19	19	19	18
LOC_122	19	22	22	20	20	23	18	19	19	21	21	20	21	22	22	20	20	19
LOC_123	24	25	24	24	24	24	22	20	21	24	23	22	20	26	26	21	21	24
LOC_124	22	22	24	22	22	24	22	23	22	23	22	22	21	25	23	22	22	22
LOC_125	27	25	24	26	27	25	29	26	25	29	26	29	26	26	27	26	26	27
LOC_126	14	14	14	13	14	14	14	14	14	14	14	14	14	14	14	14	14	14
LOC_127	22	19	18	23	22	18	22	23	23	26	21	21	25	18	18	25	25	22
LOC_128	21	17	17	18	21	17	20	21	21	16	20	22	17	17	16	17	17	20
LOC_129	19	19	19	19	19	19	19	18	19	19	19	19	22	20	21	22	22	19
LOC_130	25	26	28	24	24	24	24	25	23	23	25	25	23	25	26	24	24	24
LOC_131	16	16	13	15	15	15	15	17	16	15	15	15	14	16	16	14	14	15
LOC_132	20	23	23	22	21	22	19	21	20	21	20	20	21	22	23	22	21	21
LOC_133	24	25	25	23	24	24	22	24	28	22	23	23	22	25	25	23	24	22
LOC_134	23	22	26	23	25	24	23	20	22	24	22	22	23	24	24	23	23	23
LOC_135	14	14	14	14	15	14	17	14	14	14	15	15	16	14	14	15	15	14
LOC_136	15	15	15	15	15	15	15	15	17	15	15	15	15	15	15	15	16	15
LOC_137	24	23	26	24	23	28	25	24	24	23	25	24	23	25	26	23	23	24
LOC_138	21	21	22	21	22	21	22	23	23	20	20	20	22	22	22	21	21	21
LOC_139	17	17	18	17	17	18	19	17	17	17	19	19	17	18	18	17	17	17
LOC_140	17	17	16	17	19	18	17	18	18	17	17	17	18	17	17	18	19	17
LOC_141	13	13	13	13	13	14	15	14	14	13	17	15	13	12	14	13	13	15
LOC_142	28	24	22	23	27	22	26	26	27	23	26	25	22	23	22	22	22	27
LOC_143	19	21	23	19	21	23	22	25	23	21	22	22	20	25	22	21	21	21
LOC_144	16	16	17	16	16	20	20	16	16	16	17	16	18	20	21	16	16	16
LOC_145	20	20	20	20	21	20	19	21	21	22	20	20	22	22	20	22	22	20
LOC_146	20	20	20	20	20	20	21	20	19	19	19	19	18	20	20	19	19	20
LOC_147	19	19	19	19	19	19	21	19	19	14	22	21	19	19	19	18	21	21
LOC_148	16	16	16	16	15	16	14	15	15	16	14	14	16	16	16	16	16	14
LOC_149	18	20	20	20	19	20	18	23	20	20	21	21	20	21	21	20	20	18
LOC_150	15	15	17	15	15	16	15	15	15	16	15	15	16	16	16	16	16	15
LOC_151	16	16	16	15	16	16	16	17	17	15	16	16	15	16	16	15	15	16
LOC_152	21	20	19	20	22	20	20	22	22	20	18	18	21	19	19	19	21	20
LOC_153	19	20	20	20	20	20	21	20	19	20	21	21	25	21	21	22	23	20
LOC_154	19	18	18	18	19	18	18	19	19	18	19	19	20	17	17	21	20	18
LOC_155	20	21	23	21	20	21	22	20	20	22	21	21	21	20	20	23	22	21
LOC_156	17	17	17	14	17	21	17	15	17	17	17	17	17	17	17	17	17	17
LOC_157	17	17	17	17	17	17	17	19	17	17	18	17	16	17	18	16	16	17
LOC_158	21	19	20	23	21	20	22	21	21	22	23	23	28	19	19	27	27	22
LOC_159	15	14	13	14	15	13	16	16	15	15	15	17	15	13	13	17	15	15
LOC_160	19	19	18	17	19	19	19	20	22	18	19	18	18	19	19	19	19	19
LOC_161	20	21	20	20	20	22	21	20	20	20	22	23	20	22	22	19	19	21
LOC_162	20	18	18	20	20	22	21	20	21	22	21	21	21	21	20	22	22	20
LOC_163	18	19	18	18	18	18	17	20	20	18	18	18	17	15	15	17	17	18
LOC_164	19	19	19	19	20	21	19	19	21	19	20	20	19	20	20	16	19	20
LOC_165	15	15	13	17	15	15	17	15	17	16	18	17	16	15	15	17	16	15
LOC_166	17	18	18	18	17	18	17	18	19	18	17	17	18	18	17	18	18	17
LOC_167	18	17	17	17	18	16	16	19	18	15	16	16	19	17	16	17	18	16
LOC_168	30	27	28	28	29	28	28	28	34	26	30	27	26	31	27	27	26	28
LOC_169	22	22	21	22	22	22	23	23	21	21	23	20	20	22	22	21	21	23
LOC_170	19	19	21	22	19	19	19	19	17	19	21	19	21	19	21	21	20	19
LOC_171	23	25	22	22	21	23	23	22	21	22	22	25	21	23	23	22	21	23
LOC_172	26	25	24	25	26	23	22	26	27	26	24	23	26	22	22	28	27	22
LOC_173	16	16	16	17	16	17	16	16	16	17	16	16	17	16	16	16	16	16
LOC_174	25	28	29	25	22	28	22	24	25	24	24	25	22	26	29	25	25	22
LOC_175	26	30	26	31	23	26	28	20	20	28	30	27	28	28	28	28	27	27
LOC_176	15	15	15	15	15	15	12	14	14	15	12	12	15	15	15	15	15	14
LOC_177	24	22	22	24	27	23	24	25	22	24	26	25	25	25	25	26	26	24
LOC_178	24	26	23	24	22	22	22	18	21	23	24	24	22	24	26	22	22	23
LOC_179	27	22	23	24	27	23	22	23	22	25	23	23	23	24	24	23	25	23
LOC_180	22	22	22	21	20	21	22	19	19	21	22	22	22	21	21	22	22	22
LOC_181	18	18	18	18	18	17	18	18	19	16	18	18	18	18	18	16	17	18
LOC_182	23	25	24	24	23	25	22	23	23	24	22	23	24	27	24	22	23	23
LOC_183	28	26	26	27	26	27	23	25	26	27	22	23	26	27	27	27	30	25
LOC_184	16	15	16	15	16	16	16	16	16	16	15	15	16	16	15	16	16	16
LOC_185	21	20	19	19	21	20	20	19	19	19	20	21	19	20	20	17	19	20
LOC_186	16	16	17	19	14	17	16	14	14	19	16	16	19	17	17	19	19	16
LOC_187	21	21	20	21	21	20	22	21	21	22	20	19	22	20	19	22	24	21
LOC_188	25	26	26	26	27	29	24	26	28	25	25	24	29	29	27	30	31	25
LOC_189	16	16	17	17	16	16	14	15	15	16	14	14	16	16	16	16	16	14
LOC_190	22	26	25	22	23	25	22	23	22	24	24	23	24	25	24	22	24	22
LOC_191	15	18	18	21	18	17	18	17	17	20	18	18	18	17	18	18	19	17
LOC_192	21	19	19	21	21	19	21	22	21	23	25	23	22	20	19	21	22	21
LOC_193	13	15	15	15	14	16	15	11	11	15	15	15	15	16	17	16	16	15
LOC_194	19	19	19	19	18	19	19	20	19	19	19	18	19	20	20	21	19	18
LOC_195	18	19	19	21	18	21	18	21	18	17	18	18	17	20	20	17	17	18
LOC_196	23	22	22	24	22	23	23	23	22	21	21	21	21	18	18	21	21	22
LOC_197	21	19	21	21	23	21	19	21	21	21	19	21	21	20	20	22	21	21
LOC_198	27	28	30	27	26	28	28	26	27	27	27	29	27	29	27	28	27	27
LOC_199	14	14	14	14	15	14	14	15	14	14	14	14	14	14	14	14	14	14
LOC_200	25	23	26	23	26	23	23	26	24	24	23	22	23	23	23	24	24	23
LOC_201	25	28	27	26	25	25	24	24	24	25	26	25	23	26	27	27	27	24
LOC_202	17	19	19	18	16	19	17	16	16	18	18	17	17	19	18	17	17	17
LOC_203	18	16	18	18	17	18	18	17	17	17	18	18	17	19	18	19	19	18
LOC_204	18	19	19	17	18	20	18	18	18	18	18	18	18	19	18	18	19	18
LOC_205	17	16	16	20	17	16	14	17	17	17	14	13	17	17	17	17	16	14
LOC_206	19	19	18	19	18	18	20	18	18	19	19	20	19	18	18	19	19	20
LOC_207	16	13	13	13	16	13	14	16	16	13	14	14	13	13	13	13	13	14
LOC_208	16	14	15	14	16	16	14	14	14	14	14	14	14	15	15	14	13	14
LOC_209	18	17	17	17	16	16	17	12	16	19	17	18	17	16	16	17	17	17
LOC_210	22	22	22	22	21	22	25	22	22	24	23	23	25	24	22	24	25	22
LOC_211	24	23	24	24	24	25	24	23	23	24	24	24	27	25	25	26	24	24
LOC_212	22	21	21	21	24	21	25	24	24	18	24	24	18	21	22	18	18	24
LOC_213	19	18	17	19	19	18	21	19	19	18	21	21	17	18	18	17	17	19
LOC_214	17	17	17	18	18	16	17	17	18	18	18	18	16	16	16	18	18	17
LOC_215	16	16	16	16	16	16	16	15	15	16	16	16	16	16	14	16	16	16
LOC_216	17	20	21	16	21	21	20	21	21	18	20	20	18	20	20	18	18	20
LOC_217	26	24	23	26	23	26	24	23	23	25	25	25	25	23	24	25	24	25
LOC_218	17	17	17	17	17	18	17	17	17	17	18	17	17	18	18	18	18	17
LOC_219	15	15	15	15	15	15	15	16	14	15	15	13	15	15	15	15	15	15
LOC_220	18	17	16	15	18	18	18	18	18	17	18	18	16	16	20	17	17	18
LOC_221	24	24	26	25	24	27	24	23	24	25	24	26	25	29	28	24	24	24
LOC_222	26	26	25	26	24	27	27	23	24	25	28	28	25	29	28	24	24	28
LOC_223	14	14	13	13	14	17	14	13	13	14	14	14	14	16	16	14	14	14
LOC_224	16	18	17	15	16	17	19	16	16	16	16	18	16	19	18	16	16	16
LOC_225	22	22	22	22	22	23	19	21	20	24	20	20	24	22	22	23	23	21
LOC_226	16	14	13	14	17	14	16	18	17	14	15	16	14	13	14	14	14	16
LOC_227	7	8	8	8	7	8	7	7	7	8	7	7	9	8	8	9	9	7
LOC_228	16	17	17	16	16	17	16	16	16	18	16	16	18	17	18	18	19	16
LOC_229	17	17	19	17	16	20	18	17	16	17	19	19	19	20	20	18	17	17
LOC_230	19	21	18	19	19	19	19	19	19	22	17	19	23	18	18	23	23	19
LOC_231	19	19	19	17	19	19	18	19	16	18	19	19	16	20	19	17	17	19
LOC_232	19	18	17	19	19	17	18	19	19	19	18	19	19	17	17	22	20	18
LOC_233	15	15	14	15	16	14	17	16	16	15	15	15	15	14	14	16	16	15
LOC_234	15	16	16	15	16	16	15	16	16	15	15	15	15	16	16	15	15	15
LOC_235	21	21	21	21	24	22	22	21	22	19	22	22	19	22	22	19	19	22
LOC_236	17	16	16	16	16	16	18	17	17	16	17	18	16	16	16	16	16	17
LOC_237	18	18	18	18	18	18	19	18	18	18	18	17	18	18	18	18	17	20
LOC_238	21	24	20	23	20	19	23	19	20	23	21	21	21	19	19	25	25	21
LOC_239	22	22	19	22	22	19	22	22	23	23	23	23	19	19	18	21	20	22
LOC_240	14	15	14	15	14	15	16	14	14	15	15	15	15	15	15	15	15	14
LOC_241	18	16	16	18	18	16	18	20	20	19	17	17	19	15	14	19	19	18
LOC_242	17	17	17	17	17	17	14	17	17	17	14	14	21	17	17	19	18	17
LOC_243	20	19	20	19	20	19	19	20	20	19	20	20	20	19	18	19	19	19
LOC_244	14	14	14	14	13	14	14	12	12	16	14	14	16	14	14	16	16	14
LOC_245	24	26	25	23	25	23	22	22	21	25	22	25	22	24	23	22	23	24
LOC_246	24	22	23	23	24	24	25	22	24	23	25	24	18	24	23	17	18	24
LOC_247	14	14	14	15	14	14	16	14	14	14	16	16	14	14	14	14	13	16
LOC_248	18	18	18	18	18	18	18	19	18	19	18	18	23	17	18	19	19	18
LOC_249	24	22	22	23	23	24	22	24	25	21	22	22	22	24	24	23	26	24
LOC_250	22	24	24	27	22	25	26	22	20	25	25	25	25	24	23	24	25	27
LOC_251	20	17	17	17	20	17	17	20	20	18	17	16	17	16	16	19	17	17
LOC_252	27	27	27	21	25	25	19	24	24	21	22	21	22	28	24	23	23	22
LOC_253	15	15	15	15	15	14	14	15	15	15	14	14	15	15	15	15	15	14
LOC_254	19	19	19	20	19	19	16	18	18	22	16	16	22	19	19	24	23	16
LOC_255	24	24	23	22	23	19	24	24	23	21	26	24	24	23	21	24	24	23
LOC_256	19	19	19	19	19	19	17	20	19	19	17	17	19	19	19	20	20	19
LOC_257	20	20	22	20	20	20	20	20	21	20	20	20	20	16	16	18	18	20
LOC_258	13	13	13	14	13	13	13	13	13	13	13	13	13	13	13	14	13	13
LOC_259	20	20	20	20	20	20	20	21	20	20	20	20	20	20	21	20	20	20
LOC_260	23	23	23	21	22	25	22	19	19	21	21	21	22	27	24	22	21	22
LOC_261	15	15	15	16	15	15	15	14	15	15	15	15	15	15	15	15	15	15
LOC_262	13	13	13	13	13	13	13	13	13	13	13	13	13	13	13	13	13	13
LOC_263	16	16	17	16	16	16	16	17	16	16	16	16	16	16	16	16	16	16
LOC_264	23	22	22	23	23	23	23	22	24	22	27	24	22	22	22	20	23	22
LOC_265	21	21	20	20	21	20	22	22	22	22	22	24	20	22	21	21	20	24
LOC_266	18	19	19	19	17	19	19	18	18	19	19	19	19	19	19	18	18	19
LOC_267	17	18	17	17	16	18	17	17	17	18	18	18	18	18	18	18	18	18
LOC_268	17	18	20	17	17	20	18	18	17	17	19	19	17	20	20	17	17	17
LOC_269	16	16	16	16	16	16	16	17	17	16	15	15	17	18	19	16	16	16
LOC_270	19	19	19	19	18	19	20	18	18	19	19	19	18	19	19	18	18	19
LOC_271	24	24	23	24	24	22	24	23	22	25	24	26	25	22	22	27	24	24
LOC_272	23	21	23	23	23	23	23	21	22	23	23	23	23	23	22	27	28	23
LOC_273	24	23	23	23	24	23	25	23	22	23	22	22	23	24	23	23	23	24
LOC_274	22	24	26	23	23	24	22	22	23	21	22	22	21	23	24	20	20	22
LOC_275	15	15	15	15	15	15	15	15	15	15	15	15	15	15	15	15	15	15
LOC_276	20	20	19	20	20	19	20	19	20	20	21	20	20	18	19	20	20	20
LOC_277	14	14	14	14	14	14	14	14	14	14	14	14	14	14	14	12	12	14
LOC_278	14	14	15	15	14	14	14	14	14	14	15	14	13	14	15	13	13	14
LOC_279	15	19	18	17	15	16	15	15	15	17	15	15	17	17	17	17	17	15
LOC_280	20	23	23	21	21	23	21	20	21	20	19	20	22	24	24	21	21	20
LOC_281	20	20	21	20	19	22	20	20	20	20	20	20	21	21	21	21	21	20
LOC_282	14	15	11	15	14	10	17	14	14	16	16	16	15	10	10	15	15	15
LOC_283	14	12	13	13	15	12	14	16	16	14	15	14	14	13	13	14	14	14
LOC_284	14	14	13	13	14	13	14	14	14	13	14	14	13	15	13	13	13	14
LOC_285	28	29	27	30	26	25	29	29	25	27	32	31	27	24	22	28	27	29
LOC_286	21	16	17	17	17	17	18	17	17	17	19	18	17	17	19	17	17	18
LOC_287	27	27	29	29	28	26	26	27	27	34	31	31	34	29	26	34	32	28
LOC_288	14	14	14	13	15	14	17	15	15	13	18	17	13	16	15	13	14	17
LOC_289	16	15	17	18	15	16	15	15	15	16	14	14	16	16	14	15	16	15
LOC_290	18	18	18	18	17	17	19	17	17	18	19	22	18	17	17	18	18	19
LOC_291	18	18	18	19	19	21	18	18	18	22	18	18	22	19	18	22	22	18
LOC_292	19	16	19	19	19	19	20	21	22	19	16	16	19	20	20	19	17	19
LOC_293	15	15	15	15	15	15	15	15	15	15	15	15	17	15	15	17	17	15
LOC_294	24	25	23	26	25	25	24	24	24	25	25	24	24	24	25	27	26	25
LOC_295	17	18	19	19	18	19	21	19	19	16	20	19	16	19	20	16	16	18
LOC_296	15	15	14	13	14	14	14	14	14	13	11	15	13	14	14	13	13	14
LOC_297	16	16	16	16	17	16	18	15	16	16	18	18	16	17	16	16	16	15
LOC_298	17	17	17	17	17	17	19	17	19	17	17	17	17	19	17	17	17	17
LOC_299	16	17	16	14	16	16	16	14	16	16	16	16	16	16	16	16	16	16
LOC_300	17	17	18	19	17	17	18	17	17	18	18	17	21	17	17	19	19	17
LOC_301	21	18	20	21	25	19	20	23	23	21	20	20	21	21	19	22	21	20
LOC_302	25	25	24	25	23	26	23	25	25	25	24	25	22	25	26	22	22	24
LOC_303	17	16	15	17	16	16	18	17	17	17	18	18	17	16	16	18	18	18
LOC_304	14	14	14	14	14	14	13	14	14	14	13	13	14	14	14	13	14	14
LOC_305	17	17	17	17	17	17	17	17	17	17	17	17	17	17	17	17	17	17
LOC_306	22	25	25	26	21	23	26	22	22	25	23	25	25	23	23	24	22	26
LOC_307	27	23	22	25	27	25	24	27	28	24	26	25	25	22	25	24	24	22
LOC_308	21	21	21	21	20	21	21	22	24	21	21	21	21	21	22	20	19	22
LOC_309	22	21	21	21	22	20	22	24	22	24	23	22	19	20	20	21	21	22
LOC_310	12	11	11	11	11	11	15	14	14	13	15	15	13	11	12	11	11	15
LOC_311	18	18	18	18	18	18	18	17	17	18	18	18	18	18	18	18	18	18
LOC_312	16	16	16	17	16	16	18	16	16	16	18	19	16	16	16	16	16	18
LOC_313	17	16	17	16	19	16	20	18	18	16	16	16	16	16	17	17	16	16
LOC_314	15	15	15	14	15	15	17	21	17	15	17	17	15	15	15	15	15	15
LOC_315	17	16	17	17	19	17	15	16	15	17	14	14	17	17	18	17	17	15
LOC_316	26	30	28	29	27	28	25	27	26	28	26	24	32	30	29	27	28	26
LOC_317	22	23	21	22	22	25	21	21	21	21	26	22	23	25	25	21	22	21
LOC_318	22	19	18	20	21	22	22	22	22	20	22	19	20	22	22	22	21	22
LOC_319	24	25	25	25	25	25	23	24	25	22	22	23	26	26	25	26	26	22
LOC_320	22	21	21	22	20	21	19	19	20	21	19	19	21	20	22	19	20	21
LOC_321	15	16	16	15	14	14	16	15	15	15	15	16	15	14	14	14	15	16
LOC_322	13	12	12	12	12	12	12	12	12	13	12	12	13	12	12	13	13	12
LOC_323	14	14	14	14	14	14	14	14	14	14	14	14	14	14	14	14	14	14
LOC_324	24	21	22	21	23	22	20	21	22	21	21	21	21	23	25	20	19	21
LOC_325	16	17	18	19	16	17	16	17	17	18	17	17	20	17	17	20	20	16
LOC_326	17	17	17	17	17	17	16	17	17	17	17	17	17	17	18	17	17	16
LOC_327	15	15	15	15	15	15	15	15	15	16	16	16	15	15	15	15	15	15
LOC_328	20	19	19	19	19	19	20	19	20	17	20	20	18	18	19	18	17	20
LOC_329	25	23	22	24	23	23	23	22	22	25	22	22	25	23	23	23	23	23
LOC_330	21	22	22	21	22	22	22	22	23	22	22	22	23	22	22	20	22	22
LOC_331	23	21	21	23	21	21	23	22	22	26	23	23	22	22	22	23	23	23
LOC_332	15	15	16	15	15	14	15	15	15	13	15	15	15	14	14	15	15	15
LOC_333	16	16	16	16	15	16	14	15	15	16	14	14	16	16	16	16	17	14
LOC_334	19	21	21	19	17	21	21	18	18	19	18	19	20	22	23	17	18	19
LOC_335	25	22	22	21	23	22	22	21	21	21	22	22	21	22	22	22	21	23
LOC_336	26	24	20	23	25	22	24	26	25	23	23	23	23	23	23	23	23	24
LOC_337	21	20	20	22	20	21	20	21	21	23	20	20	21	20	21	21	21	20
LOC_338	19	19	19	19	19	19	20	19	21	19	20	20	20	19	18	21	21	19
LOC_339	18	18	18	18	18	17	17	18	17	18	17	17	18	18	18	18	18	17
LOC_340	12	12	13	12	12	12	14	12	12	12	14	13	12	12	12	12	12	13
LOC_341	19	22	17	18	18	15	20	21	20	18	21	19	19	18	17	20	20	20
LOC_342	15	17	19	17	15	18	14	14	14	18	14	15	17	18	18	17	17	14
LOC_343	21	23	20	19	23	20	20	21	20	19	18	19	19	21	20	19	19	20
LOC_344	17	16	17	17	17	16	17	17	17	17	18	18	17	17	17	16	17	17
LOC_345	16	16	16	17	18	18	15	16	16	17	15	15	17	16	18	18	18	15
LOC_346	23	26	23	23	22	26	22	24	23	24	24	24	24	25	24	25	25	23
LOC_347	20	21	21	20	19	19	19	20	21	20	20	20	20	20	19	18	20	20
LOC_348	20	19	22	20	20	20	20	20	21	20	20	20	20	20	19	20	21	20
LOC_349	15	17	17	15	16	17	15	14	14	14	16	17	14	17	17	14	14	15
LOC_350	18	20	17	18	17	16	17	16	16	17	17	17	20	15	15	19	20	17
LOC_351	26	24	22	26	25	22	27	25	25	26	27	28	27	23	22	24	25	26
LOC_352	20	20	20	20	21	20	19	20	20	20	19	20	20	19	20	20	20	20
LOC_353	19	16	17	16	19	17	18	19	19	16	18	17	16	17	14	16	16	18
LOC_354	15	15	15	15	15	16	15	15	15	15	15	15	17	15	15	15	16	15
LOC_355	14	15	14	14	14	14	14	14	14	14	13	14	14	15	14	14	14	14
LOC_356	17	18	19	16	17	19	18	17	17	18	19	19	18	19	19	18	18	17
LOC_357	16	16	16	16	15	16	16	15	15	18	17	17	18	14	14	18	18	16
LOC_358	7	7	7	7	7	7	8	7	7	7	8	8	7	7	7	7	7	7
LOC_359	19	19	20	21	20	19	19	20	20	19	19	20	21	19	19	20	21	19
LOC_360	23	25	25	24	23	25	25	23	23	24	26	24	26	25	26	27	26	24
LOC_361	21	21	22	21	20	20	22	21	21	21	21	22	23	21	22	23	22	21
LOC_362	17	23	22	24	21	22	22	22	22	22	24	25	23	22	23	23	25	22
LOC_363	8	8	8	8	9	8	7	9	9	8	8	8	8	8	8	9	8	8
LOC_364	14	12	12	13	14	11	14	15	14	13	14	14	13	11	11	13	13	14
LOC_365	27	25	26	25	24	25	24	25	23	26	24	29	26	24	24	28	27	25
LOC_366	17	17	17	18	18	18	17	17	17	18	17	17	18	18	18	19	19	17
LOC_367	16	14	16	16	15	15	16	15	15	17	17	17	16	16	16	17	16	16
LOC_368	23	24	23	24	22	23	24	23	23	24	24	24	24	22	24	23	23	24
LOC_369	29	28	26	29	31	24	27	29	28	32	28	29	28	26	25	31	31	28
LOC_370	18	19	18	17	18	19	17	17	17	19	18	18	20	19	20	19	19	18
LOC_371	25	25	23	23	23	22	23	23	23	21	23	26	21	25	25	21	21	23
LOC_372	19	20	20	20	17	20	21	17	17	20	22	21	21	20	20	19	19	21
LOC_373	15	14	14	14	14	15	14	14	14	16	14	15	16	14	14	16	16	14
LOC_374	15	17	16	16	15	18	15	15	15	16	14	15	16	18	18	16	17	15
LOC_375	20	18	19	18	20	19	18	22	23	18	18	18	18	19	19	16	16	18
LOC_376	21	21	22	24	22	20	20	21	21	23	19	20	20	21	21	21	22	20
LOC_377	23	25	26	23	24	28	22	24	24	26	25	24	27	27	25	28	26	23
LOC_378	24	24	24	22	22	24	23	22	22	23	26	25	23	24	24	23	22	23
LOC_379	18	18	18	18	21	18	18	18	17	18	18	18	19	18	18	18	18	18
LOC_380	19	18	18	19	20	18	19	19	19	18	19	19	18	18	17	18	18	18
LOC_381	14	14	15	14	14	15	13	14	15	14	13	13	14	15	15	14	14	14
LOC_382	18	18	18	19	18	18	18	19	19	19	18	18	19	17	18	19	19	18
LOC_383	20	18	18	18	20	18	20	20	20	19	20	20	19	18	18	18	18	17
LOC_384	14	14	14	14	13	14	14	13	13	15	14	14	14	14	14	14	14	14
LOC_385	18	17	18	18	18	18	18	18	19	18	18	18	16	18	18	16	16	18
LOC_386	20	19	19	19	19	20	19	18	18	19	19	19	19	21	20	19	19	19
LOC_387	17	17	16	16	17	16	17	17	15	17	17	17	17	16	16	17	17	17
LOC_388	27	29	28	29	26	27	34	28	27	30	29	30	29	30	28	29	25	28
LOC_389	17	21	20	21	18	20	18	18	17	21	18	19	22	21	20	22	22	18
LOC_390	7	7	7	7	7	7	8	7	7	7	7	7	7	7	7	7	7	7
LOC_391	25	23	23	23	22	23	22	23	28	23	25	22	23	23	23	25	24	22
LOC_392	21	24	25	22	20	24	22	21	21	21	25	27	20	24	24	22	22	22
LOC_393	15	15	13	14	17	14	15	15	15	12	15	15	13	15	15	13	12	15
LOC_394	16	16	16	16	16	16	15	16	16	16	14	15	16	16	17	16	16	16
LOC_395	20	20	19	20	20	19	20	20	18	20	21	21	20	19	19	20	19	20
LOC_396	19	17	15	17	17	18	17	18	17	17	17	17	17	17	17	17	17	17
LOC_397	19	19	19	17	19	19	21	19	19	21	21	21	19	19	19	19	19	19
LOC_398	18	17	19	19	17	18	18	17	17	21	18	15	19	18	19	18	18	17
LOC_399	29	30	28	30	30	27	27	28	29	26	29	27	27	27	27	29	28	29
LOC_400	15	15	15	16	15	15	15	15	15	15	16	17	15	16	16	15	15	15
LOC_401	13	13	13	13	13	13	13	13	13	13	13	13	13	13	13	13	13	13
LOC_402	15	14	14	14	15	14	14	14	14	14	14	14	14	14	14	14	14	14
LOC_403	14	14	11	14	14	11	14	15	15	15	13	13	14	11	11	14	14	14
LOC_404	13	13	13	13	14	13	12	14	14	13	10	10	13	13	13	13	13	10
LOC_405	16	16	16	16	16	17	15	16	18	16	16	16	16	16	16	17	17	16
LOC_406	19	19	21	19	19	21	18	20	18	19	18	18	19	22	21	20	19	19
LOC_407	18	19	19	20	14	19	17	18	18	19	18	18	19	21	20	19	19	17
LOC_408	14	14	14	14	14	11	14	14	13	14	14	14	15	11	11	14	14	14
LOC_409	15	15	15	15	16	15	14	16	16	15	15	15	15	15	15	15	16	15
LOC_410	16	17	17	19	16	17	16	16	16	19	16	16	19	20	20	17	19	16
LOC_411	14	14	14	15	14	14	14	14	14	14	14	13	16	14	14	14	14	14
LOC_412	20	20	19	19	20	18	19	20	20	20	20	19	20	18	20	17	17	19
LOC_413	19	19	22	18	19	21	21	20	20	19	20	20	19	21	21	19	19	20
LOC_414	15	15	16	15	16	16	15	16	16	15	14	14	15	16	16	15	15	15
LOC_415	14	14	14	14	17	14	14	14	14	13	15	16	14	14	14	14	14	14
LOC_416	18	18	17	17	18	17	17	19	21	16	17	17	16	16	17	16	16	17
LOC_417	14	14	14	14	14	14	9	13	14	14	9	9	14	17	17	14	14	14
LOC_418	14	15	14	14	14	14	15	14	13	16	16	16	16	14	14	16	16	14
LOC_419	15	14	11	15	15	11	15	15	15	15	14	14	17	11	11	17	17	15
LOC_420	13	13	14	13	14	12	13	13	13	13	13	13	13	12	12	16	14	13
LOC_421	19	17	17	17	20	18	17	20	20	17	18	18	17	20	20	18	19	17
LOC_422	24	23	22	23	24	23	23	23	25	22	24	23	25	23	23	28	26	23
LOC_423	9	9	9	9	9	9	9	9	9	9	9	9	9	9	9	11	9	9
LOC_424	20	20	20	20	21	19	21	21	21	20	20	20	19	20	20	20	20	20
LOC_425	16	16	16	16	16	15	16	16	16	16	16	16	16	15	17	17	16	16
LOC_426	17	17	23	17	19	22	17	17	17	17	17	18	18	22	22	17	17	17
LOC_427	21	20	20	21	21	20	22	19	19	23	23	22	20	20	20	20	20	20
LOC_428	16	16	16	16	16	16	20	16	16	16	13	17	17	16	16	17	17	16
LOC_429	17	18	18	19	16	18	19	17	16	19	20	19	19	18	18	19	19	19
LOC_430	19	21	19	25	19	19	19	19	19	24	20	20	24	19	20	24	24	19
LOC_431	19	18	18	18	17	18	19	21	21	18	19	21	18	19	18	18	14	19
LOC_432	13	13	13	13	13	13	14	13	13	13	14	14	13	14	14	13	13	14
LOC_433	27	22	21	25	24	22	23	25	25	26	23	23	27	20	20	26	26	23
LOC_434	19	18	18	18	20	18	19	20	19	18	19	19	20	18	19	18	18	19
LOC_435	26	26	26	25	25	27	25	27	28	23	25	25	23	28	28	23	23	25
LOC_436	22	23	23	22	25	25	24	24	24	24	25	25	23	23	28	23	21	24
LOC_437	22	28	26	21	22	28	21	22	22	21	21	21	23	27	27	25	26	22
LOC_438	22	22	22	22	23	28	23	22	24	22	21	25	23	26	28	23	22	23
LOC_439	18	16	16	16	17	17	16	17	17	16	16	16	16	16	15	16	16	16
LOC_440	18	20	20	20	19	20	20	18	19	22	20	20	20	20	20	22	20	20
LOC_441	15	13	13	12	16	13	16	16	16	12	16	16	12	15	15	12	12	16
LOC_442	23	26	27	24	23	28	23	25	24	24	23	23	24	31	31	25	24	22
LOC_443	18	18	18	18	18	19	18	18	18	18	18	18	17	19	19	18	18	18
LOC_444	20	22	22	22	22	23	16	23	21	23	19	21	23	22	22	23	22	20
LOC_445	21	23	22	22	21	23	25	21	20	23	26	24	23	25	25	23	23	22
LOC_446	18	18	20	19	17	21	18	18	18	21	19	18	19	20	20	18	20	18
LOC_447	18	19	19	18	18	19	19	18	18	18	19	19	19	19	19	18	18	18
LOC_448	28	24	24	28	26	22	27	25	26	27	26	28	27	24	27	28	28	28
LOC_449	17	17	17	17	17	16	18	17	17	20	18	18	19	16	19	16	17	17
LOC_450	22	21	21	23	22	21	21	21	21	21	25	24	21	21	21	20	20	20
LOC_451	15	19	18	18	15	18	13	15	15	18	14	14	18	18	17	18	20	14
LOC_452	19	19	19	20	19	19	19	19	19	18	20	20	20	19	19	20	20	19
LOC_453	18	18	18	18	18	22	18	18	18	18	19	19	19	24	22	19	20	18
LOC_454	20	24	23	21	20	23	21	20	20	21	21	21	21	22	23	21	20	21
LOC_455	16	16	16	16	15	17	17	16	16	17	17	17	16	16	16	17	15	16
LOC_456	15	15	15	15	15	14	16	16	15	15	15	16	15	15	15	15	15	15
LOC_457	20	21	23	21	20	21	22	20	20	20	22	22	20	21	21	20	20	22
LOC_458	16	17	17	18	16	17	17	16	16	16	17	17	17	18	17	17	17	16
LOC_459	7	7	7	7	7	7	7	7	7	7	7	7	8	7	7	7	7	7
LOC_460	18	17	21	17	18	22	19	18	18	18	21	19	17	22	22	18	17	18
LOC_461	14	14	16	14	13	14	13	13	13	14	13	14	15	14	13	15	15	14
LOC_462	20	21	21	19	20	21	21	20	20	20	19	21	20	24	22	20	20	21
LOC_463	28	26	26	23	26	30	26	28	27	29	27	28	27	28	29	28	28	25
LOC_464	17	19	19	19	18	18	18	17	17	17	18	18	17	17	18	17	17	18
LOC_465	26	27	27	25	26	28	26	27	27	26	27	27	26	26	26	26	26	25
LOC_466	27	25	24	25	28	24	23	28	28	24	23	23	24	24	23	25	25	24
LOC_467	20	19	19	21	19	21	19	19	17	21	20	19	21	20	20	21	20	19
LOC_468	15	15	15	15	15	15	14	15	15	15	14	14	15	15	15	15	15	14
LOC_469	23	26	24	22	25	25	23	27	23	23	21	23	23	26	26	23	23	23
LOC_470	23	25	25	25	25	25	20	25	28	21	23	23	23	25	25	24	23	23
LOC_471	19	19	17	19	19	16	19	20	19	19	19	20	19	16	16	21	19	19
LOC_472	16	14	14	16	16	14	16	16	15	16	16	16	16	14	12	16	16	16
LOC_473	22	22	23	23	21	24	21	23	23	23	22	21	22	23	24	23	23	21
LOC_474	15	15	15	15	15	15	15	15	15	15	15	15	15	16	16	15	15	15
LOC_475	16	17	15	16	16	16	16	16	19	16	16	16	16	16	16	16	16	16
LOC_476	16	17	17	17	16	19	17	16	16	16	17	20	17	19	19	17	17	16
LOC_477	20	17	19	20	20	20	19	20	20	19	19	19	20	21	21	20	20	19
LOC_478	16	17	15	13	17	15	18	16	16	16	17	18	16	16	15	16	16	16
LOC_479	17	18	17	17	17	17	17	17	17	17	16	17	17	17	17	17	18	17
LOC_480	18	17	17	17	18	17	17	18	18	17	16	16	17	17	17	18	18	17
LOC_481	16	15	16	16	16	14	16	16	14	16	17	18	16	14	14	16	16	16
LOC_482	17	17	17	17	17	16	17	17	17	18	16	16	18	17	16	20	18	17
LOC_483	24	26	25	25	26	26	23	25	25	24	23	22	25	26	26	25	24	24
LOC_484	24	27	26	27	23	26	23	23	23	26	24	24	23	24	25	22	22	25
LOC_485	16	17	17	17	17	17	16	17	17	17	17	16	16	17	17	18	18	17
LOC_486	23	22	22	23	21	18	25	23	23	24	25	24	24	18	21	24	24	23
LOC_487	16	17	17	17	16	16	17	16	16	17	16	17	18	16	16	17	17	17
LOC_488	23	23	23	24	26	23	22	26	25	22	23	23	21	23	23	22	24	23
LOC_489	19	17	17	18	18	17	18	18	17	18	19	18	19	17	18	18	19	18
LOC_490	15	16	15	16	15	15	14	17	18	19	14	14	16	14	15	16	16	14
LOC_491	21	21	21	20	22	20	21	21	21	22	21	21	21	21	22	21	20	21
LOC_492	19	21	24	20	20	24	20	19	19	16	20	20	16	22	23	16	16	20
LOC_493	28	28	25	30	27	23	28	28	30	30	28	28	30	22	23	28	28	27
LOC_494	17	18	17	16	18	17	18	17	19	16	16	16	16	17	17	16	16	17
LOC_495	22	22	22	22	22	21	27	23	23	22	24	21	21	23	23	22	20	23
LOC_496	25	22	22	23	25	24	21	27	24	24	22	22	23	22	24	23	23	22
LOC_497	18	18	23	18	18	21	21	17	17	18	21	21	17	21	21	18	18	20
LOC_498	8	10	10	10	9	10	8	9	9	10	8	8	11	10	10	11	11	8
LOC_499	22	21	24	21	24	24	21	22	22	21	21	21	21	20	23	21	22	21
LOC_500	20	20	19	21	21	21	17	22	22	21	20	18	19	21	21	23	24	19
LOC_501	17	18	17	18	17	17	16	17	17	14	16	16	17	20	20	18	17	17
LOC_502	27	30	29	29	27	29	24	29	29	28	24	24	25	30	28	27	26	27
LOC_503	7	7	7	7	7	7	7	7	7	6	7	7	6	7	7	6	6	7
LOC_504	16	15	15	15	16	15	16	16	16	15	15	15	15	15	15	15	15	15
LOC_505	21	22	22	21	21	22	21	23	21	21	21	21	22	23	22	23	23	21
LOC_506	14	14	14	14	14	14	14	14	14	14	14	14	14	15	14	14	14	14
LOC_507	14	16	14	14	14	15	14	15	15	14	14	14	14	15	15	14	14	14
LOC_508	18	17	17	18	18	17	18	17	16	16	19	19	17	17	17	17	17	18
LOC_509	18	22	21	20	18	24	19	18	18	19	19	21	20	21	21	19	19	19
LOC_510	19	20	20	20	22	19	20	20	20	21	20	20	20	20	20	21	21	20
LOC_511	20	20	20	20	20	20	20	19	18	20	20	20	20	21	20	20	20	20
LOC_512	26	25	26	26	22	26	22	25	26	26	20	20	28	26	29	31	27	23
