names	Run1_C_8	Run1_C_9	Run1_C_10	Run1_C_13	Run1_C_18	Run1_C_20	Run1_C_21	Run1_C_22	Run1_C_23	Run1_C_24	Run1_C_25	Run1_C_26	Run1_C_28	Run1_C_29	Run1_C_30	Run1_C_31	root
LOC_1	19	19	19	20	16	19	19	19	19	19	19	20	15	17	20	20	19
LOC_2	20	19	21	20	19	23	21	21	22	20	20	21	20	19	22	21	20
LOC_3	7	7	7	7	7	7	7	7	6	9	9	8	7	7	7	7	7
LOC_4	7	7	7	7	7	7	7	7	7	7	7	7	7	7	7	7	7
LOC_5	7	7	7	7	7	7	7	8	8	8	8	7	7	7	8	7	7
LOC_6	16	16	18	17	19	21	21	17	17	17	16	18	16	17	19	19	16
LOC_7	14	14	13	13	15	14	13	13	13	13	13	12	14	14	13	13	13
LOC_8	22	22	20	25	22	19	23	23	23	24	24	20	23	22	21	21	22
LOC_9	15	15	15	13	15	15	15	13	13	13	13	16	15	15	15	16	15
LOC_10	18	18	17	17	17	18	17	17	17	17	17	17	17	17	18	17	17
LOC_11	24	25	23	23	25	24	24	26	27	24	25	25	29	28	23	23	23
LOC_12	17	17	17	15	18	17	17	16	17	17	17	18	17	17	17	17	17
LOC_13	19	19	17	17	18	16	16	17	17	16	16	17	17	17	17	17	17
LOC_14	18	18	18	19	18	17	18	19	19	19	19	18	18	18	18	18	18
LOC_15	27	23	28	27	25	29	29	27	27	28	26	26	27	26	25	25	27
LOC_16	17	17	14	14	14	14	14	14	14	14	14	14	14	15	16	14	14
LOC_17	13	13	15	13	13	15	15	15	13	13	13	17	13	13	17	17	15
LOC_18	21	22	25	24	22	22	23	21	21	21	22	20	21	21	22	21	23
LOC_19	25	24	21	20	21	20	22	19	20	20	19	23	21	21	23	23	22
LOC_20	15	15	14	15	15	14	14	16	15	15	15	15	15	15	14	15	15
LOC_21	13	13	14	14	13	14	14	17	16	14	14	14	13	13	15	14	13
LOC_22	20	21	21	21	20	20	19	23	23	24	23	20	20	20	22	20	21
LOC_23	16	16	16	16	16	16	16	16	16	17	16	16	17	13	16	16	16
LOC_24	22	22	23	24	24	21	22	27	25	29	26	21	25	21	22	23	23
LOC_25	21	21	22	22	23	22	21	22	22	23	22	18	24	24	18	20	22
LOC_26	15	16	15	15	15	15	15	17	17	16	18	16	15	15	16	16	15
LOC_27	17	17	17	14	18	17	17	14	14	14	14	17	17	17	17	17	17
LOC_28	22	22	22	20	21	20	21	22	22	23	23	21	22	20	19	21	21
LOC_29	24	25	24	25	27	24	22	27	27	24	24	23	25	26	23	23	25
LOC_30	19	19	19	19	20	19	19	19	19	19	19	17	20	20	17	17	19
LOC_31	30	29	24	33	30	24	24	30	29	28	29	24	33	30	25	24	26
LOC_32	20	20	19	21	22	19	19	20	22	21	21	20	21	21	19	19	20
LOC_33	15	15	16	15	15	17	17	15	15	15	15	14	16	16	15	14	15
LOC_34	14	14	15	14	17	16	16	13	13	11	11	16	16	16	16	16	14
LOC_35	18	15	24	19	19	21	24	18	18	18	20	21	17	18	21	21	19
LOC_36	20	20	21	19	22	21	21	19	18	19	19	20	17	17	19	19	20
LOC_37	21	21	20	23	22	19	19	23	23	24	24	19	22	22	24	19	21
LOC_38	16	16	15	16	16	17	17	16	16	16	16	19	16	16	19	19	16
LOC_39	20	20	20	22	20	21	21	22	23	20	20	23	20	20	21	21	20
LOC_40	15	15	15	15	15	15	15	15	15	15	15	17	14	14	17	17	14
LOC_41	21	21	21	21	21	21	22	20	21	20	21	19	21	21	21	21	21
LOC_42	21	21	23	21	21	22	22	20	21	18	19	22	21	21	24	24	21
LOC_43	17	19	18	18	20	18	17	19	19	15	15	19	19	20	19	20	18
LOC_44	17	18	18	18	16	17	17	18	18	19	18	17	16	16	18	18	18
LOC_45	18	14	18	18	19	18	21	19	19	19	18	20	17	17	19	18	18
LOC_46	20	20	20	20	19	20	20	23	20	23	20	19	20	20	18	18	20
LOC_47	15	15	15	15	15	15	15	15	15	15	15	15	15	15	15	14	15
LOC_48	16	16	17	16	16	17	17	17	16	16	16	19	18	18	21	19	17
LOC_49	15	16	15	18	16	15	15	17	17	18	18	15	17	17	16	15	15
LOC_50	16	16	16	16	17	16	16	18	16	17	17	16	16	16	16	16	16
LOC_51	19	20	18	20	20	22	21	20	20	21	21	22	20	20	21	21	20
LOC_52	19	19	19	19	17	21	20	19	19	20	20	20	17	17	16	21	19
LOC_53	24	24	25	23	23	24	25	23	21	22	23	24	24	23	26	24	23
LOC_54	20	21	20	21	20	18	18	21	21	22	21	18	20	20	18	18	20
LOC_55	21	21	20	19	21	20	21	20	19	18	18	22	20	20	23	22	20
LOC_56	19	19	19	19	19	19	21	19	19	20	21	17	18	18	17	17	19
LOC_57	23	23	23	22	23	23	23	22	22	23	23	24	23	24	23	22	23
LOC_58	20	20	22	20	21	23	26	21	22	19	18	24	21	21	22	20	21
LOC_59	8	9	9	9	9	9	9	9	9	9	9	9	9	9	9	9	9
LOC_60	20	20	20	20	19	21	21	19	20	19	19	21	20	19	20	21	20
LOC_61	26	26	26	25	23	26	26	26	25	25	24	25	21	23	25	25	24
LOC_62	19	18	20	18	24	18	18	18	18	19	21	19	23	23	18	20	18
LOC_63	17	17	19	17	18	17	17	17	17	18	18	17	17	17	17	17	17
LOC_64	15	17	18	17	17	17	17	18	18	18	18	17	17	17	17	17	17
LOC_65	17	17	17	19	16	17	17	19	19	20	20	17	17	17	16	17	17
LOC_66	21	21	21	22	21	20	20	21	19	21	22	20	22	22	20	19	21
LOC_67	22	22	22	22	22	19	20	22	22	22	22	21	21	21	21	21	22
LOC_68	15	15	16	17	15	16	16	15	17	17	17	16	15	15	14	14	16
LOC_69	22	22	21	23	22	21	21	23	22	24	22	21	21	20	21	21	21
LOC_70	22	22	25	23	22	24	24	24	24	23	23	23	23	22	23	24	23
LOC_71	12	12	16	15	15	18	18	14	14	16	15	16	15	15	16	16	16
LOC_72	20	20	22	20	21	17	19	21	19	20	20	23	21	21	25	23	20
LOC_73	19	18	19	19	19	19	19	18	18	19	20	19	19	18	19	19	19
LOC_74	21	21	22	22	22	22	23	24	22	23	23	21	23	21	18	18	22
LOC_75	21	22	26	22	20	27	29	22	23	21	22	25	20	21	27	27	23
LOC_76	20	20	22	19	21	21	22	18	18	22	22	22	21	22	22	22	21
LOC_77	14	14	14	14	14	14	14	14	14	14	14	13	14	14	13	13	14
LOC_78	23	23	22	18	23	24	22	24	23	24	25	24	23	23	22	22	22
LOC_79	15	15	15	15	15	17	17	16	16	15	15	15	15	15	14	15	15
LOC_80	23	22	29	22	25	25	25	22	21	22	23	23	21	22	23	22	24
LOC_81	15	15	16	16	15	15	15	16	16	16	16	17	15	15	17	17	16
LOC_82	17	17	21	18	18	21	20	26	24	24	22	21	20	20	24	21	20
LOC_83	20	21	17	18	18	19	19	21	19	18	17	14	18	18	13	13	18
LOC_84	15	16	15	18	15	15	15	19	18	17	17	15	14	15	15	15	16
LOC_85	21	20	21	23	21	21	21	22	22	24	24	22	22	21	23	23	21
LOC_86	16	16	16	16	16	16	16	17	16	16	16	16	16	16	14	14	16
LOC_87	20	19	21	19	20	19	20	20	20	20	21	21	20	21	22	22	20
LOC_88	23	23	23	19	22	23	23	23	23	24	23	23	23	23	22	23	22
LOC_89	24	24	25	27	24	26	28	25	25	26	30	30	22	24	26	29	26
LOC_90	20	19	22	19	20	21	20	19	20	20	20	20	20	20	20	21	20
LOC_91	18	16	19	17	17	17	17	16	16	18	17	17	16	16	17	17	17
LOC_92	24	24	17	21	24	19	17	18	20	19	20	19	28	26	20	20	19
LOC_93	12	12	13	12	12	12	13	12	12	12	12	12	12	12	9	12	12
LOC_94	15	15	15	16	15	15	15	16	16	16	16	15	15	15	17	15	15
LOC_95	13	14	13	13	13	10	13	13	13	15	14	13	14	14	13	13	13
LOC_96	20	23	20	20	20	18	18	20	20	20	21	17	20	20	17	17	20
LOC_97	20	20	20	19	20	16	18	19	19	19	19	17	18	20	18	17	20
LOC_98	15	15	16	15	15	15	15	15	15	15	16	15	15	17	15	17	15
LOC_99	16	16	17	16	16	15	15	16	16	17	16	15	16	16	16	15	16
LOC_100	14	14	14	14	14	14	14	15	15	14	14	14	14	14	14	14	14
LOC_101	19	20	21	21	21	21	21	20	20	21	20	21	21	21	22	21	21
LOC_102	20	20	19	21	19	19	19	21	21	21	20	19	19	19	19	19	19
LOC_103	12	13	14	13	13	14	14	13	13	14	13	14	13	13	14	14	14
LOC_104	22	22	21	23	22	19	20	23	23	24	22	20	21	21	20	20	21
LOC_105	16	16	16	16	16	16	16	16	16	16	16	16	16	15	16	17	16
LOC_106	31	29	28	27	29	26	27	25	26	27	26	30	31	32	29	28	28
LOC_107	10	10	15	17	13	15	15	17	17	17	17	15	13	13	15	15	15
LOC_108	21	21	25	23	21	23	23	22	24	22	22	24	22	22	23	23	23
LOC_109	15	13	12	14	14	14	14	15	14	14	14	14	14	14	12	13	14
LOC_110	15	15	16	17	15	17	17	16	16	17	19	16	16	18	16	16	16
LOC_111	15	15	15	15	15	15	15	15	15	15	15	15	17	17	15	15	15
LOC_112	21	22	22	21	21	24	22	21	21	21	23	25	22	22	25	24	21
LOC_113	14	14	14	14	14	14	14	14	14	14	15	14	14	14	14	14	14
LOC_114	17	17	17	17	19	17	18	16	17	17	17	17	18	18	17	17	17
LOC_115	14	14	14	14	12	14	14	15	15	14	13	14	12	12	14	14	14
LOC_116	14	14	15	15	18	14	14	15	15	15	15	14	14	16	14	14	14
LOC_117	20	21	19	19	20	17	17	19	20	21	21	17	22	20	17	16	19
LOC_118	16	15	16	16	16	19	20	16	16	16	16	18	16	16	18	18	16
LOC_119	22	23	25	20	25	26	26	19	21	20	20	27	25	23	29	30	23
LOC_120	18	18	18	18	19	17	17	18	18	20	20	17	19	19	17	17	18
LOC_121	18	18	15	18	18	19	19	19	19	18	18	18	18	18	19	21	18
LOC_122	15	18	18	18	18	14	17	19	17	18	18	20	17	17	20	20	19
LOC_123	23	24	23	21	23	24	26	21	21	21	20	27	23	23	24	25	24
LOC_124	20	20	21	23	22	20	21	22	24	23	23	20	22	21	20	21	22
LOC_125	28	26	27	26	26	24	27	30	29	26	25	25	25	24	24	23	27
LOC_126	15	14	14	13	14	14	14	13	13	13	13	15	15	15	14	14	14
LOC_127	24	24	22	22	24	22	22	22	25	22	22	18	20	19	24	24	22
LOC_128	20	20	21	20	23	19	22	20	20	22	20	22	21	22	21	21	20
LOC_129	17	17	20	19	20	19	19	19	19	19	19	19	18	16	19	19	19
LOC_130	25	23	23	24	25	22	23	26	25	25	27	25	24	24	22	23	24
LOC_131	18	17	15	15	17	15	15	15	15	15	15	15	17	17	15	15	15
LOC_132	21	19	22	20	23	20	21	19	19	19	19	21	24	25	21	21	21
LOC_133	20	20	22	22	21	22	22	23	21	24	24	22	22	23	21	22	22
LOC_134	26	25	23	20	23	23	23	20	21	23	23	23	23	23	23	23	23
LOC_135	15	15	14	14	15	14	14	14	14	14	14	14	14	14	14	13	14
LOC_136	17	15	15	13	15	16	16	13	13	13	13	15	15	15	15	15	15
LOC_137	22	22	24	24	23	24	24	24	24	24	24	22	23	23	25	23	24
LOC_138	22	22	21	21	22	20	23	21	21	21	22	22	23	22	25	24	21
LOC_139	17	17	17	15	17	18	17	15	15	15	15	18	17	16	17	17	17
LOC_140	19	21	17	18	21	17	17	18	18	18	18	18	19	21	17	17	17
LOC_141	16	16	15	16	16	19	19	14	15	15	15	17	16	16	17	17	15
LOC_142	28	28	26	29	29	26	26	30	29	30	29	26	33	33	26	25	27
LOC_143	22	22	21	22	22	22	22	21	21	21	23	20	21	21	24	24	21
LOC_144	19	19	16	21	19	16	16	21	21	21	21	16	19	19	15	15	16
LOC_145	23	22	20	18	20	20	20	22	22	20	20	18	20	20	18	20	20
LOC_146	20	21	20	22	22	19	19	21	21	22	21	21	21	21	20	20	20
LOC_147	24	21	19	22	20	19	19	24	22	24	24	20	21	20	20	19	21
LOC_148	14	14	14	14	15	14	14	15	15	14	14	13	14	15	13	13	14
LOC_149	18	18	18	19	18	18	18	19	19	19	18	20	18	18	18	19	18
LOC_150	15	15	15	15	15	15	15	15	15	14	16	15	17	14	15	15	15
LOC_151	16	16	16	17	16	16	16	17	17	18	17	15	16	16	16	16	16
LOC_152	20	20	20	20	21	21	19	21	21	20	22	20	22	22	20	21	20
LOC_153	20	20	19	20	20	20	19	22	22	22	22	19	20	20	18	19	20
LOC_154	18	18	18	18	18	18	17	18	14	19	18	18	19	18	16	17	18
LOC_155	20	20	21	22	20	20	21	20	21	19	20	22	19	20	19	19	21
LOC_156	16	18	17	17	15	17	17	17	17	19	17	16	16	16	17	16	17
LOC_157	16	17	17	17	17	17	17	18	18	18	19	17	17	17	16	16	17
LOC_158	22	22	22	22	22	22	22	22	22	24	24	23	21	21	22	22	22
LOC_159	15	15	15	15	15	15	15	15	16	15	15	15	16	16	15	14	15
LOC_160	19	19	19	21	19	19	20	20	19	21	21	19	19	20	19	19	19
LOC_161	22	22	21	21	24	18	19	25	25	26	26	19	22	22	19	19	21
LOC_162	22	21	19	21	21	22	23	20	22	21	20	21	21	23	22	23	20
LOC_163	18	18	22	18	18	22	21	18	18	18	18	22	18	18	22	23	18
LOC_164	20	20	22	21	20	21	21	18	21	20	20	21	20	20	20	20	20
LOC_165	16	16	15	17	16	15	16	12	17	16	16	16	16	16	15	15	15
LOC_166	18	17	17	17	17	17	17	17	17	19	17	16	16	18	16	16	17
LOC_167	14	14	16	15	18	16	17	17	15	14	14	17	18	18	17	17	16
LOC_168	26	26	28	28	26	27	26	25	25	26	25	26	32	29	30	26	28
LOC_169	21	21	23	23	24	22	22	24	24	24	23	22	23	23	22	22	23
LOC_170	19	19	19	21	18	19	21	19	19	19	19	19	19	19	19	19	19
LOC_171	23	23	21	22	21	22	22	22	23	23	23	21	20	18	21	21	23
LOC_172	23	22	23	20	22	22	22	20	20	24	22	22	21	22	22	21	22
LOC_173	17	16	16	16	16	16	18	16	16	16	16	17	16	16	16	16	16
LOC_174	22	22	22	21	22	22	22	22	22	23	24	22	21	21	22	22	22
LOC_175	27	27	30	27	27	25	25	28	26	24	24	25	29	27	24	25	27
LOC_176	14	14	16	14	14	16	16	14	14	14	14	16	14	14	16	16	14
LOC_177	24	24	23	22	23	24	24	21	21	22	22	24	23	23	22	24	24
LOC_178	24	25	24	23	23	23	23	23	22	23	23	22	23	23	21	22	23
LOC_179	26	25	24	23	22	24	23	23	22	23	22	23	24	23	21	22	23
LOC_180	22	22	21	22	21	22	21	23	22	24	23	21	22	21	21	21	22
LOC_181	18	18	18	17	18	18	18	15	18	18	18	18	17	18	18	17	18
LOC_182	21	21	25	22	21	23	24	21	23	20	21	24	22	22	25	23	23
LOC_183	26	26	25	25	24	31	26	23	24	26	25	24	28	25	25	25	25
LOC_184	17	16	16	16	16	16	18	16	17	15	15	16	16	16	16	16	16
LOC_185	18	18	20	20	20	19	16	20	20	20	20	20	19	21	20	20	20
LOC_186	16	17	17	17	15	17	17	18	19	18	18	18	17	17	17	17	16
LOC_187	21	22	20	21	21	20	20	21	19	22	21	20	21	20	20	20	21
LOC_188	22	24	25	26	26	23	22	26	29	26	26	22	25	25	24	24	25
LOC_189	14	14	15	13	14	15	15	13	13	13	13	15	14	14	15	15	14
LOC_190	23	23	21	21	22	20	20	23	22	21	21	20	22	22	21	22	22
LOC_191	17	19	19	18	16	18	18	18	18	18	18	18	16	16	17	17	17
LOC_192	21	21	22	22	23	20	21	21	22	21	21	19	24	24	19	19	21
LOC_193	17	17	15	16	17	16	16	16	16	17	17	17	17	17	17	17	15
LOC_194	20	19	18	18	17	18	20	21	19	17	17	18	17	17	19	18	18
LOC_195	18	19	18	18	18	18	19	18	18	18	18	18	17	19	18	18	18
LOC_196	23	23	23	22	22	24	24	21	21	22	22	23	22	22	21	19	22
LOC_197	24	24	21	26	24	20	20	25	25	26	25	20	21	22	21	21	21
LOC_198	25	26	27	28	27	28	22	26	25	27	28	25	27	24	24	23	27
LOC_199	14	14	13	14	14	14	14	14	14	14	14	14	14	14	14	14	14
LOC_200	24	23	23	24	23	25	23	23	23	25	23	24	24	23	24	24	23
LOC_201	27	28	26	28	24	23	23	28	28	26	27	22	24	24	23	22	24
LOC_202	17	17	17	17	15	17	17	17	17	20	20	19	17	17	19	19	17
LOC_203	18	18	18	18	18	19	19	18	18	18	18	18	19	19	17	19	18
LOC_204	18	17	18	21	19	19	19	17	18	17	17	19	19	19	19	18	18
LOC_205	18	16	14	14	15	16	15	15	15	16	15	15	16	16	15	15	14
LOC_206	20	21	20	19	20	20	20	20	18	19	19	20	17	20	21	20	20
LOC_207	17	18	14	13	14	15	15	14	14	14	14	15	14	14	15	15	14
LOC_208	14	14	14	14	14	14	14	14	14	14	14	14	14	14	14	14	14
LOC_209	17	17	20	20	16	16	16	21	20	20	19	18	17	17	18	17	17
LOC_210	21	23	22	22	21	24	24	22	21	22	22	24	20	20	24	24	22
LOC_211	26	25	24	23	25	29	30	22	23	24	23	29	25	26	28	27	24
LOC_212	22	23	24	25	23	25	23	23	24	24	24	25	23	24	24	24	24
LOC_213	18	16	20	20	19	19	19	18	18	22	21	20	20	20	21	19	19
LOC_214	17	17	17	17	17	17	17	18	18	17	17	17	17	17	19	17	17
LOC_215	17	17	17	17	17	17	17	18	17	18	17	16	17	17	17	17	16
LOC_216	18	16	20	18	18	20	19	17	17	17	17	21	18	18	20	21	20
LOC_217	26	27	27	26	25	23	23	25	25	26	27	21	26	28	21	21	25
LOC_218	18	14	18	18	17	14	14	17	17	18	17	18	17	17	20	18	17
LOC_219	15	15	15	15	16	14	14	15	13	15	15	15	15	15	11	12	15
LOC_220	18	18	18	18	18	16	16	17	18	23	21	16	18	16	16	16	18
LOC_221	23	23	24	24	25	22	24	27	29	27	27	26	25	24	27	25	24
LOC_222	25	23	29	27	22	32	30	24	26	26	26	27	26	25	27	24	28
LOC_223	14	14	14	14	14	14	14	15	14	14	14	14	14	14	14	14	14
LOC_224	16	16	16	16	16	16	16	17	15	18	18	16	16	14	18	17	16
LOC_225	22	22	18	21	25	19	19	21	21	22	21	19	21	22	18	19	21
LOC_226	17	16	16	16	16	16	16	18	16	16	16	16	16	16	16	17	16
LOC_227	7	7	7	7	7	7	7	7	7	7	7	7	7	7	7	7	7
LOC_228	16	16	16	16	16	15	15	16	17	16	16	15	14	18	15	16	16
LOC_229	16	16	17	17	17	17	17	17	17	17	17	19	17	19	18	18	17
LOC_230	18	19	18	19	19	18	18	20	20	21	21	19	19	18	17	16	19
LOC_231	19	19	19	19	19	18	19	19	19	20	20	18	19	19	19	18	19
LOC_232	18	18	18	19	18	18	18	18	18	17	18	18	17	17	20	18	18
LOC_233	15	15	15	15	15	15	15	15	15	15	15	15	15	15	15	15	15
LOC_234	15	15	15	15	15	17	16	15	16	18	18	17	15	15	16	16	15
LOC_235	22	23	23	21	22	22	26	23	23	22	21	21	21	24	21	20	22
LOC_236	17	17	17	16	17	19	19	16	16	17	15	18	15	16	20	20	17
LOC_237	18	19	20	21	20	22	21	21	21	21	23	20	19	19	20	20	20
LOC_238	21	21	21	22	22	22	22	23	22	22	22	23	20	21	25	23	21
LOC_239	24	23	23	22	23	23	22	22	23	23	23	22	23	23	21	22	22
LOC_240	14	14	14	14	14	13	13	14	16	14	14	13	15	15	13	13	14
LOC_241	15	16	18	16	18	18	19	16	16	16	17	18	17	17	18	19	18
LOC_242	18	18	17	17	19	17	18	19	17	18	18	17	18	18	17	17	17
LOC_243	17	17	19	18	18	20	19	21	21	21	22	20	18	18	19	19	19
LOC_244	13	15	14	14	15	14	14	14	14	14	14	14	15	15	15	15	14
LOC_245	22	25	23	24	23	22	22	25	24	23	24	22	25	25	22	22	24
LOC_246	21	25	23	27	24	22	23	25	25	21	21	24	24	26	22	21	24
LOC_247	15	15	16	16	16	16	16	16	16	16	16	16	16	16	18	15	16
LOC_248	19	19	18	19	19	19	19	20	19	19	19	19	19	19	19	21	18
LOC_249	24	24	25	25	23	24	22	26	24	26	26	24	24	24	24	24	24
LOC_250	28	27	25	26	28	24	24	26	25	26	26	24	30	27	25	27	27
LOC_251	17	18	17	17	17	18	18	15	19	17	19	17	17	17	17	17	17
LOC_252	21	20	22	22	20	20	23	21	21	21	21	23	20	21	23	24	22
LOC_253	14	14	15	15	14	16	16	14	14	13	13	16	13	13	14	14	14
LOC_254	15	15	17	17	15	16	16	17	19	14	14	15	15	15	15	15	16
LOC_255	22	25	24	22	22	27	25	22	23	22	22	26	24	24	25	25	23
LOC_256	17	17	19	17	17	19	19	17	17	17	17	19	17	17	19	19	19
LOC_257	20	20	19	21	20	20	18	21	22	21	21	18	20	20	18	18	20
LOC_258	13	13	13	13	13	13	13	13	13	12	12	11	13	13	13	13	13
LOC_259	22	22	22	22	22	21	21	22	23	25	22	20	22	23	20	20	20
LOC_260	22	22	23	24	22	22	21	24	23	23	23	22	22	22	23	22	22
LOC_261	19	19	15	18	18	15	15	19	18	18	18	15	19	19	15	15	15
LOC_262	13	13	12	13	13	13	13	11	11	13	13	13	15	15	13	13	13
LOC_263	16	16	16	16	16	16	16	16	16	16	16	16	16	17	16	16	16
LOC_264	22	22	22	22	22	22	22	24	24	23	24	21	22	22	22	22	22
LOC_265	25	25	23	27	25	24	25	26	26	21	20	25	25	24	23	24	24
LOC_266	17	17	19	20	19	19	19	20	20	20	20	19	20	19	19	19	19
LOC_267	18	18	18	19	18	17	17	19	19	19	19	18	18	18	18	18	18
LOC_268	17	17	17	16	19	16	17	18	18	16	17	18	17	17	17	17	17
LOC_269	17	19	15	16	18	14	16	17	16	17	16	15	18	18	15	15	16
LOC_270	19	19	19	23	21	19	19	21	21	22	21	19	21	21	20	20	19
LOC_271	24	26	21	24	24	24	24	26	26	26	27	24	25	22	24	24	24
LOC_272	24	23	23	20	25	22	23	20	20	20	20	22	27	26	23	23	23
LOC_273	25	24	25	24	27	26	28	25	25	22	22	26	23	25	27	23	24
LOC_274	23	23	23	22	22	22	23	22	21	24	25	22	22	23	24	22	22
LOC_275	15	15	15	16	15	15	15	17	17	16	15	15	15	16	15	15	15
LOC_276	20	20	20	21	17	21	18	22	22	24	23	20	21	20	20	19	20
LOC_277	15	15	14	14	14	14	14	14	15	14	14	15	12	14	14	14	14
LOC_278	15	15	14	15	15	14	14	15	15	17	17	14	15	15	14	14	14
LOC_279	15	15	15	15	15	15	15	15	15	15	15	15	15	15	15	15	15
LOC_280	18	18	18	20	19	18	18	20	20	20	20	18	20	19	18	19	20
LOC_281	20	20	19	20	20	19	19	15	15	20	20	19	20	20	18	19	20
LOC_282	15	17	15	15	15	15	15	17	17	15	15	15	14	14	15	15	15
LOC_283	13	13	13	16	13	14	14	16	16	16	16	13	13	13	13	13	14
LOC_284	14	14	14	14	14	14	14	14	14	14	14	14	15	19	14	14	14
LOC_285	26	25	31	30	26	28	28	34	28	25	27	26	29	28	25	25	29
LOC_286	18	18	18	18	17	22	18	19	19	20	18	18	19	19	18	18	18
LOC_287	24	24	31	23	27	31	33	30	29	28	29	29	26	26	27	27	28
LOC_288	17	18	17	17	18	18	17	15	18	17	17	16	17	18	16	16	17
LOC_289	15	15	14	15	17	17	16	16	16	15	15	15	16	16	15	15	15
LOC_290	18	20	20	18	19	21	21	19	18	19	20	20	19	19	21	21	19
LOC_291	18	18	17	18	18	18	17	18	17	18	16	18	17	18	17	17	18
LOC_292	21	21	19	19	17	19	19	19	20	20	20	19	20	20	19	19	19
LOC_293	15	15	17	15	15	15	15	15	15	15	15	15	15	15	15	15	15
LOC_294	23	24	26	25	25	25	24	27	28	22	24	23	25	25	23	23	25
LOC_295	19	19	20	17	19	20	21	18	18	18	18	19	18	18	19	19	18
LOC_296	15	15	11	14	15	10	11	14	14	14	14	12	15	15	12	12	14
LOC_297	15	15	15	15	16	15	15	15	16	15	15	15	15	15	13	13	15
LOC_298	17	16	17	18	16	16	16	20	21	17	17	16	18	16	16	16	17
LOC_299	15	15	16	16	16	16	17	16	16	16	16	19	16	16	18	19	16
LOC_300	16	15	17	17	16	15	14	16	16	16	16	15	16	16	17	17	17
LOC_301	22	23	20	21	20	20	20	20	25	20	25	20	21	23	22	21	20
LOC_302	23	22	25	24	24	24	24	23	23	25	23	25	25	24	22	25	24
LOC_303	18	18	18	18	19	17	17	19	19	19	19	17	18	18	17	17	18
LOC_304	14	14	14	18	13	13	14	15	15	15	15	14	14	14	14	14	14
LOC_305	17	17	16	17	17	17	17	17	16	17	17	17	17	17	20	18	17
LOC_306	25	26	26	25	26	29	27	26	29	26	27	26	24	27	25	27	26
LOC_307	21	21	22	22	21	25	23	23	23	23	23	23	22	22	23	25	22
LOC_308	22	22	22	24	22	22	22	26	26	22	22	22	21	22	21	21	22
LOC_309	22	24	21	20	24	22	22	18	18	18	18	22	27	26	22	23	22
LOC_310	14	14	15	16	15	15	15	14	14	17	13	15	14	14	15	13	15
LOC_311	20	20	17	18	20	17	17	18	18	18	18	16	18	18	17	18	18
LOC_312	17	18	17	20	18	17	18	14	17	18	18	18	18	18	18	18	18
LOC_313	19	19	17	15	17	15	15	13	15	16	16	16	18	19	15	12	16
LOC_314	17	16	14	17	17	14	14	17	17	17	17	14	17	16	14	14	15
LOC_315	15	15	15	15	15	15	15	15	15	15	13	13	15	15	13	14	15
LOC_316	24	25	27	27	28	27	26	27	28	26	24	26	28	27	26	25	26
LOC_317	17	16	20	19	19	21	21	19	19	18	18	21	19	20	21	22	21
LOC_318	21	21	20	21	21	20	20	21	21	21	20	21	22	21	21	21	22
LOC_319	22	22	22	22	25	20	19	19	20	23	22	21	22	22	20	20	22
LOC_320	20	20	21	21	21	21	21	20	20	21	21	21	21	21	22	19	21
LOC_321	15	16	16	16	16	16	16	16	16	19	20	16	17	19	16	16	16
LOC_322	12	12	12	10	12	12	10	10	10	10	10	12	12	12	12	12	12
LOC_323	14	14	14	14	14	14	14	15	15	14	14	16	14	14	15	15	14
LOC_324	21	21	21	22	20	22	21	22	21	22	23	21	20	20	20	21	21
LOC_325	17	19	16	17	18	16	16	17	15	17	17	16	18	18	19	16	16
LOC_326	17	16	16	16	16	14	14	16	16	16	16	16	14	16	16	16	16
LOC_327	17	17	15	16	18	15	15	16	16	15	15	15	17	18	16	15	15
LOC_328	19	20	21	20	21	20	20	23	21	18	21	20	21	21	20	20	20
LOC_329	22	23	23	22	24	24	23	21	21	22	22	23	24	25	23	21	23
LOC_330	22	22	22	21	22	22	23	21	21	20	20	24	23	23	26	25	22
LOC_331	20	20	23	23	20	24	25	22	22	22	22	23	20	18	23	22	23
LOC_332	15	15	13	15	15	13	13	15	15	15	15	13	15	15	13	13	15
LOC_333	14	14	14	14	14	14	14	15	15	16	15	13	14	14	14	13	14
LOC_334	18	19	19	19	18	20	20	20	20	17	16	23	18	18	20	20	19
LOC_335	25	25	21	22	23	24	24	21	21	21	21	23	23	23	26	23	23
LOC_336	20	21	23	22	21	25	23	22	21	22	24	26	21	21	26	26	24
LOC_337	19	20	20	19	19	22	21	19	19	19	19	21	19	19	20	20	20
LOC_338	19	18	20	18	19	22	22	17	17	15	15	22	19	19	21	20	19
LOC_339	17	18	17	17	15	18	19	17	19	17	18	21	17	17	19	19	17
LOC_340	12	12	13	12	14	14	14	12	12	12	12	16	13	12	16	16	13
LOC_341	21	22	20	20	22	25	21	19	19	22	22	19	21	22	19	19	20
LOC_342	15	15	14	15	15	14	14	15	15	15	15	14	15	15	11	14	14
LOC_343	19	19	20	20	19	21	21	19	18	20	22	22	19	19	21	21	20
LOC_344	17	17	16	17	17	16	16	17	17	18	18	17	17	17	16	16	17
LOC_345	16	16	15	15	16	17	15	15	16	15	15	15	16	15	14	15	15
LOC_346	27	26	26	25	24	27	26	24	24	25	22	25	24	28	25	26	23
LOC_347	19	19	21	20	24	21	22	20	20	20	20	22	23	26	21	22	20
LOC_348	20	20	20	20	24	20	20	20	20	20	24	20	20	20	22	21	20
LOC_349	15	15	15	15	16	15	15	15	15	16	16	16	16	16	15	15	15
LOC_350	17	17	17	17	17	18	16	17	17	18	17	18	19	19	17	18	17
LOC_351	28	27	26	30	29	26	27	25	25	26	23	25	28	28	25	24	26
LOC_352	19	20	20	20	20	21	21	18	18	19	18	21	20	20	20	23	20
LOC_353	18	18	17	18	18	16	16	20	19	19	19	16	18	18	16	16	18
LOC_354	15	15	15	13	15	15	15	13	13	15	12	15	15	15	15	15	15
LOC_355	17	16	15	12	19	14	14	15	14	16	14	14	16	16	14	14	14
LOC_356	18	19	17	18	18	16	18	19	19	18	18	17	17	18	18	18	17
LOC_357	17	17	14	15	18	16	14	18	14	14	15	16	18	18	15	16	16
LOC_358	7	7	7	6	7	7	7	7	7	7	7	7	7	7	7	7	7
LOC_359	19	19	19	21	19	19	19	22	21	21	21	20	19	19	21	21	19
LOC_360	24	24	24	22	24	23	23	23	23	24	23	23	22	23	23	23	24
LOC_361	21	20	20	22	22	26	25	24	24	22	22	23	20	20	24	22	21
LOC_362	22	23	20	24	21	20	21	23	23	26	25	21	21	21	20	21	22
LOC_363	8	8	8	8	8	8	8	16	14	12	12	8	8	8	5	5	8
LOC_364	14	14	13	14	14	14	14	15	15	14	14	14	15	15	14	14	14
LOC_365	24	25	25	24	25	24	24	22	22	25	23	22	29	27	22	25	25
LOC_366	18	17	17	17	17	17	17	17	17	17	17	17	16	17	17	17	17
LOC_367	17	17	16	17	17	17	18	17	17	17	17	19	17	17	18	18	16
LOC_368	24	24	25	23	24	29	25	20	24	23	24	26	25	26	28	25	24
LOC_369	30	27	29	29	27	27	27	29	29	30	29	29	27	25	27	27	28
LOC_370	17	17	21	20	19	22	22	18	18	18	17	21	19	19	21	17	18
LOC_371	23	23	24	24	23	22	20	23	24	25	25	20	23	23	21	22	23
LOC_372	20	21	21	21	21	19	20	20	20	17	20	21	21	20	21	19	21
LOC_373	14	14	14	14	14	17	17	13	13	13	13	16	14	15	19	16	14
LOC_374	15	15	15	15	15	18	18	16	16	18	18	15	16	15	15	15	15
LOC_375	18	19	18	18	19	17	17	20	19	19	19	18	20	21	18	18	18
LOC_376	20	20	21	20	21	21	20	22	18	20	20	20	20	19	20	20	20
LOC_377	25	25	23	21	23	28	28	21	21	20	22	26	22	24	25	25	23
LOC_378	23	23	22	23	23	21	21	26	24	24	23	23	23	24	23	23	23
LOC_379	19	19	18	19	19	18	18	19	19	19	20	17	19	20	20	20	18
LOC_380	18	17	21	19	20	21	21	20	20	19	19	21	21	20	24	26	18
LOC_381	14	14	14	16	14	13	13	14	15	15	15	13	14	14	13	14	14
LOC_382	18	18	18	18	16	16	16	18	18	18	18	16	16	16	16	16	18
LOC_383	17	17	17	17	17	17	17	17	17	16	15	17	17	17	19	17	17
LOC_384	15	15	14	16	15	14	14	16	18	17	16	14	15	15	14	14	14
LOC_385	19	18	19	19	18	18	18	19	19	19	18	18	18	18	18	18	18
LOC_386	18	19	20	20	19	19	18	19	20	20	20	20	19	19	22	22	19
LOC_387	17	17	16	17	17	17	16	18	17	17	17	16	15	15	16	16	17
LOC_388	28	27	28	32	26	28	27	30	31	27	27	26	25	26	26	24	28
LOC_389	18	18	16	18	18	18	18	19	20	17	17	20	18	16	18	18	18
LOC_390	7	8	7	7	7	7	8	7	7	7	7	7	7	8	7	7	7
LOC_391	22	21	24	25	22	23	23	22	22	22	22	25	22	22	27	25	22
LOC_392	22	22	20	22	22	22	22	21	21	21	21	22	23	22	22	22	22
LOC_393	17	17	15	15	15	15	17	15	15	15	15	15	15	15	16	16	15
LOC_394	15	16	16	16	12	18	18	16	16	16	16	16	15	15	17	16	16
LOC_395	19	18	19	20	19	19	18	20	20	19	21	19	17	17	18	18	20
LOC_396	17	19	17	18	17	17	17	18	18	18	18	15	17	16	17	17	17
LOC_397	19	19	19	19	18	17	18	19	21	19	18	18	18	17	18	17	19
LOC_398	17	18	18	17	20	18	18	17	17	18	15	18	20	21	18	18	17
LOC_399	25	25	32	29	29	29	31	24	28	28	29	31	28	29	30	33	29
LOC_400	17	20	15	16	17	15	14	16	16	15	15	15	17	17	15	15	15
LOC_401	13	13	13	13	13	13	13	13	13	13	13	13	13	13	14	14	13
LOC_402	14	14	15	14	15	15	15	14	14	16	17	15	15	15	14	15	14
LOC_403	14	14	14	14	15	12	12	14	14	14	14	14	17	15	14	15	14
LOC_404	12	12	10	11	10	10	10	11	11	11	11	10	10	10	8	10	10
LOC_405	16	16	16	16	16	18	18	16	17	15	15	18	16	16	15	15	16
LOC_406	19	19	18	19	19	18	19	20	19	20	19	18	17	19	19	19	19
LOC_407	19	19	17	17	20	19	20	18	18	20	18	18	20	21	16	17	17
LOC_408	14	13	15	14	14	15	15	12	12	12	12	15	14	14	15	14	14
LOC_409	14	14	15	15	15	17	19	18	17	16	16	16	16	15	18	18	15
LOC_410	16	16	15	16	16	15	15	16	16	16	16	15	15	16	15	15	16
LOC_411	14	14	15	14	14	19	15	14	14	14	14	15	14	13	14	14	14
LOC_412	17	18	19	19	18	18	18	18	20	19	19	17	18	20	16	16	19
LOC_413	19	19	20	23	20	20	20	23	23	22	22	20	22	18	20	20	20
LOC_414	15	15	15	15	16	16	16	15	15	14	15	16	15	15	16	16	15
LOC_415	14	14	17	14	15	14	14	14	14	14	14	14	14	14	14	14	14
LOC_416	13	18	19	17	18	23	22	16	16	17	17	20	16	16	20	20	17
LOC_417	15	15	13	14	15	14	15	14	14	14	14	15	18	15	15	15	14
LOC_418	16	15	14	14	14	15	15	14	14	14	15	16	14	13	14	14	14
LOC_419	18	16	18	15	16	16	16	14	15	15	15	16	17	17	16	17	15
LOC_420	13	13	12	13	13	12	12	14	14	13	13	11	13	12	12	12	13
LOC_421	17	17	17	17	17	17	17	17	15	18	18	17	18	18	17	17	17
LOC_422	21	21	23	21	20	22	22	21	21	22	23	22	20	19	23	22	23
LOC_423	9	9	9	9	9	9	9	9	9	9	9	9	9	9	9	9	9
LOC_424	21	21	20	20	21	20	20	22	21	23	23	20	23	24	22	20	20
LOC_425	15	15	16	16	16	16	16	16	16	16	16	17	14	14	17	18	16
LOC_426	18	18	18	18	18	18	17	18	18	19	18	17	18	18	17	17	17
LOC_427	19	19	20	18	21	20	20	18	18	18	19	20	21	21	20	20	20
LOC_428	17	17	16	17	17	16	17	16	16	17	17	15	18	20	16	16	16
LOC_429	18	18	20	20	19	21	21	19	19	19	19	21	19	19	21	21	19
LOC_430	19	19	18	19	20	17	17	20	21	19	18	19	20	19	19	17	19
LOC_431	18	18	19	18	21	19	19	18	18	21	19	19	19	19	20	20	19
LOC_432	14	16	14	14	15	14	14	14	12	15	15	14	14	14	14	14	14
LOC_433	22	23	24	23	23	27	27	24	24	23	24	23	23	23	24	23	23
LOC_434	19	19	19	15	19	19	19	15	15	15	15	19	19	19	20	20	19
LOC_435	27	26	26	25	25	26	24	24	25	23	26	26	27	26	28	27	25
LOC_436	22	23	22	24	26	22	22	25	24	23	23	22	23	23	21	20	24
LOC_437	31	29	22	26	25	23	23	24	24	25	25	23	26	26	23	22	22
LOC_438	23	24	23	24	23	23	22	21	22	23	22	22	23	23	24	23	23
LOC_439	15	16	16	16	15	16	16	16	16	15	15	16	15	16	16	16	16
LOC_440	21	22	20	20	21	21	20	20	22	20	20	24	21	20	23	21	20
LOC_441	16	16	18	16	18	17	16	17	17	17	17	16	16	16	16	16	16
LOC_442	26	22	22	22	22	22	22	24	23	24	24	21	23	24	22	22	22
LOC_443	18	18	18	19	18	18	18	18	18	17	18	19	19	19	19	18	18
LOC_444	20	20	20	21	20	19	21	19	19	21	19	20	18	20	20	20	20
LOC_445	22	21	21	22	21	22	23	21	21	21	20	21	21	24	20	21	22
LOC_446	18	17	17	18	18	17	17	18	18	21	21	17	21	20	18	18	18
LOC_447	17	17	18	19	19	20	19	20	19	19	19	18	16	16	18	18	18
LOC_448	27	26	29	24	25	32	29	23	24	27	28	28	26	26	28	27	28
LOC_449	17	17	17	17	17	18	18	17	17	17	17	17	17	17	18	18	17
LOC_450	20	20	19	20	20	21	22	21	22	21	23	20	25	20	20	20	20
LOC_451	14	14	15	15	14	15	15	11	14	15	14	15	14	17	15	15	14
LOC_452	18	18	19	18	18	19	19	16	16	18	18	19	18	18	19	17	19
LOC_453	18	18	18	19	18	21	19	18	18	18	18	19	19	19	18	18	18
LOC_454	26	23	20	22	23	22	20	22	23	22	22	20	21	21	20	20	21
LOC_455	16	16	16	16	16	16	16	16	16	18	16	15	16	16	15	15	16
LOC_456	16	15	15	15	15	14	14	15	15	15	15	15	15	15	15	15	15
LOC_457	23	25	22	23	25	21	20	24	25	23	23	22	26	25	22	22	22
LOC_458	17	16	16	18	16	16	16	19	16	18	19	16	16	16	15	15	16
LOC_459	7	7	7	7	7	8	7	7	7	8	8	7	7	7	7	7	7
LOC_460	18	18	18	17	18	19	19	21	21	18	18	18	18	18	18	18	18
LOC_461	14	16	13	14	11	13	13	14	14	14	14	13	12	11	13	13	14
LOC_462	23	21	22	19	21	23	21	19	19	20	19	19	22	21	20	20	21
LOC_463	22	22	26	20	22	26	27	19	19	22	21	26	17	22	26	27	25
LOC_464	19	18	18	18	18	21	17	19	17	19	19	17	19	18	17	17	18
LOC_465	23	24	27	23	24	27	27	25	25	24	24	29	27	27	27	28	25
LOC_466	22	22	23	23	23	25	24	22	22	24	24	25	23	23	25	25	24
LOC_467	18	19	19	21	19	19	19	22	21	21	21	20	19	19	19	19	19
LOC_468	16	17	14	16	16	15	15	16	16	16	16	15	15	16	15	15	14
LOC_469	24	25	24	25	25	24	24	23	23	24	25	23	23	22	25	24	23
LOC_470	22	23	24	23	23	24	22	24	23	24	23	24	23	24	23	24	23
LOC_471	19	19	21	19	19	22	20	22	22	19	19	20	20	19	20	20	19
LOC_472	17	20	16	14	16	13	15	14	12	12	14	13	16	15	13	13	16
LOC_473	22	22	22	22	21	24	24	21	19	21	22	23	22	23	22	23	21
LOC_474	15	15	15	15	15	16	15	17	16	16	16	15	15	15	15	15	15
LOC_475	16	16	16	15	16	16	16	15	15	15	15	16	16	16	16	16	16
LOC_476	16	16	16	17	16	19	17	17	17	16	16	16	16	16	16	16	16
LOC_477	19	19	18	19	16	19	19	18	19	19	19	19	16	16	19	19	19
LOC_478	16	16	16	16	16	17	17	17	17	17	17	17	19	19	17	17	16
LOC_479	17	18	17	19	20	17	17	17	16	18	18	16	20	20	15	15	17
LOC_480	15	19	17	16	17	17	15	17	17	17	17	17	17	17	17	17	17
LOC_481	16	17	13	16	16	13	13	17	17	16	16	13	17	16	13	13	16
LOC_482	17	17	19	16	17	16	16	17	17	16	12	16	16	17	15	15	17
LOC_483	24	25	23	24	23	23	23	25	25	25	24	23	21	23	23	23	24
LOC_484	29	27	25	24	26	24	25	24	23	23	23	25	26	26	23	24	25
LOC_485	15	15	17	16	15	18	18	15	14	16	15	17	15	15	16	16	17
LOC_486	19	20	23	23	19	22	22	22	21	21	21	23	19	19	23	23	23
LOC_487	18	18	18	18	18	18	17	20	19	18	18	17	21	21	17	17	17
LOC_488	24	24	23	24	25	25	26	23	23	23	24	23	24	24	24	23	23
LOC_489	20	19	18	19	21	18	18	18	17	18	18	19	19	19	22	20	18
LOC_490	14	14	14	14	12	14	14	14	14	14	14	14	14	14	14	14	14
LOC_491	22	22	21	21	22	21	22	23	23	22	22	21	23	22	25	20	21
LOC_492	22	20	20	21	21	20	20	23	24	23	23	20	25	26	22	20	20
LOC_493	27	26	28	27	26	28	30	30	26	26	25	28	28	26	28	27	27
LOC_494	17	17	18	17	16	20	19	17	16	17	17	18	19	18	17	17	17
LOC_495	21	22	24	24	24	24	24	22	23	24	23	24	23	23	24	24	23
LOC_496	15	17	22	22	23	22	22	24	24	23	23	22	24	23	21	21	22
LOC_497	15	17	20	17	17	20	20	17	17	17	17	19	17	17	20	22	20
LOC_498	8	8	8	10	8	8	8	8	8	8	8	8	8	8	8	8	8
LOC_499	20	19	26	21	22	26	25	21	21	21	21	25	22	22	29	30	21
LOC_500	19	19	19	19	22	19	19	19	18	19	19	18	19	19	18	18	19
LOC_501	17	17	17	17	17	17	17	17	17	17	17	17	17	17	17	17	17
LOC_502	25	24	24	29	25	26	28	26	26	28	28	25	25	26	28	27	27
LOC_503	7	7	9	7	8	7	7	7	7	7	7	7	7	7	7	8	7
LOC_504	15	15	15	15	15	15	15	18	18	19	19	15	15	15	15	15	15
LOC_505	22	25	21	20	23	21	22	22	21	22	23	21	24	23	20	20	21
LOC_506	15	15	14	15	15	15	15	15	15	15	15	14	15	15	12	12	14
LOC_507	15	15	14	15	17	15	14	15	13	15	15	13	17	17	13	13	14
LOC_508	18	18	18	19	18	18	18	20	20	18	18	18	18	18	18	19	18
LOC_509	19	19	18	19	18	20	20	19	19	19	19	20	19	19	20	20	19
LOC_510	17	17	20	20	19	21	21	20	19	21	20	17	18	19	20	19	20
LOC_511	20	20	20	20	20	20	20	21	21	19	20	23	20	20	22	22	20
LOC_512	23	23	23	25	24	23	24	25	24	23	27	22	23	23	23	23	23
LOC_513	16	16	16	17	16	16	16	17	15	15	15	17	16	16	17	18	16
LOC_514	14	14	14	14	15	14	15	14	14	14	14	14	15	15	16	14	14
LOC_515	17	17	19	18	20	22	21	20	19	18	18	20	17	17	20	21	18
LOC_516	18	18	18	18	19	18	19	20	20	19	15	18	18	17	18	18	18
LOC_517	21	21	19	19	20	20	19	19	19	19	19	20	22	22	20	19	19
LOC_518	23	22	21	22	23	19	21	21	21	21	22	22	23	23	23	23	21
LOC_519	18	17	17	17	19	17	17	17	17	17	18	14	17	17	14	14	17
LOC_520	19	20	20	18	20	19	19	18	16	18	18	22	22	20	20	21	20
LOC_521	17	16	16	17	16	18	20	14	14	14	14	15	16	16	15	15	16
LOC_522	19	19	19	19	20	19	19	21	21	20	18	19	19	19	19	19	19
LOC_523	19	19	20	18	18	22	21	19	19	20	20	21	18	19	29	23	18
LOC_524	23	25	22	22	22	20	20	21	21	20	21	22	22	21	22	22	22
LOC_525	19	19	18	18	20	18	18	19	23	19	18	18	20	21	18	19	18
LOC_526	14	14	14	14	13	14	14	15	16	14	14	15	14	14	14	15	14
LOC_527	12	15	18	18	17	18	19	18	19	19	19	18	17	16	18	18	18
LOC_528	18	18	18	18	18	19	18	17	17	17	17	18	23	21	17	18	18
LOC_529	16	17	16	16	16	15	15	17	17	16	17	16	16	16	16	17	16
LOC_530	16	16	13	16	14	14	14	16	16	16	16	14	14	14	12	15	14
LOC_531	22	22	21	21	24	23	23	22	22	22	22	22	24	21	21	21	22
LOC_532	18	17	15	15	17	16	16	16	16	16	16	19	17	17	17	17	16
LOC_533	23	20	19	20	20	20	19	21	21	18	19	19	22	22	18	19	19
LOC_534	18	18	17	18	19	20	20	19	19	18	18	23	19	19	16	20	18
LOC_535	21	21	20	22	20	20	18	24	23	22	23	21	21	21	20	19	20
LOC_536	16	16	16	16	16	17	16	16	16	16	16	16	16	16	16	16	16
LOC_537	23	22	22	22	21	21	22	22	20	21	22	23	21	21	27	24	21
LOC_538	20	20	22	21	21	20	20	19	21	20	20	22	20	20	23	23	21
LOC_539	31	29	30	31	31	29	28	31	29	30	29	29	29	31	32	30	30
LOC_540	28	27	25	27	26	29	27	27	27	27	25	27	26	27	27	27	27
LOC_541	14	14	14	14	15	15	14	15	15	14	14	14	14	14	13	13	14
LOC_542	18	18	17	17	18	18	18	18	18	18	16	18	17	17	18	18	17
LOC_543	20	19	19	21	21	21	21	21	24	23	23	19	20	20	20	22	20
LOC_544	12	12	12	12	12	13	12	12	12	12	12	12	12	12	12	12	12
LOC_545	17	17	15	18	17	17	17	18	18	19	19	16	17	18	15	15	17
LOC_546	16	17	19	18	17	19	19	18	18	18	18	19	16	17	19	19	18
LOC_547	25	22	25	23	24	22	22	22	22	22	22	22	24	22	21	22	22
LOC_548	29	28	28	28	27	29	27	29	29	27	27	27	28	27	29	26	28
LOC_549	15	16	14	16	16	16	16	16	15	15	15	16	16	15	14	14	16
LOC_550	23	21	20	23	24	20	20	22	22	23	22	20	23	24	20	20	24
LOC_551	15	12	15	17	14	15	15	17	17	18	17	15	14	14	15	15	15
LOC_552	17	16	16	16	15	16	16	17	15	16	16	17	15	15	16	16	16
LOC_553	19	19	18	15	19	18	18	12	12	16	16	18	18	20	19	19	18
LOC_554	14	14	14	14	14	15	14	14	14	14	14	14	14	14	14	14	14
LOC_555	20	23	21	19	22	24	22	21	21	20	20	21	23	22	22	22	22
LOC_556	17	17	17	20	17	17	17	19	19	20	20	17	17	17	18	18	17
LOC_557	20	21	23	21	21	21	20	21	21	21	21	20	23	22	22	23	21
LOC_558	18	18	18	18	18	19	19	22	21	20	20	18	18	18	19	19	18
LOC_559	15	15	16	16	15	16	16	17	17	15	15	17	17	17	17	17	16
LOC_560	21	21	21	21	20	21	21	21	21	21	21	23	22	20	22	22	21
LOC_561	22	23	25	24	24	27	25	21	22	24	24	26	26	26	27	27	24
LOC_562	27	27	23	25	25	21	19	21	21	19	19	23	24	24	20	21	22
LOC_563	28	30	26	26	25	26	23	26	25	27	28	25	26	26	28	28	27
LOC_564	18	18	18	17	18	18	18	17	17	17	17	18	19	18	18	18	18
LOC_565	19	20	19	17	20	19	19	21	21	21	21	21	19	19	21	21	19
LOC_566	15	15	16	17	15	16	16	16	16	15	17	16	15	15	18	19	15
LOC_567	23	24	24	22	23	24	24	22	22	23	23	24	22	23	25	23	23
LOC_568	19	18	18	18	18	19	18	18	18	19	18	19	17	17	18	18	18
LOC_569	18	18	17	17	17	17	17	19	17	18	19	17	18	17	17	17	17
LOC_570	19	19	19	19	18	20	22	20	19	21	22	23	19	19	20	20	19
LOC_571	19	19	18	18	19	17	17	19	19	19	19	17	19	19	15	16	17
LOC_572	17	17	17	17	17	17	17	17	17	18	18	19	17	17	19	19	17
LOC_573	20	20	19	20	19	20	20	19	19	19	19	19	19	18	21	19	19
LOC_574	25	21	21	20	21	22	21	19	19	21	21	22	23	21	19	22	21
LOC_575	16	17	18	17	16	18	18	19	17	19	19	18	16	16	18	18	17
LOC_576	18	18	19	17	17	20	20	18	18	19	19	20	18	18	19	20	18
LOC_577	13	13	12	12	12	12	12	12	12	12	17	12	12	12	12	12	12
LOC_578	14	14	14	17	14	15	15	17	17	17	17	14	12	14	13	13	14
LOC_579	24	23	15	22	22	20	20	22	22	23	24	19	24	26	21	22	20
LOC_580	15	15	15	15	15	14	14	14	15	14	14	15	15	15	15	15	14
LOC_581	18	19	18	18	20	18	18	18	18	18	18	18	19	19	18	18	18
LOC_582	18	19	18	18	18	17	17	17	16	19	19	18	17	17	17	17	18
LOC_583	14	14	14	14	14	15	15	14	14	14	14	14	14	14	14	14	14
LOC_584	25	24	21	23	22	19	19	21	21	23	24	19	23	22	22	21	20
LOC_585	13	13	16	13	13	17	16	13	13	13	13	16	13	13	15	16	14
LOC_586	19	19	20	20	19	22	22	17	17	19	19	22	19	19	22	21	20
LOC_587	14	14	12	13	13	12	12	13	13	13	13	12	13	13	13	13	12
LOC_588	29	27	26	27	30	26	24	27	26	27	28	27	32	32	28	27	28
LOC_589	8	8	8	8	8	8	8	8	8	8	8	8	8	8	8	8	8
LOC_590	11	11	14	14	11	14	15	13	13	13	13	17	11	11	17	17	14
LOC_591	17	17	17	17	17	18	19	17	17	17	17	18	17	17	18	18	17
LOC_592	12	12	11	11	11	11	11	10	11	13	13	12	11	11	12	12	11
LOC_593	14	14	14	14	14	14	14	13	13	14	14	14	14	14	15	15	14
LOC_594	26	26	27	26	24	29	30	25	25	22	22	28	22	24	24	24	26
LOC_595	18	18	18	18	17	18	18	21	22	19	20	18	17	17	18	18	18
LOC_596	27	27	26	27	27	25	26	26	25	26	28	26	29	30	28	27	26
LOC_597	19	19	20	20	19	20	20	19	19	19	19	19	18	19	18	19	20
LOC_598	17	17	21	20	17	19	19	20	18	19	19	19	19	18	19	19	21
LOC_599	30	30	27	29	32	30	30	27	28	28	29	31	29	29	30	29	29
LOC_600	26	25	28	25	27	26	25	24	23	26	25	24	25	25	24	25	26
LOC_601	15	15	14	14	14	14	14	14	14	14	14	14	14	14	13	13	14
LOC_602	16	14	14	14	14	15	14	14	14	14	14	14	16	16	14	14	14
LOC_603	18	17	17	18	18	17	17	20	20	19	19	17	19	18	17	17	17
LOC_604	26	24	26	26	25	27	25	27	23	28	26	24	27	28	24	24	26
LOC_605	23	25	25	23	23	25	24	22	23	22	25	25	25	25	24	24	23
LOC_606	14	14	14	14	14	14	14	14	14	14	14	15	14	14	14	14	14
LOC_607	20	20	19	20	19	20	21	20	20	21	21	18	19	19	19	19	19
LOC_608	24	24	25	26	27	24	24	27	27	27	28	23	24	27	24	24	24
LOC_609	30	27	25	27	31	27	26	30	32	27	25	26	28	30	26	25	30
LOC_610	18	17	16	16	16	16	16	16	16	16	15	16	16	16	14	16	16
LOC_611	21	22	23	22	23	22	25	21	21	23	22	23	21	22	20	21	22
LOC_612	15	15	15	13	15	15	15	14	14	15	15	15	14	12	15	15	15
LOC_613	26	27	26	30	32	25	26	25	26	26	26	25	28	27	24	24	27
LOC_614	28	26	27	28	29	28	26	30	33	28	29	27	28	27	25	27	29
LOC_615	18	18	18	18	19	19	19	19	20	18	18	20	20	19	18	18	18
LOC_616	22	21	22	22	21	21	22	22	23	22	22	22	21	21	22	22	22
LOC_617	28	27	30	29	27	28	32	32	30	33	31	26	28	25	24	24	29
LOC_618	16	21	18	18	22	19	19	19	21	19	19	20	21	21	20	20	19
LOC_619	20	22	21	22	22	19	19	24	23	24	23	20	22	22	20	19	21
LOC_620	19	22	23	26	23	24	24	28	25	23	23	25	24	24	24	24	24
LOC_621	27	26	24	26	27	26	26	26	26	28	27	23	27	28	28	27	25
LOC_622	24	24	21	26	25	21	20	27	26	27	28	21	25	25	21	22	23
LOC_623	23	23	24	23	24	23	22	22	22	25	24	21	23	23	22	22	23
LOC_624	20	20	19	20	17	18	18	21	17	20	20	18	17	17	18	18	20
LOC_625	12	13	14	13	15	14	14	13	13	13	13	14	13	13	17	17	14
LOC_626	18	18	16	16	16	16	16	16	16	16	16	16	16	16	15	17	16
LOC_627	13	14	14	15	15	14	14	15	15	15	15	15	15	15	14	14	14
LOC_628	19	19	17	14	17	17	17	17	18	17	17	17	16	17	18	17	17
LOC_629	19	19	20	23	20	20	20	21	21	20	20	20	19	22	20	20	20
LOC_630	16	16	16	16	16	16	16	15	15	15	16	16	15	16	18	18	16
LOC_631	21	19	19	19	19	21	19	19	15	19	19	19	19	19	19	19	19
LOC_632	12	12	16	11	12	16	16	11	11	14	11	16	12	12	16	16	16
LOC_633	20	21	20	20	20	20	20	19	19	18	19	20	20	20	21	20	20
LOC_634	24	23	22	23	21	21	19	23	23	22	23	22	22	22	21	22	22
LOC_635	18	18	18	18	18	20	19	21	21	18	18	19	18	18	18	19	18
LOC_636	19	18	17	17	17	17	17	19	19	16	16	16	17	17	18	18	17
LOC_637	15	15	15	15	15	15	15	15	15	17	16	14	14	15	14	14	15
LOC_638	17	18	18	18	19	17	17	17	19	18	18	18	17	17	19	18	18
LOC_639	23	22	24	22	23	24	24	18	19	22	22	25	21	21	25	25	24
LOC_640	21	21	19	22	20	19	20	23	23	23	23	20	20	20	22	20	20
LOC_641	23	24	20	20	25	20	21	21	20	20	20	18	22	21	18	18	20
LOC_642	26	27	24	25	29	25	25	25	27	28	26	21	26	27	24	22	28
LOC_643	23	23	22	23	21	22	23	23	24	22	22	22	21	23	22	22	22
LOC_644	26	24	22	22	21	21	21	23	23	20	22	21	21	21	22	22	22
LOC_645	18	18	18	18	18	16	16	18	18	18	20	17	19	19	18	17	18
LOC_646	18	18	16	17	17	18	18	17	17	17	18	18	16	17	18	18	16
LOC_647	13	13	14	14	13	15	14	14	14	13	13	14	13	13	13	14	14
LOC_648	17	15	15	15	15	15	15	14	14	14	14	15	15	15	15	14	15
LOC_649	16	16	17	17	17	17	17	17	17	18	17	17	17	17	17	17	17
LOC_650	22	22	24	24	21	24	24	26	25	25	24	24	22	19	24	24	24
LOC_651	15	15	15	15	16	14	11	15	15	15	15	15	15	15	15	15	15
LOC_652	16	16	16	16	16	16	15	12	12	12	12	16	16	16	16	16	16
LOC_653	21	24	25	23	23	25	26	24	25	30	28	25	22	22	30	30	24
LOC_654	23	23	21	21	21	21	24	22	22	25	24	21	21	23	20	19	21
LOC_655	25	23	24	28	25	23	24	27	27	26	27	23	27	26	25	22	24
LOC_656	15	15	15	15	15	15	15	15	15	15	15	16	15	14	18	17	15
LOC_657	16	16	15	15	17	15	15	16	16	16	16	15	17	17	16	18	16
LOC_658	26	25	25	25	26	26	25	26	27	25	24	24	26	25	23	24	25
LOC_659	18	19	19	18	19	21	21	18	18	17	18	18	18	18	19	18	18
LOC_660	16	17	16	16	20	16	16	17	16	15	16	16	21	18	16	16	16
LOC_661	8	8	9	9	8	9	9	11	11	11	11	9	8	8	9	9	9
LOC_662	17	16	16	16	17	17	17	16	16	18	18	17	17	17	20	20	16
LOC_663	18	18	18	18	19	19	19	18	19	19	19	18	17	18	18	18	18
LOC_664	26	26	25	27	26	25	28	26	26	27	27	25	27	26	28	26	26
LOC_665	12	12	12	12	12	12	13	13	13	13	13	14	12	12	14	15	12
LOC_666	20	21	21	23	21	22	22	20	20	23	22	21	21	21	21	21	23
LOC_667	18	19	18	17	17	18	18	17	18	17	17	20	18	18	18	20	17
LOC_668	20	20	20	20	21	22	21	21	19	20	20	21	22	20	20	20	20
LOC_669	25	25	23	24	24	22	21	24	23	26	25	21	24	24	25	23	23
LOC_670	14	13	14	14	14	17	13	14	14	14	14	14	14	14	15	15	14
LOC_671	16	16	15	16	16	15	15	18	17	16	16	15	17	16	15	15	16
LOC_672	20	20	21	21	20	21	21	21	20	22	22	22	20	20	20	20	21
LOC_673	21	21	20	20	20	21	19	20	20	20	22	22	21	21	21	24	21
LOC_674	23	22	22	19	21	19	20	20	20	20	20	20	21	21	17	18	21
LOC_675	17	18	18	18	18	18	18	18	18	18	18	18	18	18	18	18	18
LOC_676	22	24	22	20	24	22	22	19	19	20	20	20	24	23	20	20	20
LOC_677	17	16	16	15	17	16	16	19	19	16	16	16	17	17	16	16	16
LOC_678	20	20	20	21	20	20	19	18	21	21	21	21	20	20	22	22	20
LOC_679	18	17	15	15	17	14	15	15	15	16	15	15	17	17	16	14	15
LOC_680	15	18	18	17	17	17	17	17	17	18	17	18	16	17	18	18	18
LOC_681	17	17	17	17	17	18	18	17	17	17	17	17	17	17	17	18	16
LOC_682	13	13	17	16	13	18	18	16	16	16	16	18	13	13	18	18	14
LOC_683	23	22	20	20	21	22	22	22	22	23	23	24	24	22	23	21	22
LOC_684	32	30	27	27	30	27	28	26	28	25	27	26	28	29	28	27	28
LOC_685	23	22	23	23	23	23	23	23	23	26	23	23	23	23	22	22	23
LOC_686	15	15	18	18	16	18	20	18	16	18	18	17	16	18	17	17	17
LOC_687	20	20	21	22	23	21	21	21	22	21	25	20	21	21	21	21	21
LOC_688	22	25	27	23	23	26	24	22	22	23	22	24	23	23	24	24	24
LOC_689	23	23	22	23	23	21	21	24	22	23	22	25	23	23	21	22	23
LOC_690	21	24	21	21	22	22	21	20	22	22	22	21	27	26	22	21	21
LOC_691	20	20	21	20	22	23	23	20	20	20	20	23	24	19	24	24	20
LOC_692	19	19	22	19	19	19	19	19	19	19	19	20	19	19	20	19	19
LOC_693	23	22	19	19	24	19	20	19	20	21	21	20	24	23	19	19	19
LOC_694	16	16	16	17	17	16	16	16	16	16	16	16	16	17	16	16	16
LOC_695	17	17	17	17	17	19	17	17	19	17	18	18	18	14	18	18	17
LOC_696	24	24	23	24	24	22	22	26	27	24	22	21	24	23	21	19	23
LOC_697	21	20	22	22	23	22	22	23	23	23	22	22	23	23	26	24	22
LOC_698	29	29	26	26	28	32	32	27	29	25	29	28	30	28	25	27	28
LOC_699	15	15	15	15	15	16	19	20	20	21	21	15	15	15	15	15	15
LOC_700	18	18	17	17	18	17	17	17	17	17	16	17	18	19	17	17	17
LOC_701	15	15	16	17	16	16	16	17	17	17	18	16	15	19	16	17	16
LOC_702	21	21	22	21	22	21	21	21	21	21	21	19	23	23	19	19	21
LOC_703	27	27	28	26	29	27	28	27	25	24	24	28	33	29	30	28	29
LOC_704	27	27	29	28	30	26	28	26	27	26	26	29	29	28	28	28	28
LOC_705	19	19	18	20	20	20	20	17	19	18	18	18	20	23	18	18	19
LOC_706	21	21	21	21	21	22	22	20	20	20	20	22	20	21	22	22	21
LOC_707	18	20	17	18	17	19	19	19	19	19	19	18	18	18	18	18	18
LOC_708	27	27	29	30	30	31	31	28	28	29	30	29	27	28	29	29	30
LOC_709	26	25	28	28	28	27	26	27	27	28	27	30	27	27	30	31	29
LOC_710	20	20	19	20	22	20	20	21	22	18	17	19	23	22	21	24	20
LOC_711	12	12	12	12	14	12	12	12	12	12	12	13	12	12	12	11	12
LOC_712	26	23	23	24	23	24	24	23	24	23	24	21	23	23	22	22	23
LOC_713	18	20	22	29	22	21	21	24	22	25	25	22	22	22	24	23	23
LOC_714	17	15	16	17	15	16	16	19	19	17	17	16	15	15	16	16	15
LOC_715	17	17	16	15	16	16	16	15	15	15	15	16	16	17	17	17	16
LOC_716	29	29	29	29	30	31	29	29	28	32	31	34	29	28	30	29	28
LOC_717	30	27	29	29	29	29	30	23	27	27	27	34	28	28	34	32	30
LOC_718	17	19	18	17	17	19	19	19	19	20	20	20	17	18	19	19	17
LOC_719	29	30	28	29	29	27	28	29	28	33	31	26	29	30	26	27	29
LOC_720	28	29	30	28	29	31	31	28	28	26	28	33	31	29	32	30	30
LOC_721	28	27	27	28	26	24	26	28	28	29	27	25	26	27	29	29	28
LOC_722	16	16	16	16	16	16	16	15	15	15	15	16	16	16	16	16	16
LOC_723	23	22	22	21	25	21	20	20	21	21	21	21	24	22	21	21	21
LOC_724	27	27	28	31	27	25	26	33	31	28	29	28	25	27	29	27	28
LOC_725	19	20	19	19	18	16	18	20	19	19	18	19	18	18	19	19	19
LOC_726	24	24	23	23	26	24	23	19	19	22	21	24	27	26	26	24	23
LOC_727	22	25	21	23	21	21	21	23	25	23	23	21	21	21	21	21	21
LOC_728	17	17	18	18	18	18	18	17	16	19	19	18	18	18	19	18	18
LOC_729	27	31	27	29	31	27	27	30	30	29	31	26	28	30	26	26	27
LOC_730	29	30	28	30	29	28	27	28	30	31	30	27	29	30	30	27	30
LOC_731	29	26	28	27	30	28	27	30	30	27	26	27	28	29	27	30	27
LOC_732	17	17	17	16	17	20	20	17	17	17	17	17	17	18	18	17	17
LOC_733	22	23	22	23	24	22	22	23	23	21	22	23	26	22	22	21	22
LOC_734	28	27	26	27	26	27	29	29	31	25	26	26	27	27	26	25	27
LOC_735	27	28	28	25	27	28	25	28	26	27	28	26	29	27	28	28	28
LOC_736	20	19	20	20	18	20	20	21	20	20	20	20	17	18	20	20	20
LOC_737	21	21	17	18	20	18	19	18	18	18	18	18	19	19	19	20	17
LOC_738	28	28	28	26	32	26	26	29	27	24	23	26	33	33	26	27	27
LOC_739	16	14	17	16	16	16	16	16	16	16	16	16	18	18	16	16	16
LOC_740	20	20	21	21	23	19	21	24	24	24	24	21	14	19	20	20	21
LOC_741	25	25	24	28	23	23	22	29	32	32	34	24	26	26	26	25	25
LOC_742	19	18	21	21	23	21	21	22	21	22	23	22	23	23	21	21	22
LOC_743	19	21	18	20	21	19	19	20	20	19	20	20	21	21	19	19	20
LOC_744	16	16	15	16	16	14	14	18	17	17	16	14	16	15	15	14	14
LOC_745	16	16	16	18	19	16	16	16	16	16	16	17	17	17	16	16	16
LOC_746	27	27	27	26	28	33	31	27	27	26	26	27	29	28	29	27	28
LOC_747	16	16	16	16	16	16	16	17	16	16	16	17	16	16	17	17	16
LOC_748	15	15	15	15	16	15	15	17	18	15	15	15	16	16	15	15	15
LOC_749	19	21	20	21	21	22	21	19	19	21	21	22	21	22	22	23	21
LOC_750	21	22	23	22	21	21	21	21	23	23	22	23	21	22	24	24	22
LOC_751	17	17	18	17	14	18	19	16	16	16	16	18	17	17	17	17	18
LOC_752	23	22	24	22	23	24	21	23	23	23	21	25	22	23	25	25	23
LOC_753	26	25	20	26	26	23	24	25	27	26	26	22	27	25	20	20	22
LOC_754	28	27	30	30	27	29	30	27	27	29	27	27	29	27	28	28	27
LOC_755	15	15	16	16	15	16	17	16	16	16	15	20	15	15	20	19	16
LOC_756	18	17	16	16	17	19	18	16	16	16	17	18	17	17	18	16	16
LOC_757	16	16	17	16	16	16	16	16	16	16	16	16	16	16	16	16	16
LOC_758	13	13	13	13	14	14	13	17	17	16	16	13	14	14	13	13	13
LOC_759	17	17	19	20	19	19	19	20	20	20	20	19	19	19	19	19	19
LOC_760	19	16	16	17	16	15	15	17	16	18	24	16	15	16	16	16	16
LOC_761	18	18	22	20	18	22	22	19	20	20	20	23	18	17	22	22	20
LOC_762	16	15	16	15	15	19	19	15	15	15	15	13	14	16	16	16	16
LOC_763	23	24	25	20	23	27	27	25	25	23	23	29	23	23	30	27	26
LOC_764	22	21	22	22	21	23	23	22	22	21	21	20	21	20	21	22	22
LOC_765	28	26	28	26	27	28	26	28	30	31	31	27	29	28	28	28	27
LOC_766	14	13	15	15	14	14	14	15	15	15	16	10	14	14	10	10	15
LOC_767	19	18	18	19	18	18	18	21	22	20	20	18	20	20	18	18	18
LOC_768	26	26	26	25	27	29	27	28	27	28	28	30	27	28	29	27	26
LOC_769	24	23	25	24	23	27	27	23	24	23	23	22	21	21	22	23	25
LOC_770	26	26	26	25	26	28	29	29	27	26	25	25	27	28	28	28	26
LOC_771	20	22	24	22	22	21	19	23	23	25	24	20	22	21	21	20	23
LOC_772	21	22	21	22	22	23	23	22	20	23	24	22	22	22	23	23	21
LOC_773	16	16	16	16	16	16	16	18	16	16	16	16	14	14	16	16	16
LOC_774	26	24	23	24	26	29	28	24	23	24	21	25	24	27	28	25	25
LOC_775	21	21	19	24	20	20	19	26	24	25	24	19	20	21	18	18	20
LOC_776	20	24	21	22	23	21	21	22	22	22	24	22	25	23	23	23	21
LOC_777	25	25	26	28	28	29	29	26	27	27	26	27	24	25	28	25	26
LOC_778	16	16	16	16	17	16	16	16	18	15	18	16	16	16	16	15	16
LOC_779	18	23	21	19	19	19	19	19	19	19	19	20	19	20	19	19	20
LOC_780	26	26	27	26	26	26	27	27	27	29	27	29	24	25	28	29	26
LOC_781	26	26	25	26	20	27	29	25	24	26	26	28	20	21	26	26	26
LOC_782	14	14	14	15	14	14	14	15	15	15	15	13	14	14	14	13	14
LOC_783	27	27	26	27	27	24	24	27	27	28	28	25	26	28	24	24	26
LOC_784	28	29	28	26	28	28	27	26	26	27	28	25	27	24	26	25	26
LOC_785	26	26	23	22	27	23	23	22	21	23	23	24	27	27	24	24	24
LOC_786	27	28	26	26	26	27	28	26	25	26	28	27	25	25	27	27	26
LOC_787	21	21	21	21	21	20	20	23	23	21	21	24	21	21	22	21	21
LOC_788	26	28	27	24	30	27	27	25	27	23	24	26	27	27	28	27	26
LOC_789	16	16	18	17	17	19	17	16	16	18	15	18	16	16	18	18	18
LOC_790	20	25	25	25	23	25	25	25	28	30	28	26	21	22	25	26	26
LOC_791	25	25	23	24	27	25	24	27	27	27	27	27	30	27	24	26	26
LOC_792	16	16	16	16	16	17	17	15	14	14	14	17	16	16	17	16	16
LOC_793	22	24	21	19	21	20	20	19	19	22	19	23	22	22	21	21	19
LOC_794	21	21	18	23	20	21	20	20	21	20	21	19	20	20	19	19	20
LOC_795	22	22	22	21	21	21	21	21	20	19	19	20	21	20	20	20	21
LOC_796	19	19	18	16	18	18	21	18	16	16	16	18	18	18	18	17	18
LOC_797	23	24	26	26	24	25	24	28	28	28	28	27	24	26	28	28	27
LOC_798	25	25	25	26	28	26	27	25	27	25	24	25	27	27	30	27	26
LOC_799	26	26	26	26	26	27	27	26	27	29	31	26	25	24	26	24	26
LOC_800	9	9	9	9	9	9	9	9	9	9	9	9	9	9	9	10	9
LOC_801	27	28	28	29	26	27	28	23	25	26	23	26	25	27	26	26	26
LOC_802	25	26	29	26	25	24	24	25	24	25	25	25	25	25	24	24	26
LOC_803	20	20	20	21	20	20	21	20	19	22	21	19	20	20	20	19	20
LOC_804	16	14	16	16	16	19	19	17	17	18	18	18	16	16	18	18	16
LOC_805	15	19	16	16	18	15	15	15	15	16	14	15	17	18	15	15	16
LOC_806	17	17	17	18	17	16	18	17	17	18	18	17	17	18	16	16	17
LOC_807	15	16	20	17	20	15	16	17	17	18	18	15	18	17	15	15	16
LOC_808	22	20	20	20	21	20	20	20	18	21	21	20	18	17	21	21	20
LOC_809	22	22	27	26	27	25	26	25	28	25	24	24	26	26	25	24	26
LOC_810	18	17	17	17	19	15	15	19	19	17	16	15	18	19	15	15	17
LOC_811	18	18	19	18	18	19	19	18	18	18	18	19	18	18	19	19	19
LOC_812	19	20	20	19	19	19	19	19	19	18	19	17	22	19	19	20	19
LOC_813	29	30	26	26	27	26	26	26	25	26	24	25	28	28	27	25	26
LOC_814	26	27	24	27	25	26	27	30	29	29	27	25	27	27	23	26	26
LOC_815	26	28	26	27	27	30	28	27	27	30	30	33	26	29	32	31	26
LOC_816	15	15	16	15	15	15	16	15	15	15	16	16	14	14	15	15	16
LOC_817	21	21	22	20	21	20	20	20	21	22	21	20	16	16	20	19	22
LOC_818	26	26	25	31	27	26	24	26	23	25	25	24	29	26	25	26	25
LOC_819	7	7	7	6	7	7	7	7	7	7	7	7	7	7	7	7	7
LOC_820	16	16	16	16	16	18	17	16	16	16	18	16	16	16	16	17	16
LOC_821	27	27	28	26	29	31	31	24	26	22	22	30	25	25	31	29	28
LOC_822	26	26	26	26	24	27	26	32	28	31	28	28	27	27	26	27	25
LOC_823	14	14	16	15	15	15	15	15	16	15	15	15	15	15	15	15	15
LOC_824	20	20	21	18	19	20	21	18	18	18	17	22	18	19	21	21	21
LOC_825	26	27	25	28	27	29	27	27	27	27	27	23	28	27	24	24	25
LOC_826	16	16	18	16	17	18	18	16	16	17	17	19	17	17	16	18	18
LOC_827	22	24	19	21	18	17	17	21	20	20	20	17	18	18	16	15	21
LOC_828	20	19	19	19	18	18	18	19	19	21	22	18	19	20	17	17	19
LOC_829	16	16	16	16	18	16	16	17	17	16	17	15	16	16	16	16	16
LOC_830	25	26	26	24	24	30	29	25	26	23	23	26	24	25	28	30	25
LOC_831	28	27	27	26	26	26	28	27	27	25	25	29	25	24	32	32	25
LOC_832	16	16	16	16	16	16	15	16	16	17	17	18	16	15	17	17	16
LOC_833	14	14	13	14	14	13	12	15	14	14	14	12	14	14	14	13	14
LOC_834	22	20	21	21	21	21	21	22	23	21	21	21	21	21	23	20	21
LOC_835	25	25	25	27	27	24	25	29	29	28	27	25	26	27	24	23	25
LOC_836	14	14	14	15	15	16	16	15	15	15	15	15	16	16	16	16	15
LOC_837	12	12	12	12	12	12	12	12	12	12	12	12	12	13	12	12	12
LOC_838	22	22	24	22	23	22	22	23	23	23	23	21	23	23	21	23	23
LOC_839	18	18	18	19	18	18	18	19	19	20	19	18	16	18	18	19	18
LOC_840	20	20	19	22	19	21	22	20	20	21	20	21	20	20	20	20	20
LOC_841	13	12	14	13	13	14	16	13	13	13	10	10	12	12	13	13	14
LOC_842	24	25	23	26	28	22	22	25	25	27	28	22	29	28	22	22	25
LOC_843	16	17	19	17	17	19	17	15	15	15	15	18	19	19	18	18	17
LOC_844	25	26	27	26	28	26	27	27	26	26	28	25	26	27	24	25	26
LOC_845	26	25	24	24	22	26	26	21	24	23	23	23	24	27	24	25	25
LOC_846	22	22	19	19	22	18	19	21	19	20	20	20	22	22	19	19	18
LOC_847	24	25	23	24	25	26	27	25	25	24	24	24	25	25	24	24	25
LOC_848	19	19	18	18	19	18	21	23	22	19	19	18	19	19	19	19	19
LOC_849	26	25	25	25	26	27	25	24	26	26	26	25	26	26	27	27	25
LOC_850	16	16	17	16	16	18	16	15	14	16	16	17	16	16	17	17	17
LOC_851	24	24	22	25	24	23	23	25	25	23	25	23	26	26	21	22	23
LOC_852	15	15	14	15	15	15	15	15	15	15	15	15	16	15	14	15	15
LOC_853	25	24	25	24	26	25	25	27	24	25	25	26	26	27	27	25	25
LOC_854	25	28	25	26	26	26	26	27	27	27	28	22	24	24	25	25	25
LOC_855	20	19	18	18	18	18	18	17	16	17	17	19	20	20	20	19	18
LOC_856	29	31	27	28	28	26	29	29	26	28	28	27	28	26	24	25	26
LOC_857	27	27	28	29	29	32	30	31	33	30	28	33	30	29	30	29	29
LOC_858	13	14	14	14	14	12	12	14	14	16	14	14	14	14	14	15	14
LOC_859	15	15	14	16	15	14	14	15	15	15	16	14	15	15	14	14	14
LOC_860	21	22	22	22	22	24	25	22	20	22	21	23	22	21	23	23	22
LOC_861	16	17	18	17	18	17	16	18	17	17	17	17	18	18	17	17	17
LOC_862	13	14	15	12	14	17	18	14	15	14	14	15	14	14	15	15	15
LOC_863	21	19	20	19	22	21	20	21	23	26	26	20	18	20	20	20	20
LOC_864	23	21	23	24	27	23	23	26	28	24	25	23	25	24	23	23	24
LOC_865	25	25	22	25	26	23	23	24	23	24	23	23	25	24	23	22	25
LOC_866	24	25	25	26	24	30	26	28	27	30	29	26	24	26	25	26	25
LOC_867	19	20	20	20	19	19	19	21	22	23	22	17	19	19	19	20	18
LOC_868	25	24	25	24	25	22	25	26	27	25	23	23	22	24	23	22	25
LOC_869	21	21	19	21	22	21	21	22	22	21	21	20	23	21	20	20	21
LOC_870	13	13	13	13	13	15	15	15	16	13	13	15	13	13	15	15	13
LOC_871	15	15	16	14	15	16	16	14	14	14	14	16	14	14	16	16	14
LOC_872	27	26	24	25	25	24	24	27	27	27	25	24	24	24	22	22	25
LOC_873	16	16	17	17	16	18	18	17	17	17	17	17	16	16	16	16	17
LOC_874	25	23	22	23	23	20	21	25	25	21	23	22	25	25	22	23	24
LOC_875	18	20	18	17	16	18	19	18	18	19	19	19	18	18	19	20	18
LOC_876	15	16	17	15	16	17	17	15	15	15	15	18	16	16	18	18	17
LOC_877	25	25	24	26	26	24	24	25	26	26	25	22	27	27	23	23	25
LOC_878	25	24	25	25	24	24	27	24	24	22	23	28	24	22	24	23	25
LOC_879	24	25	26	25	25	25	26	25	28	24	24	25	22	24	25	25	25
LOC_880	23	23	28	25	23	27	28	25	25	24	24	26	25	23	26	26	25
LOC_881	16	16	17	17	16	17	19	14	14	14	12	19	16	16	19	20	17
LOC_882	20	23	20	20	20	20	20	20	21	20	20	20	18	18	20	20	20
LOC_883	30	29	25	26	30	21	21	26	26	28	25	23	29	27	22	21	25
LOC_884	16	16	15	15	16	14	15	15	15	15	15	16	18	16	15	15	15
LOC_885	17	17	18	16	17	17	17	14	14	16	16	15	17	16	17	17	17
LOC_886	27	26	25	24	26	26	24	24	24	25	24	25	25	26	25	25	25
LOC_887	28	27	25	26	27	24	27	27	27	27	27	24	25	26	23	23	25
LOC_888	24	24	24	24	24	24	23	24	23	20	21	25	23	24	27	27	25
LOC_889	24	25	22	22	24	22	22	23	24	21	21	22	25	24	22	22	23
LOC_890	22	22	21	22	22	23	23	22	22	21	22	22	19	20	22	22	22
LOC_891	27	24	25	22	24	29	26	22	22	22	22	25	23	22	26	25	25
LOC_892	21	23	20	23	23	23	21	20	20	20	22	21	23	25	22	22	22
LOC_893	19	20	17	21	17	19	18	22	21	21	21	19	20	19	19	19	19
LOC_894	19	19	18	19	18	19	18	17	17	20	17	17	18	18	19	18	18
LOC_895	25	24	24	25	20	25	25	26	26	26	27	24	21	21	27	25	24
LOC_896	27	26	25	24	24	24	24	23	22	23	23	21	23	23	24	24	25
LOC_897	17	17	19	17	17	17	17	14	18	17	17	17	18	17	18	19	17
LOC_898	27	29	24	26	26	24	24	26	23	23	25	27	24	26	24	23	25
LOC_899	28	26	26	25	24	25	25	27	27	27	29	25	24	25	27	25	25
LOC_900	25	25	24	24	24	27	26	24	26	22	22	27	25	25	27	26	24
LOC_901	26	28	25	24	26	25	24	24	24	27	29	25	28	27	27	25	25
LOC_902	23	23	25	26	27	24	25	23	24	24	25	25	25	26	24	23	23
LOC_903	26	26	27	28	25	28	26	28	28	26	27	26	27	26	24	24	25
LOC_904	14	14	14	14	14	15	15	14	14	14	14	15	14	14	16	15	14
LOC_905	24	24	26	25	28	28	25	24	23	22	23	28	32	28	28	27	25
LOC_906	16	16	15	16	16	15	15	14	16	16	16	15	16	16	15	15	15
LOC_907	18	18	18	17	19	18	18	17	17	17	17	19	19	19	20	19	18
LOC_908	23	24	25	22	22	22	22	22	22	23	23	21	23	23	21	21	22
LOC_909	26	26	26	25	25	24	26	25	24	25	24	24	25	25	23	23	25
LOC_910	20	20	19	19	18	17	17	21	21	21	21	17	22	22	17	17	17
LOC_911	18	18	20	19	19	19	18	19	20	19	20	19	19	19	19	19	19
LOC_912	11	11	11	11	11	11	11	11	11	11	11	11	11	11	11	11	11
LOC_913	18	17	18	18	18	18	18	18	18	18	19	17	18	18	18	18	18
LOC_914	27	27	25	26	27	23	24	28	27	24	25	27	27	25	24	26	25
LOC_915	26	27	24	26	25	24	23	24	25	24	26	27	25	25	27	26	25
LOC_916	18	19	16	18	18	18	18	18	18	17	17	18	18	19	18	18	18
LOC_917	15	15	15	15	15	13	13	15	15	15	15	15	14	15	16	15	15
LOC_918	17	17	15	19	14	16	16	19	17	15	18	16	14	14	16	16	16
LOC_919	13	13	15	16	12	15	15	16	16	16	16	15	12	12	15	15	14
LOC_920	21	18	19	19	20	20	20	19	19	18	17	19	20	19	21	19	18
LOC_921	18	18	16	16	17	16	16	17	19	18	18	16	17	17	16	16	16
LOC_922	21	24	22	21	22	24	20	22	22	23	19	20	22	23	21	21	22
LOC_923	27	29	22	25	27	26	25	27	26	28	27	25	26	27	26	27	25
LOC_924	24	24	28	23	22	25	23	27	23	25	24	23	20	22	23	20	25
LOC_925	16	16	14	14	16	16	16	13	14	14	14	14	13	13	15	14	14
LOC_926	23	20	24	24	22	24	25	25	24	22	24	23	22	21	25	23	25
LOC_927	28	28	24	26	31	23	23	29	29	30	29	22	27	26	21	21	25
LOC_928	24	22	24	24	25	30	28	27	28	25	26	24	24	24	23	23	25
LOC_929	15	15	15	15	15	15	15	17	15	15	15	15	15	15	15	15	15
LOC_930	10	10	10	10	10	10	10	10	10	10	10	11	11	10	11	11	10
LOC_931	25	26	24	21	24	22	23	23	24	23	23	22	23	24	23	22	24
LOC_932	24	24	24	24	26	26	24	26	24	22	22	24	25	23	24	23	24
LOC_933	30	26	26	26	29	24	23	23	24	25	25	24	26	25	23	23	24
LOC_934	24	24	22	25	27	23	24	24	23	27	24	24	26	24	24	23	24
LOC_935	17	17	16	17	17	18	17	17	17	19	17	17	18	17	16	16	17
LOC_936	22	23	25	23	22	27	24	21	20	21	21	29	21	19	24	25	23
LOC_937	23	21	23	24	24	25	25	22	23	25	25	24	24	24	27	27	24
LOC_938	16	16	17	16	16	18	18	17	17	16	16	18	16	16	18	18	17
LOC_939	19	19	19	20	20	20	21	19	18	19	22	19	20	19	19	19	19
LOC_940	19	19	20	20	19	19	19	20	20	20	20	20	19	19	20	20	19
LOC_941	15	15	14	14	14	16	15	14	15	14	14	16	14	14	15	15	14
LOC_942	22	21	24	21	21	22	22	22	22	21	22	23	24	23	26	26	24
LOC_943	21	21	20	20	20	19	19	21	21	20	20	18	20	20	19	19	20
LOC_944	20	22	18	19	21	18	18	20	20	20	20	17	20	23	18	18	18
LOC_945	17	17	17	17	17	16	17	17	18	17	17	17	17	19	15	17	17
LOC_946	24	22	24	28	24	23	22	26	24	25	27	22	25	26	24	24	24
LOC_947	23	23	26	23	22	24	24	25	24	22	22	24	22	25	26	27	24
LOC_948	18	18	18	20	18	18	18	19	20	20	20	18	18	18	18	17	20
LOC_949	23	23	22	21	23	23	23	23	22	25	25	23	23	23	22	23	23
LOC_950	23	24	25	22	23	25	25	25	24	24	25	24	23	23	24	23	24
LOC_951	21	21	19	20	20	19	19	20	20	20	20	19	19	19	20	20	20
LOC_952	20	20	21	20	20	21	22	20	20	20	20	23	20	20	21	20	20
LOC_953	27	26	24	24	22	26	25	21	20	20	22	26	22	21	26	26	24
LOC_954	24	21	23	23	21	22	22	18	18	18	18	23	22	22	25	23	22
LOC_955	27	26	24	24	22	23	20	24	25	24	24	24	22	24	24	24	24
LOC_956	27	26	24	26	27	24	24	26	26	28	27	23	27	25	24	23	24
LOC_957	24	24	24	24	23	23	23	24	24	25	24	22	24	24	22	22	24
LOC_958	20	18	17	16	16	17	17	16	16	16	17	18	16	16	18	18	16
LOC_959	17	17	18	20	18	21	18	18	18	19	18	18	18	18	18	20	18
LOC_960	23	24	23	25	23	24	24	25	24	27	29	26	23	21	26	26	24
LOC_961	24	24	26	25	24	27	28	28	28	26	26	25	24	25	24	23	25
LOC_962	22	24	24	26	22	24	24	24	24	24	22	24	22	22	24	24	24
LOC_963	22	22	24	25	23	23	24	24	24	23	23	24	23	23	22	24	24
LOC_964	15	17	16	19	16	18	18	16	18	16	15	16	16	16	16	16	16
LOC_965	24	24	19	25	23	20	20	26	26	25	24	20	24	24	19	22	23
LOC_966	22	21	19	21	21	19	19	22	22	22	22	19	21	21	19	19	20
LOC_967	24	25	22	30	26	24	25	30	28	27	28	24	25	24	25	25	24
LOC_968	25	23	24	22	24	23	23	26	25	21	23	22	23	22	24	23	24
LOC_969	20	20	18	18	20	17	17	20	20	20	19	18	18	18	18	18	18
LOC_970	19	19	19	19	19	19	19	23	23	18	18	20	20	20	19	18	19
LOC_971	24	23	25	23	24	25	22	25	27	26	28	25	25	24	28	25	24
LOC_972	22	24	24	26	20	24	24	22	22	23	23	24	21	22	24	24	24
LOC_973	29	33	29	29	29	31	31	29	32	31	31	32	30	30	31	32	30
LOC_974	13	13	14	14	14	15	15	14	14	15	15	14	14	14	14	14	14
LOC_975	14	14	14	14	14	15	14	15	15	13	13	14	14	14	14	14	14
LOC_976	28	30	27	28	29	24	26	33	32	30	32	26	28	28	26	26	29
LOC_977	15	15	17	16	17	17	17	16	17	14	16	17	17	17	19	19	17
LOC_978	15	15	16	17	18	17	16	18	17	19	19	16	18	22	16	16	17
LOC_979	26	25	25	25	25	21	21	23	23	22	22	25	25	27	23	23	25
LOC_980	16	16	16	15	16	18	17	17	16	15	17	16	16	16	16	16	16
LOC_981	24	24	22	22	25	25	24	21	23	21	21	27	27	27	27	27	22
LOC_982	15	15	12	14	15	12	12	14	14	14	14	13	15	15	13	12	14
LOC_983	25	25	25	24	24	26	25	24	24	24	25	26	22	22	29	27	24
LOC_984	23	23	25	24	26	24	24	25	26	24	24	25	26	23	25	25	24
LOC_985	17	20	17	14	18	15	15	15	15	16	17	15	18	19	15	15	14
LOC_986	18	17	16	18	17	16	16	17	17	14	14	14	18	17	13	15	17
LOC_987	24	24	24	24	23	25	24	25	26	24	25	26	20	20	25	25	24
LOC_988	19	19	18	18	18	19	21	18	17	16	18	19	20	20	19	19	18
LOC_989	24	24	25	26	24	23	23	26	26	29	27	23	21	23	23	23	24
LOC_990	27	25	24	26	27	26	26	26	24	25	25	27	26	27	26	28	24
LOC_991	14	14	16	15	15	17	17	15	16	15	15	17	14	14	17	18	15
LOC_992	24	24	23	21	24	25	25	19	23	17	21	23	23	24	24	24	23
LOC_993	18	19	19	18	20	19	19	21	20	20	20	19	20	20	19	19	19
LOC_994	24	19	24	23	23	26	26	24	25	24	25	25	23	22	25	25	24
LOC_995	25	24	22	24	22	27	24	24	23	24	24	24	24	25	23	25	24
LOC_996	23	23	24	23	24	24	24	22	22	22	23	25	24	24	24	24	24
LOC_997	22	24	25	23	24	27	24	24	24	25	24	23	23	22	21	21	24
LOC_998	14	14	14	14	14	14	14	14	13	14	14	13	14	14	13	13	14
LOC_999	23	23	24	24	24	24	23	25	24	24	23	25	23	24	24	23	24
LOC_1000	21	21	21	21	21	22	21	23	23	22	22	19	21	21	22	22	21
