names	Run1_C_7	Run1_C_8	Run1_C_9	Run1_C_10	Run1_C_11	Run1_C_12	Run1_C_13	root
LOC_1	16	19	19	19	19	19	20	19
LOC_2	20	20	19	21	21	20	20	20
LOC_3	7	7	7	7	7	7	7	7
LOC_4	7	7	7	7	7	7	7	7
LOC_5	7	7	7	7	7	8	7	7
LOC_6	17	16	16	18	21	17	17	16
LOC_7	14	14	14	13	13	13	13	13
LOC_8	22	22	22	20	20	24	25	22
LOC_9	15	15	15	15	15	13	13	15
LOC_10	17	18	18	17	17	17	17	17
LOC_11	26	24	25	23	23	25	23	23
LOC_12	17	17	17	17	17	17	15	17
LOC_13	17	19	19	17	17	17	17	17
LOC_14	18	18	18	18	18	19	19	18
LOC_15	25	27	23	28	28	27	27	27
LOC_16	14	17	17	14	14	14	14	14
LOC_17	13	13	13	15	15	13	13	15
LOC_18	21	21	22	25	21	22	24	23
LOC_19	21	25	24	21	21	20	20	22
LOC_20	15	15	15	14	14	15	15	15
LOC_21	13	13	13	14	14	14	14	13
LOC_22	20	20	21	21	20	23	21	21
LOC_23	16	16	16	16	16	16	16	16
LOC_24	24	22	22	23	22	26	24	23
LOC_25	22	21	21	22	22	22	22	22
LOC_26	15	15	16	15	15	16	15	15
LOC_27	17	17	17	17	17	14	14	17
LOC_28	21	22	22	22	22	22	20	21
LOC_29	27	24	25	24	23	25	25	25
LOC_30	20	19	19	19	19	19	19	19
LOC_31	31	30	29	24	24	29	33	26
LOC_32	21	20	20	19	19	20	21	20
LOC_33	15	15	15	16	16	15	15	15
LOC_34	17	14	14	15	16	13	14	14
LOC_35	18	18	15	24	21	18	19	19
LOC_36	20	20	20	21	20	19	19	20
LOC_37	22	21	21	20	19	24	23	21
LOC_38	16	16	16	15	17	16	16	16
LOC_39	20	20	20	20	21	22	22	20
LOC_40	14	15	15	15	15	15	15	14
LOC_41	21	21	21	21	21	21	21	21
LOC_42	21	21	21	23	22	20	21	21
LOC_43	18	17	19	18	18	18	18	18
LOC_44	16	17	18	18	17	18	18	18
LOC_45	18	18	14	18	18	18	18	18
LOC_46	20	20	20	20	20	20	20	20
LOC_47	15	15	15	15	15	15	15	15
LOC_48	16	16	16	17	17	16	16	17
LOC_49	16	15	16	15	15	18	18	15
LOC_50	16	16	16	16	16	16	16	16
LOC_51	20	19	20	18	22	20	20	20
LOC_52	17	19	19	19	19	19	19	19
LOC_53	23	24	24	25	24	22	23	23
LOC_54	20	20	21	20	18	21	21	20
LOC_55	21	21	21	20	20	20	19	20
LOC_56	19	19	19	19	19	19	19	19
LOC_57	23	23	23	23	23	23	22	23
LOC_58	21	20	20	22	21	21	20	21
LOC_59	9	8	9	9	9	9	9	9
LOC_60	20	20	20	20	21	20	20	20
LOC_61	24	26	26	26	25	24	25	24
LOC_62	23	19	18	20	19	18	18	18
LOC_63	17	17	17	19	17	17	17	17
LOC_64	17	15	17	18	17	17	17	17
LOC_65	17	17	17	17	17	19	19	17
LOC_66	21	21	21	21	20	21	22	21
LOC_67	22	22	22	22	22	22	22	22
LOC_68	15	15	15	16	16	17	17	16
LOC_69	21	22	22	21	21	22	23	21
LOC_70	22	22	22	25	24	23	23	23
LOC_71	15	12	12	16	16	15	15	16
LOC_72	21	20	20	22	23	20	20	20
LOC_73	19	19	18	19	19	19	19	19
LOC_74	22	21	21	22	22	22	22	22
LOC_75	21	21	22	26	26	22	22	23
LOC_76	21	20	20	22	22	19	19	21
LOC_77	14	14	14	14	14	14	14	14
LOC_78	23	23	23	22	22	24	18	22
LOC_79	15	15	15	15	15	15	15	15
LOC_80	23	23	22	29	25	22	22	24
LOC_81	15	15	15	16	16	16	16	16
LOC_82	18	17	17	21	21	22	18	20
LOC_83	18	20	21	17	18	18	18	18
LOC_84	15	15	16	15	15	17	18	16
LOC_85	21	21	20	21	21	22	23	21
LOC_86	16	16	16	16	16	16	16	16
LOC_87	20	20	19	21	20	20	19	20
LOC_88	23	23	23	23	23	23	19	22
LOC_89	24	24	24	25	28	27	27	26
LOC_90	20	20	19	22	20	19	19	20
LOC_91	17	18	16	19	17	17	17	17
LOC_92	25	24	24	17	19	20	21	19
LOC_93	12	12	12	13	12	12	12	12
LOC_94	15	15	15	15	15	16	16	15
LOC_95	13	13	14	13	13	13	13	13
LOC_96	20	20	23	20	18	20	20	20
LOC_97	20	20	20	20	18	19	19	20
LOC_98	15	15	15	16	15	15	15	15
LOC_99	16	16	16	17	15	16	16	16
LOC_100	14	14	14	14	14	14	14	14
LOC_101	21	19	20	21	21	21	21	21
LOC_102	19	20	20	19	19	21	21	19
LOC_103	13	12	13	14	14	13	13	14
LOC_104	22	22	22	21	20	23	23	21
LOC_105	16	16	16	16	16	16	16	16
LOC_106	29	31	29	28	28	27	27	28
LOC_107	13	10	10	15	15	17	17	15
LOC_108	21	21	21	25	23	22	23	23
LOC_109	14	15	13	12	14	14	14	14
LOC_110	16	15	15	16	16	16	17	16
LOC_111	15	15	15	15	15	15	15	15
LOC_112	21	21	22	22	23	22	21	21
LOC_113	14	14	14	14	14	14	14	14
LOC_114	17	17	17	17	17	17	17	17
LOC_115	12	14	14	14	14	14	14	14
LOC_116	14	14	14	15	14	15	15	14
LOC_117	20	20	21	19	17	20	19	19
LOC_118	16	16	15	16	17	16	16	16
LOC_119	24	22	23	25	27	20	20	23
LOC_120	19	18	18	18	17	18	18	18
LOC_121	18	18	18	15	18	18	18	18
LOC_122	18	15	18	18	18	18	18	19
LOC_123	23	23	24	23	24	22	21	24
LOC_124	22	20	20	21	20	23	23	22
LOC_125	26	28	26	27	25	26	26	27
LOC_126	14	15	14	14	14	13	13	14
LOC_127	24	24	24	22	22	22	22	22
LOC_128	21	20	20	21	22	20	20	20
LOC_129	17	17	17	20	19	19	19	19
LOC_130	24	25	23	23	23	24	24	24
LOC_131	17	18	17	15	15	15	15	15
LOC_132	23	21	19	22	21	19	20	21
LOC_133	21	20	20	22	22	22	22	22
LOC_134	23	26	25	23	23	23	20	23
LOC_135	14	15	15	14	14	14	14	14
LOC_136	15	17	15	15	15	13	13	15
LOC_137	24	22	22	24	24	24	24	24
LOC_138	22	22	22	21	22	21	21	21
LOC_139	17	17	17	17	17	15	15	17
LOC_140	21	19	21	17	17	18	18	17
LOC_141	16	16	16	15	19	15	16	15
LOC_142	30	28	28	26	26	28	29	27
LOC_143	21	22	22	21	22	22	22	21
LOC_144	19	19	19	16	16	21	21	16
LOC_145	20	23	22	20	20	20	18	20
LOC_146	22	20	21	20	20	22	22	20
LOC_147	21	24	21	19	19	24	22	21
LOC_148	15	14	14	14	14	14	14	14
LOC_149	18	18	18	18	18	19	19	18
LOC_150	15	15	15	15	15	15	15	15
LOC_151	16	16	16	16	16	17	17	16
LOC_152	22	20	20	20	20	20	20	20
LOC_153	20	20	20	19	19	22	20	20
LOC_154	18	18	18	18	18	18	18	18
LOC_155	20	20	20	21	21	21	22	21
LOC_156	16	16	18	17	17	17	17	17
LOC_157	17	16	17	17	17	18	17	17
LOC_158	22	22	22	22	22	22	22	22
LOC_159	15	15	15	15	15	15	15	15
LOC_160	19	19	19	19	19	21	21	19
LOC_161	23	22	22	21	19	25	21	21
LOC_162	21	22	21	19	20	21	21	20
LOC_163	18	18	18	22	22	18	18	18
LOC_164	20	20	20	22	21	20	21	20
LOC_165	16	16	16	15	15	15	17	15
LOC_166	17	18	17	17	17	17	17	17
LOC_167	18	14	14	16	17	15	15	16
LOC_168	28	26	26	28	27	27	28	28
LOC_169	23	21	21	23	22	23	23	23
LOC_170	19	19	19	19	19	19	21	19
LOC_171	21	23	23	21	21	22	22	23
LOC_172	22	23	22	23	22	22	20	22
LOC_173	16	17	16	16	16	16	16	16
LOC_174	22	22	22	22	22	22	21	22
LOC_175	27	27	27	30	25	27	27	27
LOC_176	14	14	14	16	16	14	14	14
LOC_177	23	24	24	23	24	21	22	24
LOC_178	23	24	25	24	23	22	23	23
LOC_179	23	26	25	24	23	22	23	23
LOC_180	21	22	22	21	21	23	22	22
LOC_181	18	18	18	18	18	18	17	18
LOC_182	21	21	21	25	24	21	22	23
LOC_183	24	26	26	25	25	25	25	25
LOC_184	16	17	16	16	16	16	16	16
LOC_185	20	18	18	20	20	20	20	20
LOC_186	17	16	17	17	17	18	17	16
LOC_187	21	21	22	20	20	21	21	21
LOC_188	25	22	24	25	24	27	26	25
LOC_189	14	14	14	15	15	13	13	14
LOC_190	22	23	23	21	20	21	21	22
LOC_191	16	17	19	19	18	18	18	17
LOC_192	23	21	21	22	21	21	22	21
LOC_193	17	17	17	15	16	16	16	15
LOC_194	17	20	19	18	18	18	18	18
LOC_195	18	18	19	18	18	18	18	18
LOC_196	22	23	23	23	23	22	22	22
LOC_197	22	24	24	21	20	25	26	21
LOC_198	27	25	26	27	26	27	28	27
LOC_199	14	14	14	13	14	14	14	14
LOC_200	23	24	23	23	24	23	24	23
LOC_201	25	27	28	26	23	28	28	24
LOC_202	17	17	17	17	19	17	17	17
LOC_203	18	18	18	18	18	18	18	18
LOC_204	19	18	17	18	19	18	21	18
LOC_205	16	18	16	14	15	15	14	14
LOC_206	20	20	21	20	20	20	19	20
LOC_207	14	17	18	14	15	14	13	14
LOC_208	14	14	14	14	14	14	14	14
LOC_209	17	17	17	20	18	19	20	17
LOC_210	21	21	23	22	25	22	22	22
LOC_211	26	26	25	24	28	23	23	24
LOC_212	23	22	23	24	24	25	25	24
LOC_213	19	18	16	20	19	20	20	19
LOC_214	17	17	17	17	17	17	17	17
LOC_215	17	17	17	17	16	17	17	16
LOC_216	18	18	16	20	20	17	18	20
LOC_217	25	26	27	27	23	25	26	25
LOC_218	17	18	14	18	18	17	18	17
LOC_219	15	15	15	15	15	15	15	15
LOC_220	18	18	18	18	16	18	18	18
LOC_221	24	23	23	24	24	27	24	24
LOC_222	26	25	23	29	30	26	27	28
LOC_223	14	14	14	14	14	14	14	14
LOC_224	16	16	16	16	16	17	16	16
LOC_225	22	22	22	18	19	21	21	21
LOC_226	16	17	16	16	16	16	16	16
LOC_227	7	7	7	7	7	7	7	7
LOC_228	16	16	16	16	15	16	16	16
LOC_229	17	16	16	17	17	17	17	17
LOC_230	18	18	19	18	18	20	19	19
LOC_231	19	19	19	19	19	20	19	19
LOC_232	18	18	18	18	18	18	19	18
LOC_233	15	15	15	15	15	15	15	15
LOC_234	15	15	15	15	16	15	15	15
LOC_235	22	22	23	23	23	21	21	22
LOC_236	17	17	17	17	19	16	16	17
LOC_237	19	18	19	20	21	21	21	20
LOC_238	21	21	21	21	22	22	22	21
LOC_239	23	24	23	23	22	23	22	22
LOC_240	14	14	14	14	13	14	14	14
LOC_241	17	15	16	18	18	16	16	18
LOC_242	18	18	18	17	17	17	17	17
LOC_243	18	17	17	19	19	19	18	19
LOC_244	15	13	15	14	14	14	14	14
LOC_245	23	22	25	23	22	25	24	24
LOC_246	24	21	25	23	23	25	27	24
LOC_247	16	15	15	16	16	16	16	16
LOC_248	19	19	19	18	19	19	19	18
LOC_249	24	24	24	25	24	26	25	24
LOC_250	27	28	27	25	24	26	26	27
LOC_251	17	17	18	17	17	17	17	17
LOC_252	20	21	20	22	23	21	22	22
LOC_253	14	14	14	15	16	13	15	14
LOC_254	15	15	15	17	15	17	17	16
LOC_255	23	22	25	24	25	22	22	23
LOC_256	17	17	17	19	19	17	17	19
LOC_257	20	20	20	19	18	21	21	20
LOC_258	13	13	13	13	13	13	13	13
LOC_259	22	22	22	22	20	22	22	20
LOC_260	22	22	22	23	22	23	24	22
LOC_261	18	19	19	15	15	18	18	15
LOC_262	13	13	13	12	13	13	13	13
LOC_263	16	16	16	16	16	16	16	16
LOC_264	22	22	22	22	22	24	22	22
LOC_265	25	25	25	23	24	25	27	24
LOC_266	19	17	17	19	19	20	20	19
LOC_267	18	18	18	18	18	19	19	18
LOC_268	17	17	17	17	17	17	16	17
LOC_269	18	17	19	15	15	16	16	16
LOC_270	21	19	19	19	19	21	23	19
LOC_271	24	24	26	21	24	26	24	24
LOC_272	24	24	23	23	23	20	20	23
LOC_273	25	25	24	25	25	24	24	24
LOC_274	21	23	23	23	23	22	22	22
LOC_275	15	15	15	15	15	16	16	15
LOC_276	19	20	20	20	20	22	21	20
LOC_277	14	15	15	14	14	14	14	14
LOC_278	15	15	15	14	14	15	15	14
LOC_279	15	15	15	15	15	15	15	15
LOC_280	19	18	18	18	18	20	20	20
LOC_281	20	20	20	19	19	20	20	20
LOC_282	14	15	17	15	15	15	15	15
LOC_283	13	13	13	13	13	16	16	14
LOC_284	15	14	14	14	14	14	14	14
LOC_285	27	26	25	31	29	28	30	29
LOC_286	19	18	18	18	17	19	18	18
LOC_287	26	24	24	31	30	27	23	28
LOC_288	17	17	18	17	17	17	17	17
LOC_289	16	15	15	14	15	15	15	15
LOC_290	19	18	20	20	20	18	18	19
LOC_291	18	18	18	17	18	17	18	18
LOC_292	18	21	21	19	19	20	19	19
LOC_293	15	15	15	17	15	15	15	15
LOC_294	25	23	24	26	24	25	25	25
LOC_295	19	19	19	20	19	18	17	18
LOC_296	15	15	15	11	12	14	14	14
LOC_297	15	15	15	15	15	15	15	15
LOC_298	16	17	16	17	16	17	18	17
LOC_299	16	15	15	16	18	16	16	16
LOC_300	16	16	15	17	15	16	17	17
LOC_301	21	22	23	20	20	21	21	20
LOC_302	25	23	22	25	24	23	24	24
LOC_303	18	18	18	18	17	19	18	18
LOC_304	14	14	14	14	14	15	18	14
LOC_305	17	17	17	16	17	17	17	17
LOC_306	26	25	26	26	26	27	25	26
LOC_307	21	21	21	22	23	23	22	22
LOC_308	22	22	22	22	22	24	24	22
LOC_309	24	22	24	21	22	18	20	22
LOC_310	14	14	14	15	15	14	16	15
LOC_311	18	20	20	17	17	18	18	18
LOC_312	18	17	18	17	18	18	20	18
LOC_313	17	19	19	17	15	16	15	16
LOC_314	17	17	16	14	14	17	17	15
LOC_315	15	15	15	15	15	15	15	15
LOC_316	27	24	25	27	27	26	27	26
LOC_317	19	17	16	20	21	19	19	21
LOC_318	21	21	21	20	20	22	21	22
LOC_319	22	22	22	22	21	21	22	22
LOC_320	21	20	20	21	21	21	21	21
LOC_321	16	15	16	16	16	16	16	16
LOC_322	12	12	12	12	12	10	10	12
LOC_323	14	14	14	14	14	14	14	14
LOC_324	20	21	21	21	21	22	22	21
LOC_325	18	17	19	16	16	16	17	16
LOC_326	16	17	16	16	16	16	16	16
LOC_327	17	17	17	15	15	15	16	15
LOC_328	21	19	20	21	20	20	20	20
LOC_329	23	22	23	23	22	22	22	23
LOC_330	22	22	22	22	22	21	21	22
LOC_331	20	20	20	23	24	22	23	23
LOC_332	15	15	15	13	13	15	15	15
LOC_333	14	14	14	14	13	15	14	14
LOC_334	18	18	19	19	20	18	19	19
LOC_335	23	25	25	21	23	22	22	23
LOC_336	21	20	21	23	25	23	22	24
LOC_337	19	19	20	20	20	19	19	20
LOC_338	19	19	18	20	20	17	18	19
LOC_339	17	17	18	17	19	17	17	17
LOC_340	13	12	12	13	14	12	12	13
LOC_341	21	21	22	20	20	20	20	20
LOC_342	15	15	15	14	14	15	15	14
LOC_343	19	19	19	20	21	20	20	20
LOC_344	17	17	17	16	16	17	17	17
LOC_345	16	16	16	15	15	15	15	15
LOC_346	24	27	26	26	25	23	25	23
LOC_347	24	19	19	21	21	20	20	20
LOC_348	22	20	20	20	20	20	20	20
LOC_349	16	15	15	15	15	15	15	15
LOC_350	17	17	17	17	17	17	17	17
LOC_351	29	28	27	26	26	26	30	26
LOC_352	20	19	20	20	21	18	20	20
LOC_353	18	18	18	17	16	18	18	18
LOC_354	15	15	15	15	15	13	13	15
LOC_355	16	17	16	15	14	14	12	14
LOC_356	18	18	19	17	17	18	18	17
LOC_357	18	17	17	14	16	15	15	16
LOC_358	7	7	7	7	7	7	6	7
LOC_359	19	19	19	19	19	21	21	19
LOC_360	24	24	24	24	23	23	22	24
LOC_361	22	21	20	20	23	22	22	21
LOC_362	20	22	23	20	21	23	24	22
LOC_363	8	8	8	8	8	12	8	8
LOC_364	14	14	14	13	14	14	14	14
LOC_365	25	24	25	25	24	22	24	25
LOC_366	17	18	17	17	17	17	17	17
LOC_367	17	17	17	16	18	17	17	16
LOC_368	24	24	24	25	25	24	23	24
LOC_369	27	30	27	29	27	29	29	28
LOC_370	19	17	17	21	21	18	20	18
LOC_371	23	23	23	24	20	24	24	23
LOC_372	21	20	21	21	21	21	21	21
LOC_373	14	14	14	14	14	13	14	14
LOC_374	15	15	15	15	15	16	15	15
LOC_375	19	18	19	18	18	19	18	18
LOC_376	19	20	20	21	20	20	20	20
LOC_377	23	25	25	23	23	21	21	23
LOC_378	23	23	23	22	23	23	23	23
LOC_379	19	19	19	18	18	19	19	18
LOC_380	20	18	17	21	21	19	19	18
LOC_381	14	14	14	14	13	14	16	14
LOC_382	18	18	18	18	16	18	18	18
LOC_383	17	17	17	17	17	17	17	17
LOC_384	15	15	15	14	14	16	16	14
LOC_385	18	19	18	19	18	18	19	18
LOC_386	19	18	19	20	19	20	20	19
LOC_387	17	17	17	16	16	17	17	17
LOC_388	27	28	27	28	27	30	32	28
LOC_389	18	18	18	16	18	17	18	18
LOC_390	7	7	8	7	7	7	7	7
LOC_391	22	22	21	24	24	22	25	22
LOC_392	22	22	22	20	22	21	22	22
LOC_393	15	17	17	15	15	15	15	15
LOC_394	15	15	16	16	16	16	16	16
LOC_395	19	19	18	19	19	20	20	20
LOC_396	17	17	19	17	17	18	18	17
LOC_397	18	19	19	19	18	19	19	19
LOC_398	20	17	18	18	18	17	17	17
LOC_399	29	25	25	32	31	30	29	29
LOC_400	17	17	20	15	15	16	16	15
LOC_401	13	13	13	13	13	13	13	13
LOC_402	15	14	14	15	15	14	14	14
LOC_403	15	14	14	14	14	14	14	14
LOC_404	10	12	12	10	10	11	11	10
LOC_405	16	16	16	16	18	16	16	16
LOC_406	19	19	19	18	18	19	19	19
LOC_407	20	19	19	17	17	18	17	17
LOC_408	14	14	13	15	15	12	14	14
LOC_409	15	14	14	15	16	16	15	15
LOC_410	16	16	16	15	15	16	16	16
LOC_411	14	14	14	15	15	14	14	14
LOC_412	18	17	18	19	18	19	19	19
LOC_413	20	19	19	20	20	22	23	20
LOC_414	15	15	15	15	16	15	15	15
LOC_415	14	14	14	17	14	14	14	14
LOC_416	18	13	18	19	20	17	17	17
LOC_417	15	15	15	13	15	14	14	14
LOC_418	14	16	15	14	14	14	14	14
LOC_419	16	18	16	18	16	15	15	15
LOC_420	13	13	13	12	12	13	13	13
LOC_421	17	17	17	17	17	17	17	17
LOC_422	21	21	21	23	22	21	21	23
LOC_423	9	9	9	9	9	9	9	9
LOC_424	21	21	21	20	20	22	20	20
LOC_425	15	15	15	16	16	16	16	16
LOC_426	18	18	18	18	17	18	18	17
LOC_427	21	19	19	20	20	18	18	20
LOC_428	17	17	17	16	16	17	17	16
LOC_429	19	18	18	20	21	19	20	19
LOC_430	19	19	19	18	18	19	19	19
LOC_431	19	18	18	19	19	18	18	19
LOC_432	14	14	16	14	14	14	14	14
LOC_433	23	22	23	24	24	23	23	23
LOC_434	19	19	19	19	19	15	15	19
LOC_435	27	27	26	26	27	25	25	25
LOC_436	23	22	23	22	22	24	24	24
LOC_437	25	31	29	22	22	24	26	22
LOC_438	23	23	24	23	22	22	24	23
LOC_439	15	15	16	16	16	16	16	16
LOC_440	21	21	22	20	21	20	20	20
LOC_441	16	16	16	18	16	17	16	16
LOC_442	23	26	22	22	22	23	22	22
LOC_443	18	18	18	18	18	18	19	18
LOC_444	20	20	20	20	20	19	21	20
LOC_445	21	22	21	21	21	21	22	22
LOC_446	18	18	17	17	17	18	18	18
LOC_447	17	17	17	18	18	19	19	18
LOC_448	26	27	26	29	29	27	24	28
LOC_449	17	17	17	17	17	17	17	17
LOC_450	20	20	20	19	20	21	20	20
LOC_451	14	14	14	15	15	14	15	14
LOC_452	18	18	18	19	19	18	18	19
LOC_453	18	18	18	18	19	18	19	18
LOC_454	23	26	23	20	21	22	22	21
LOC_455	16	16	16	16	16	16	16	16
LOC_456	15	16	15	15	15	15	15	15
LOC_457	25	23	25	22	22	23	23	22
LOC_458	16	17	16	16	16	18	18	16
LOC_459	7	7	7	7	7	7	7	7
LOC_460	18	18	18	18	18	18	17	18
LOC_461	11	14	16	13	13	14	14	14
LOC_462	21	23	21	22	21	19	19	21
LOC_463	22	22	22	26	26	20	20	25
LOC_464	18	19	18	18	17	19	18	18
LOC_465	24	23	24	27	28	25	23	25
LOC_466	23	22	22	23	25	24	23	24
LOC_467	19	18	19	19	19	21	21	19
LOC_468	16	16	17	14	15	16	16	14
LOC_469	24	24	25	24	23	22	25	23
LOC_470	23	22	23	24	23	23	23	23
LOC_471	19	19	19	21	20	19	19	19
LOC_472	16	17	20	16	13	14	14	16
LOC_473	21	22	22	22	23	21	22	21
LOC_474	15	15	15	15	15	17	15	15
LOC_475	16	16	16	16	16	15	15	16
LOC_476	16	16	16	16	16	16	17	16
LOC_477	16	19	19	18	19	19	19	19
LOC_478	16	16	16	16	17	17	16	16
LOC_479	20	17	18	17	17	17	19	17
LOC_480	17	15	19	17	17	17	16	17
LOC_481	16	16	17	13	13	16	16	16
LOC_482	17	17	17	19	16	17	16	17
LOC_483	23	24	25	23	23	25	24	24
LOC_484	26	29	27	25	25	23	24	25
LOC_485	15	15	15	17	17	15	16	17
LOC_486	19	19	20	23	23	21	23	23
LOC_487	18	18	18	18	17	18	18	17
LOC_488	24	24	24	23	23	23	24	23
LOC_489	19	20	19	18	18	18	19	18
LOC_490	14	14	14	14	14	14	14	14
LOC_491	22	22	22	21	22	22	21	21
LOC_492	21	22	20	20	20	23	21	20
LOC_493	26	27	26	28	27	28	27	27
LOC_494	17	17	17	18	17	17	17	17
LOC_495	23	21	22	24	24	23	24	23
LOC_496	23	15	17	22	22	22	22	22
LOC_497	17	15	17	20	20	17	17	20
LOC_498	8	8	8	8	8	8	10	8
LOC_499	22	20	19	26	26	21	21	21
LOC_500	19	19	19	19	19	19	19	19
LOC_501	17	17	17	17	17	17	17	17
LOC_502	25	25	24	24	27	26	29	27
LOC_503	7	7	7	9	7	7	7	7
LOC_504	15	15	15	15	15	18	15	15
LOC_505	22	22	25	21	21	21	20	21
LOC_506	15	15	15	14	14	15	15	14
LOC_507	17	15	15	14	13	15	15	14
LOC_508	18	18	18	18	18	18	19	18
LOC_509	19	19	19	18	20	19	19	19
LOC_510	19	17	17	20	20	20	20	20
LOC_511	20	20	20	20	20	21	20	20
LOC_512	24	23	23	23	23	24	25	23
LOC_513	16	16	16	16	16	16	17	16
LOC_514	15	14	14	14	14	14	14	14
LOC_515	17	17	17	19	19	18	18	18
LOC_516	18	18	18	18	18	20	18	18
LOC_517	20	21	21	19	19	19	19	19
LOC_518	22	23	22	21	21	21	22	21
LOC_519	17	18	17	17	17	17	17	17
LOC_520	20	19	20	20	22	18	18	20
LOC_521	16	17	16	16	16	14	17	16
LOC_522	19	19	19	19	19	19	19	19
LOC_523	18	19	19	20	21	19	18	18
LOC_524	22	23	25	22	22	21	22	22
LOC_525	20	19	19	18	18	18	18	18
LOC_526	14	14	14	14	14	14	14	14
LOC_527	17	12	15	18	18	18	18	18
LOC_528	18	18	18	18	18	17	18	18
LOC_529	16	16	17	16	16	17	16	16
LOC_530	14	16	16	13	14	16	16	14
LOC_531	23	22	22	21	23	23	21	22
LOC_532	17	18	17	15	16	16	15	16
LOC_533	21	23	20	19	19	21	20	19
LOC_534	19	18	18	17	20	18	18	18
LOC_535	21	21	21	20	20	22	22	20
LOC_536	16	16	16	16	16	16	16	16
LOC_537	21	23	22	22	22	21	22	21
LOC_538	20	20	20	22	20	20	21	21
LOC_539	30	31	29	30	30	30	31	30
LOC_540	26	28	27	25	27	27	27	27
LOC_541	14	14	14	14	14	15	14	14
LOC_542	18	18	18	17	18	17	17	17
LOC_543	20	20	19	19	19	21	21	20
LOC_544	12	12	12	12	12	12	12	12
LOC_545	17	17	17	15	16	18	18	17
LOC_546	17	16	17	19	19	18	18	18
LOC_547	24	25	22	25	22	22	23	22
LOC_548	28	29	28	28	29	28	28	28
LOC_549	16	15	16	14	16	15	16	16
LOC_550	24	23	21	20	20	22	23	24
LOC_551	14	15	12	15	15	17	17	15
LOC_552	15	17	16	16	16	16	16	16
LOC_553	19	19	19	18	18	16	15	18
LOC_554	14	14	14	14	14	14	14	14
LOC_555	22	20	23	21	22	20	19	22
LOC_556	17	17	17	17	17	19	20	17
LOC_557	21	20	21	23	21	21	21	21
LOC_558	18	18	18	18	18	18	18	18
LOC_559	16	15	15	16	16	16	16	16
LOC_560	20	21	21	21	21	21	21	21
LOC_561	25	22	23	25	24	24	24	24
LOC_562	24	27	27	23	22	19	25	22
LOC_563	25	28	30	26	25	27	26	27
LOC_564	18	18	18	18	18	17	17	18
LOC_565	19	19	20	19	19	21	17	19
LOC_566	15	15	15	16	16	16	17	15
LOC_567	23	23	24	24	24	22	22	23
LOC_568	18	19	18	18	18	18	18	18
LOC_569	17	18	18	17	17	17	17	17
LOC_570	19	19	19	19	19	20	19	19
LOC_571	19	19	19	18	17	19	18	17
LOC_572	17	17	17	17	17	17	17	17
LOC_573	19	20	20	19	19	19	20	19
LOC_574	21	25	21	21	21	20	20	21
LOC_575	16	16	17	18	18	17	17	17
LOC_576	18	18	18	19	20	18	17	18
LOC_577	12	13	13	12	12	12	12	12
LOC_578	14	14	14	14	14	17	17	14
LOC_579	22	24	23	15	19	22	22	20
LOC_580	15	15	15	15	14	14	15	14
LOC_581	18	18	19	18	18	18	18	18
LOC_582	18	18	19	18	17	18	18	18
LOC_583	14	14	14	14	14	14	14	14
LOC_584	22	25	24	21	19	23	23	20
LOC_585	13	13	13	16	16	13	13	14
LOC_586	19	19	19	20	22	19	20	20
LOC_587	13	14	14	12	12	13	13	12
LOC_588	31	29	27	26	28	27	27	28
LOC_589	8	8	8	8	8	8	8	8
LOC_590	11	11	11	14	14	13	14	14
LOC_591	17	17	17	17	17	17	17	17
LOC_592	11	12	12	11	11	11	11	11
LOC_593	14	14	14	14	14	14	14	14
LOC_594	25	26	26	27	28	25	26	26
LOC_595	17	18	18	18	18	21	18	18
LOC_596	27	27	27	26	26	26	27	26
LOC_597	19	19	19	20	20	19	20	20
LOC_598	17	17	17	21	19	19	20	21
LOC_599	31	30	30	27	31	28	29	29
LOC_600	26	26	25	28	25	25	25	26
LOC_601	14	15	15	14	14	14	14	14
LOC_602	14	16	14	14	14	14	14	14
LOC_603	18	18	17	17	17	19	18	17
LOC_604	27	26	24	26	25	26	26	26
LOC_605	23	23	25	25	25	23	23	23
LOC_606	14	14	14	14	14	14	14	14
LOC_607	19	20	20	19	19	20	20	19
LOC_608	25	24	24	25	24	27	26	24
LOC_609	29	30	27	25	26	29	27	30
LOC_610	16	18	17	16	16	16	16	16
LOC_611	23	21	22	23	23	22	22	22
LOC_612	15	15	15	15	15	14	13	15
LOC_613	28	26	27	26	26	27	30	27
LOC_614	28	28	26	27	27	30	28	29
LOC_615	19	18	18	18	20	18	18	18
LOC_616	21	22	21	22	22	22	22	22
LOC_617	27	28	27	30	30	31	29	29
LOC_618	21	16	21	18	19	19	18	19
LOC_619	22	20	22	21	20	23	22	21
LOC_620	24	19	22	23	24	24	26	24
LOC_621	26	27	26	24	26	27	26	25
LOC_622	25	24	24	21	21	26	26	23
LOC_623	23	23	23	24	23	23	23	23
LOC_624	17	20	20	19	18	20	20	20
LOC_625	13	12	13	14	14	13	13	14
LOC_626	16	18	18	16	16	16	16	16
LOC_627	15	13	14	14	14	15	15	14
LOC_628	17	19	19	17	17	17	14	17
LOC_629	20	19	19	20	20	21	23	20
LOC_630	16	16	16	16	16	16	16	16
LOC_631	19	21	19	19	19	19	19	19
LOC_632	12	12	12	16	16	11	11	16
LOC_633	20	20	21	20	20	19	20	20
LOC_634	21	24	23	22	22	23	23	22
LOC_635	18	18	18	18	18	18	18	18
LOC_636	17	19	18	17	17	19	17	17
LOC_637	15	15	15	15	15	15	15	15
LOC_638	18	17	18	18	18	18	18	18
LOC_639	23	23	22	24	24	22	22	24
LOC_640	20	21	21	19	19	23	22	20
LOC_641	24	23	24	20	18	20	20	20
LOC_642	29	26	27	24	25	26	25	28
LOC_643	21	23	23	22	22	22	23	22
LOC_644	22	26	24	22	22	23	22	22
LOC_645	18	18	18	18	16	18	18	18
LOC_646	16	18	18	16	18	17	17	16
LOC_647	13	13	13	14	14	14	14	14
LOC_648	15	17	15	15	15	14	15	15
LOC_649	17	16	16	17	17	17	17	17
LOC_650	21	22	22	24	24	24	24	24
LOC_651	15	15	15	15	15	15	15	15
LOC_652	16	16	16	16	16	12	16	16
LOC_653	23	21	24	25	25	25	23	24
LOC_654	21	23	23	21	21	22	21	21
LOC_655	25	25	23	24	25	26	28	24
LOC_656	15	15	15	15	15	15	15	15
LOC_657	17	16	16	15	15	16	15	16
LOC_658	26	26	25	25	26	25	25	25
LOC_659	18	18	19	19	19	18	18	18
LOC_660	17	16	17	16	16	16	16	16
LOC_661	8	8	8	9	9	11	9	9
LOC_662	17	17	16	16	17	17	16	16
LOC_663	18	18	18	18	18	18	18	18
LOC_664	26	26	26	25	25	25	27	26
LOC_665	12	12	12	12	12	13	12	12
LOC_666	21	20	21	21	22	23	23	23
LOC_667	17	18	19	18	18	17	17	17
LOC_668	20	20	20	20	21	20	20	20
LOC_669	24	25	25	23	23	24	24	23
LOC_670	14	14	13	14	14	14	14	14
LOC_671	16	16	16	15	15	16	16	16
LOC_672	20	20	20	21	21	21	21	21
LOC_673	21	21	21	20	21	20	20	21
LOC_674	21	23	22	22	20	20	19	21
LOC_675	18	17	18	18	18	18	18	18
LOC_676	23	22	24	22	22	20	20	20
LOC_677	17	17	16	16	16	16	15	16
LOC_678	20	20	20	20	20	21	21	20
LOC_679	17	18	17	15	15	15	15	15
LOC_680	17	15	18	18	18	17	17	18
LOC_681	17	17	17	17	17	17	17	16
LOC_682	13	13	13	17	18	16	16	14
LOC_683	22	23	22	20	22	22	20	22
LOC_684	30	32	30	27	27	27	27	28
LOC_685	23	23	22	23	24	23	23	23
LOC_686	16	15	15	18	17	18	18	17
LOC_687	22	20	20	21	21	22	22	21
LOC_688	23	22	25	27	24	23	23	24
LOC_689	23	23	23	22	22	23	23	23
LOC_690	22	21	24	21	21	22	21	21
LOC_691	20	20	20	21	23	20	20	20
LOC_692	19	19	19	22	21	19	19	19
LOC_693	24	23	22	19	19	19	19	19
LOC_694	17	16	16	16	16	16	17	16
LOC_695	17	17	17	17	17	17	17	17
LOC_696	24	24	24	23	22	24	24	23
LOC_697	23	21	20	22	22	23	22	22
LOC_698	29	29	29	26	28	27	26	28
LOC_699	15	15	15	15	15	20	15	15
LOC_700	18	18	18	17	17	17	17	17
LOC_701	15	15	15	16	16	17	17	16
LOC_702	22	21	21	22	21	21	21	21
LOC_703	29	27	27	28	27	26	26	29
LOC_704	29	27	27	29	27	27	28	28
LOC_705	20	19	19	18	18	19	20	19
LOC_706	21	21	21	21	22	20	21	21
LOC_707	18	18	20	17	18	19	18	18
LOC_708	29	27	27	29	28	28	30	30
LOC_709	27	26	25	28	29	27	28	29
LOC_710	21	20	20	19	20	20	20	20
LOC_711	12	12	12	12	12	12	12	12
LOC_712	23	26	23	23	23	24	24	23
LOC_713	22	18	20	22	22	24	29	23
LOC_714	15	17	15	16	16	17	17	15
LOC_715	16	17	17	16	16	15	15	16
LOC_716	29	29	29	29	31	29	29	28
LOC_717	30	30	27	29	30	29	29	30
LOC_718	17	17	19	18	19	19	17	17
LOC_719	30	29	30	28	28	31	29	29
LOC_720	30	28	29	30	31	28	28	30
LOC_721	27	28	27	27	26	29	28	28
LOC_722	16	16	16	16	16	15	16	16
LOC_723	23	23	22	22	21	21	21	21
LOC_724	27	27	27	28	27	31	31	28
LOC_725	18	19	20	19	19	19	19	19
LOC_726	26	24	24	23	23	22	23	23
LOC_727	21	22	25	21	21	24	23	21
LOC_728	18	17	17	18	18	18	18	18
LOC_729	29	27	31	27	26	31	29	27
LOC_730	29	29	30	28	28	30	30	30
LOC_731	29	29	26	28	27	29	27	27
LOC_732	17	17	17	17	17	17	16	17
LOC_733	23	22	23	22	22	23	23	22
LOC_734	27	28	27	26	27	27	27	27
LOC_735	28	27	28	28	27	28	25	28
LOC_736	18	20	19	20	20	20	20	20
LOC_737	20	21	21	17	17	18	18	17
LOC_738	30	28	28	28	26	26	26	27
LOC_739	16	16	14	17	16	16	16	16
LOC_740	21	20	20	21	21	24	21	21
LOC_741	25	25	25	24	24	32	28	25
LOC_742	23	19	18	21	21	22	21	22
LOC_743	21	19	21	18	19	20	20	20
LOC_744	16	16	16	15	14	16	16	14
LOC_745	17	16	16	16	16	16	18	16
LOC_746	29	27	27	27	29	27	26	28
LOC_747	16	16	16	16	16	16	16	16
LOC_748	15	15	15	15	15	15	15	15
LOC_749	21	19	21	20	21	21	21	21
LOC_750	21	21	22	23	22	21	22	22
LOC_751	17	17	17	18	18	16	17	18
LOC_752	22	23	22	24	24	22	22	23
LOC_753	25	26	25	20	22	26	26	22
LOC_754	26	28	27	30	28	28	30	27
LOC_755	15	15	15	16	16	16	16	16
LOC_756	17	18	17	16	18	16	16	16
LOC_757	16	16	16	17	16	16	16	16
LOC_758	14	13	13	13	13	16	13	13
LOC_759	19	17	17	19	19	19	20	19
LOC_760	16	19	16	16	16	17	17	16
LOC_761	18	18	18	22	22	20	20	20
LOC_762	15	16	15	16	16	15	15	16
LOC_763	24	23	24	25	28	25	20	26
LOC_764	21	22	21	22	22	23	22	22
LOC_765	27	28	26	28	27	29	26	27
LOC_766	14	14	13	15	14	15	15	15
LOC_767	18	19	18	18	18	19	19	18
LOC_768	28	26	26	26	29	28	25	26
LOC_769	22	24	23	25	26	23	24	25
LOC_770	27	26	26	26	27	25	25	26
LOC_771	22	20	22	24	20	23	22	23
LOC_772	22	21	22	21	23	22	22	21
LOC_773	16	16	16	16	16	16	16	16
LOC_774	24	26	24	23	27	24	24	25
LOC_775	20	21	21	19	18	23	24	20
LOC_776	23	20	24	21	20	22	22	21
LOC_777	27	25	25	26	27	27	28	26
LOC_778	16	16	16	16	16	16	16	16
LOC_779	20	18	23	21	20	19	19	20
LOC_780	26	26	26	27	27	27	26	26
LOC_781	21	26	26	25	27	27	26	26
LOC_782	14	14	14	14	14	15	15	14
LOC_783	27	27	27	26	24	28	27	26
LOC_784	29	28	29	28	27	26	26	26
LOC_785	27	26	26	23	24	22	22	24
LOC_786	26	27	28	26	28	27	26	26
LOC_787	21	21	21	21	21	22	21	21
LOC_788	29	26	28	27	26	25	24	26
LOC_789	16	16	16	18	18	16	17	18
LOC_790	22	20	25	25	25	28	25	26
LOC_791	28	25	25	23	26	27	24	26
LOC_792	16	16	16	16	17	14	16	16
LOC_793	21	22	24	21	21	19	19	19
LOC_794	20	21	21	18	19	20	23	20
LOC_795	21	22	22	22	21	20	21	21
LOC_796	18	19	19	18	18	16	16	18
LOC_797	25	23	24	26	26	29	26	27
LOC_798	27	25	25	25	26	26	26	26
LOC_799	25	26	26	26	26	27	26	26
LOC_800	9	9	9	9	9	9	9	9
LOC_801	26	27	28	28	28	28	29	26
LOC_802	25	25	26	29	25	25	26	26
LOC_803	20	20	20	20	20	22	21	20
LOC_804	16	16	14	16	17	17	16	16
LOC_805	18	15	19	16	15	16	16	16
LOC_806	17	17	17	17	17	18	18	17
LOC_807	20	15	16	20	16	17	17	16
LOC_808	20	22	20	20	20	20	20	20
LOC_809	26	22	22	27	25	26	26	26
LOC_810	19	18	17	17	15	17	17	17
LOC_811	18	18	18	19	19	18	18	19
LOC_812	19	19	20	20	19	19	19	19
LOC_813	28	29	30	26	26	25	26	26
LOC_814	26	26	27	24	26	27	27	26
LOC_815	26	26	28	26	32	27	27	26
LOC_816	15	15	15	16	16	15	15	16
LOC_817	21	21	21	22	20	21	20	22
LOC_818	27	26	26	25	24	27	31	25
LOC_819	7	7	7	7	7	7	6	7
LOC_820	16	16	16	16	16	16	16	16
LOC_821	27	27	27	28	31	24	26	28
LOC_822	24	26	26	26	26	28	26	25
LOC_823	15	14	14	16	15	15	15	15
LOC_824	19	20	20	21	21	18	18	21
LOC_825	27	26	27	25	25	28	28	25
LOC_826	17	16	16	18	18	16	16	18
LOC_827	18	22	24	19	17	20	21	21
LOC_828	19	20	19	19	18	19	19	19
LOC_829	16	16	16	16	16	16	16	16
LOC_830	26	25	26	26	26	23	24	25
LOC_831	25	28	27	27	28	26	26	25
LOC_832	16	16	16	16	16	16	16	16
LOC_833	14	14	14	13	13	14	14	14
LOC_834	21	22	20	21	21	21	21	21
LOC_835	28	25	25	25	24	26	27	25
LOC_836	15	14	14	14	15	15	15	15
LOC_837	12	12	12	12	12	12	12	12
LOC_838	23	22	22	24	22	24	22	23
LOC_839	18	18	18	18	18	19	19	18
LOC_840	20	20	20	19	22	20	22	20
LOC_841	13	13	12	14	14	13	13	14
LOC_842	27	24	25	23	22	26	26	25
LOC_843	17	16	17	19	17	15	17	17
LOC_844	26	25	26	27	27	27	26	26
LOC_845	24	26	25	24	24	24	24	25
LOC_846	22	22	22	19	19	20	19	18
LOC_847	25	24	25	23	26	24	24	25
LOC_848	19	19	19	18	18	21	18	19
LOC_849	26	26	25	25	26	26	25	25
LOC_850	16	16	16	17	17	16	16	17
LOC_851	24	24	24	22	23	25	25	23
LOC_852	15	15	15	14	15	15	15	15
LOC_853	24	25	24	25	25	25	24	25
LOC_854	24	25	28	25	25	26	26	25
LOC_855	19	20	19	18	18	17	18	18
LOC_856	28	29	31	27	26	28	28	26
LOC_857	29	27	27	28	32	30	29	29
LOC_858	14	13	14	14	14	14	14	14
LOC_859	15	15	15	14	14	15	16	14
LOC_860	21	21	22	22	23	20	22	22
LOC_861	18	16	17	18	17	17	17	17
LOC_862	14	13	14	15	15	14	12	15
LOC_863	20	21	19	20	20	21	19	20
LOC_864	25	23	21	23	23	23	24	24
LOC_865	26	25	25	22	24	26	25	25
LOC_866	26	24	25	25	25	26	26	25
LOC_867	19	19	20	20	19	22	20	18
LOC_868	24	25	24	25	25	26	24	25
LOC_869	22	21	21	19	20	21	21	21
LOC_870	13	13	13	13	15	13	13	13
LOC_871	14	15	15	16	16	14	14	14
LOC_872	26	27	26	24	23	27	25	25
LOC_873	16	16	16	17	17	17	17	17
LOC_874	23	25	23	22	22	23	23	24
LOC_875	18	18	20	18	19	18	17	18
LOC_876	16	15	16	17	17	15	15	17
LOC_877	27	25	25	24	24	26	26	25
LOC_878	24	25	24	25	27	24	25	25
LOC_879	24	24	25	26	25	25	25	25
LOC_880	23	23	23	28	28	25	25	25
LOC_881	16	16	16	17	17	14	17	17
LOC_882	20	20	23	20	20	20	20	20
LOC_883	28	30	29	25	23	26	26	25
LOC_884	16	16	16	15	15	15	15	15
LOC_885	17	17	17	18	17	16	16	17
LOC_886	26	27	26	25	25	24	24	25
LOC_887	25	28	27	25	24	27	26	25
LOC_888	24	24	24	24	24	24	24	25
LOC_889	24	24	25	22	22	23	22	23
LOC_890	22	22	22	21	22	21	22	22
LOC_891	24	27	24	25	25	22	22	25
LOC_892	22	21	23	20	21	20	23	22
LOC_893	20	19	20	17	19	21	21	19
LOC_894	18	19	19	18	18	17	19	18
LOC_895	21	25	24	24	25	25	25	24
LOC_896	25	27	26	25	25	23	24	25
LOC_897	17	17	17	19	17	17	17	17
LOC_898	26	27	29	24	24	25	26	25
LOC_899	24	28	26	26	26	26	25	25
LOC_900	24	25	25	24	26	24	24	24
LOC_901	27	26	28	25	25	25	24	25
LOC_902	26	23	23	25	25	23	26	23
LOC_903	26	26	26	27	26	27	28	25
LOC_904	14	14	14	14	15	14	14	14
LOC_905	27	24	24	26	26	23	25	25
LOC_906	16	16	16	15	15	16	16	15
LOC_907	19	18	18	18	18	17	17	18
LOC_908	22	23	24	25	22	22	22	22
LOC_909	25	26	26	26	24	24	25	25
LOC_910	20	20	20	19	17	21	19	17
LOC_911	19	18	18	20	19	19	19	19
LOC_912	11	11	11	11	11	11	11	11
LOC_913	18	18	17	18	18	18	18	18
LOC_914	27	27	27	25	24	27	26	25
LOC_915	25	26	27	24	25	25	26	25
LOC_916	18	18	19	16	18	18	18	18
LOC_917	15	15	15	15	15	15	15	15
LOC_918	14	17	17	15	16	18	19	16
LOC_919	12	13	13	15	15	16	16	14
LOC_920	20	21	18	19	19	18	19	18
LOC_921	17	18	18	16	16	18	16	16
LOC_922	22	21	24	22	21	22	21	22
LOC_923	26	27	29	22	25	26	25	25
LOC_924	22	24	24	28	25	25	23	25
LOC_925	16	16	16	14	14	14	14	14
LOC_926	22	23	20	24	25	24	24	25
LOC_927	26	28	28	24	23	29	26	25
LOC_928	24	24	22	24	24	24	24	25
LOC_929	15	15	15	15	15	15	15	15
LOC_930	10	10	10	10	10	10	10	10
LOC_931	24	25	26	24	22	23	21	24
LOC_932	25	24	24	24	25	22	24	24
LOC_933	27	30	26	26	24	25	26	24
LOC_934	25	24	24	22	24	25	25	24
LOC_935	17	17	17	16	17	17	17	17
LOC_936	22	22	23	25	24	21	23	23
LOC_937	22	23	21	23	25	23	24	24
LOC_938	16	16	16	17	18	16	16	17
LOC_939	20	19	19	19	19	19	20	19
LOC_940	19	19	19	20	19	20	20	19
LOC_941	14	15	15	14	15	14	14	14
LOC_942	22	22	21	24	23	21	21	24
LOC_943	20	21	21	20	19	20	20	20
LOC_944	21	20	22	18	18	20	19	18
LOC_945	17	17	17	17	17	17	17	17
LOC_946	25	24	22	24	24	26	28	24
LOC_947	22	23	23	26	25	23	23	24
LOC_948	18	18	18	18	18	20	20	20
LOC_949	23	23	23	22	23	23	21	23
LOC_950	23	23	24	25	24	24	22	24
LOC_951	20	21	21	19	19	20	20	20
LOC_952	20	20	20	21	20	20	20	20
LOC_953	22	27	26	24	26	21	24	24
LOC_954	21	24	21	23	22	18	23	22
LOC_955	24	27	26	24	24	24	24	24
LOC_956	27	27	26	24	24	26	26	24
LOC_957	24	24	24	24	23	24	24	24
LOC_958	16	20	18	17	17	16	16	16
LOC_959	18	17	17	18	18	18	20	18
LOC_960	23	23	24	23	24	25	25	24
LOC_961	24	24	24	26	26	26	25	25
LOC_962	22	22	24	24	24	24	26	24
LOC_963	23	22	22	24	24	24	25	24
LOC_964	16	15	17	16	16	15	19	16
LOC_965	24	24	24	19	19	25	25	23
LOC_966	21	22	21	19	19	22	21	20
LOC_967	24	24	25	22	22	27	30	24
LOC_968	23	25	23	24	23	23	22	24
LOC_969	20	20	20	18	18	20	18	18
LOC_970	19	19	19	19	19	19	19	19
LOC_971	24	24	23	25	24	25	23	24
LOC_972	20	22	24	24	24	22	26	24
LOC_973	30	29	33	29	31	31	29	30
LOC_974	14	13	13	14	14	14	14	14
LOC_975	14	14	14	14	14	13	14	14
LOC_976	31	28	30	27	27	30	28	29
LOC_977	17	15	15	17	17	16	16	17
LOC_978	18	15	15	16	16	18	17	17
LOC_979	25	26	25	25	25	22	25	25
LOC_980	16	16	16	16	16	16	15	16
LOC_981	26	24	24	22	27	22	22	22
LOC_982	15	15	15	12	12	14	14	14
LOC_983	24	25	25	25	26	24	24	24
LOC_984	25	23	23	25	25	24	24	24
LOC_985	18	17	20	17	15	17	14	14
LOC_986	17	18	17	16	16	17	18	17
LOC_987	21	24	24	24	25	25	24	24
LOC_988	18	19	19	18	19	18	18	18
LOC_989	24	24	24	25	23	26	26	24
LOC_990	27	27	25	24	26	25	26	24
LOC_991	15	14	14	16	17	15	15	15
LOC_992	24	24	24	23	22	21	21	23
LOC_993	20	18	19	19	19	20	18	19
LOC_994	23	24	19	24	25	24	23	24
LOC_995	24	25	24	22	25	24	24	24
LOC_996	24	23	23	24	25	22	23	24
LOC_997	23	22	24	25	23	25	23	24
LOC_998	14	14	14	14	14	14	14	14
LOC_999	23	23	23	24	24	24	24	24
LOC_1000	21	21	21	21	21	22	21	21
