names	Run1_C_4	Run1_C_7	Run1_C_8	Run1_C_9	Run1_C_10	Run1_C_11	root
LOC_1	19	16	19	19	19	19	19
LOC_2	20	20	20	19	21	21	20
LOC_3	7	7	7	7	7	7	7
LOC_4	7	7	7	7	7	7	7
LOC_5	7	7	7	7	7	7	7
LOC_6	17	17	16	16	18	21	16
LOC_7	13	14	14	14	13	13	13
LOC_8	24	22	22	22	20	20	22
LOC_9	13	15	15	15	15	15	15
LOC_10	17	17	18	18	17	17	17
LOC_11	24	26	24	25	23	23	23
LOC_12	17	17	17	17	17	17	17
LOC_13	17	17	19	19	17	17	17
LOC_14	19	18	18	18	18	18	18
LOC_15	27	25	27	23	28	28	27
LOC_16	14	14	17	17	14	14	14
LOC_17	13	13	13	13	15	15	15
LOC_18	22	21	21	22	25	21	23
LOC_19	20	21	25	24	21	21	22
LOC_20	15	15	15	15	14	14	15
LOC_21	14	13	13	13	14	14	13
LOC_22	22	20	20	21	21	20	21
LOC_23	16	16	16	16	16	16	16
LOC_24	24	24	22	22	23	22	23
LOC_25	22	22	21	21	22	22	22
LOC_26	15	15	15	16	15	15	15
LOC_27	14	17	17	17	17	17	17
LOC_28	21	21	22	22	22	22	21
LOC_29	25	27	24	25	24	23	25
LOC_30	19	20	19	19	19	19	19
LOC_31	31	31	30	29	24	24	26
LOC_32	20	21	20	20	19	19	20
LOC_33	15	15	15	15	16	16	15
LOC_34	14	17	14	14	15	16	14
LOC_35	18	18	18	15	24	21	19
LOC_36	20	20	20	20	21	20	20
LOC_37	23	22	21	21	20	19	21
LOC_38	16	16	16	16	15	17	16
LOC_39	22	20	20	20	20	21	20
LOC_40	15	14	15	15	15	15	14
LOC_41	21	21	21	21	21	21	21
LOC_42	21	21	21	21	23	22	21
LOC_43	18	18	17	19	18	18	18
LOC_44	18	16	17	18	18	17	18
LOC_45	18	18	18	14	18	18	18
LOC_46	20	20	20	20	20	20	20
LOC_47	15	15	15	15	15	15	15
LOC_48	16	16	16	16	17	17	17
LOC_49	18	16	15	16	15	15	15
LOC_50	16	16	16	16	16	16	16
LOC_51	20	20	19	20	18	22	20
LOC_52	19	17	19	19	19	19	19
LOC_53	23	23	24	24	25	24	23
LOC_54	21	20	20	21	20	18	20
LOC_55	20	21	21	21	20	20	20
LOC_56	19	19	19	19	19	19	19
LOC_57	23	23	23	23	23	23	23
LOC_58	21	21	20	20	22	21	21
LOC_59	9	9	8	9	9	9	9
LOC_60	20	20	20	20	20	21	20
LOC_61	24	24	26	26	26	25	24
LOC_62	18	23	19	18	20	19	18
LOC_63	17	17	17	17	19	17	17
LOC_64	17	17	15	17	18	17	17
LOC_65	19	17	17	17	17	17	17
LOC_66	21	21	21	21	21	20	21
LOC_67	22	22	22	22	22	22	22
LOC_68	17	15	15	15	16	16	16
LOC_69	22	21	22	22	21	21	21
LOC_70	23	22	22	22	25	24	23
LOC_71	15	15	12	12	16	16	16
LOC_72	20	21	20	20	22	23	20
LOC_73	19	19	19	18	19	19	19
LOC_74	22	22	21	21	22	22	22
LOC_75	22	21	21	22	26	26	23
LOC_76	19	21	20	20	22	22	21
LOC_77	14	14	14	14	14	14	14
LOC_78	23	23	23	23	22	22	22
LOC_79	15	15	15	15	15	15	15
LOC_80	22	23	23	22	29	25	24
LOC_81	16	15	15	15	16	16	16
LOC_82	18	18	17	17	21	21	20
LOC_83	18	18	20	21	17	18	18
LOC_84	17	15	15	16	15	15	16
LOC_85	22	21	21	20	21	21	21
LOC_86	16	16	16	16	16	16	16
LOC_87	20	20	20	19	21	20	20
LOC_88	22	23	23	23	23	23	22
LOC_89	27	24	24	24	25	28	26
LOC_90	19	20	20	19	22	20	20
LOC_91	17	17	18	16	19	17	17
LOC_92	21	25	24	24	17	19	19
LOC_93	12	12	12	12	13	12	12
LOC_94	16	15	15	15	15	15	15
LOC_95	13	13	13	14	13	13	13
LOC_96	20	20	20	23	20	18	20
LOC_97	19	20	20	20	20	18	20
LOC_98	15	15	15	15	16	15	15
LOC_99	16	16	16	16	17	15	16
LOC_100	14	14	14	14	14	14	14
LOC_101	21	21	19	20	21	21	21
LOC_102	21	19	20	20	19	19	19
LOC_103	13	13	12	13	14	14	14
LOC_104	23	22	22	22	21	20	21
LOC_105	16	16	16	16	16	16	16
LOC_106	27	29	31	29	28	28	28
LOC_107	17	13	10	10	15	15	15
LOC_108	22	21	21	21	25	23	23
LOC_109	14	14	15	13	12	14	14
LOC_110	16	16	15	15	16	16	16
LOC_111	15	15	15	15	15	15	15
LOC_112	21	21	21	22	22	23	21
LOC_113	14	14	14	14	14	14	14
LOC_114	17	17	17	17	17	17	17
LOC_115	14	12	14	14	14	14	14
LOC_116	15	14	14	14	15	14	14
LOC_117	18	20	20	21	19	17	19
LOC_118	16	16	16	15	16	17	16
LOC_119	20	24	22	23	25	27	23
LOC_120	18	19	18	18	18	17	18
LOC_121	18	18	18	18	15	18	18
LOC_122	18	18	15	18	18	18	19
LOC_123	23	23	23	24	23	24	24
LOC_124	23	22	20	20	21	20	22
LOC_125	26	26	28	26	27	25	27
LOC_126	13	14	15	14	14	14	14
LOC_127	22	24	24	24	22	22	22
LOC_128	20	21	20	20	21	22	20
LOC_129	19	17	17	17	20	19	19
LOC_130	24	24	25	23	23	23	24
LOC_131	14	17	18	17	15	15	15
LOC_132	21	23	21	19	22	21	21
LOC_133	22	21	20	20	22	22	22
LOC_134	23	23	26	25	23	23	23
LOC_135	14	14	15	15	14	14	14
LOC_136	13	15	17	15	15	15	15
LOC_137	24	24	22	22	24	24	24
LOC_138	21	22	22	22	21	22	21
LOC_139	15	17	17	17	17	17	17
LOC_140	18	21	19	21	17	17	17
LOC_141	16	16	16	16	15	19	15
LOC_142	28	30	28	28	26	26	27
LOC_143	22	21	22	22	21	22	21
LOC_144	21	19	19	19	16	16	16
LOC_145	20	20	23	22	20	20	20
LOC_146	20	22	20	21	20	20	20
LOC_147	22	21	24	21	19	19	21
LOC_148	14	15	14	14	14	14	14
LOC_149	19	18	18	18	18	18	18
LOC_150	15	15	15	15	15	15	15
LOC_151	17	16	16	16	16	16	16
LOC_152	20	22	20	20	20	20	20
LOC_153	20	20	20	20	19	19	20
LOC_154	18	18	18	18	18	18	18
LOC_155	21	20	20	20	21	21	21
LOC_156	17	16	16	18	17	17	17
LOC_157	17	17	16	17	17	17	17
LOC_158	22	22	22	22	22	22	22
LOC_159	15	15	15	15	15	15	15
LOC_160	21	19	19	19	19	19	19
LOC_161	22	23	22	22	21	19	21
LOC_162	21	21	22	21	19	20	20
LOC_163	18	18	18	18	22	22	18
LOC_164	20	20	20	20	22	21	20
LOC_165	15	16	16	16	15	15	15
LOC_166	17	17	18	17	17	17	17
LOC_167	15	18	14	14	16	17	16
LOC_168	27	28	26	26	28	27	28
LOC_169	23	23	21	21	23	22	23
LOC_170	19	19	19	19	19	19	19
LOC_171	22	21	23	23	21	21	23
LOC_172	21	22	23	22	23	22	22
LOC_173	16	16	17	16	16	16	16
LOC_174	22	22	22	22	22	22	22
LOC_175	28	27	27	27	30	25	27
LOC_176	14	14	14	14	16	16	14
LOC_177	22	23	24	24	23	24	24
LOC_178	23	23	24	25	24	23	23
LOC_179	23	23	26	25	24	23	23
LOC_180	22	21	22	22	21	21	22
LOC_181	18	18	18	18	18	18	18
LOC_182	22	21	21	21	25	24	23
LOC_183	25	24	26	26	25	25	25
LOC_184	16	16	17	16	16	16	16
LOC_185	20	20	18	18	20	20	20
LOC_186	17	17	16	17	17	17	16
LOC_187	21	21	21	22	20	20	21
LOC_188	26	25	22	24	25	24	25
LOC_189	13	14	14	14	15	15	14
LOC_190	21	22	23	23	21	20	22
LOC_191	18	16	17	19	19	18	17
LOC_192	21	23	21	21	22	21	21
LOC_193	16	17	17	17	15	16	15
LOC_194	18	17	20	19	18	18	18
LOC_195	18	18	18	19	18	18	18
LOC_196	22	22	23	23	23	23	22
LOC_197	23	22	24	24	21	20	21
LOC_198	27	27	25	26	27	26	27
LOC_199	14	14	14	14	13	14	14
LOC_200	23	23	24	23	23	24	23
LOC_201	28	25	27	28	26	23	24
LOC_202	17	17	17	17	17	19	17
LOC_203	18	18	18	18	18	18	18
LOC_204	18	19	18	17	18	19	18
LOC_205	15	16	18	16	14	15	14
LOC_206	20	20	20	21	20	20	20
LOC_207	14	14	17	18	14	15	14
LOC_208	14	14	14	14	14	14	14
LOC_209	19	17	17	17	20	18	17
LOC_210	22	21	21	23	22	25	22
LOC_211	24	26	26	25	24	28	24
LOC_212	25	23	22	23	24	24	24
LOC_213	20	19	18	16	20	19	19
LOC_214	17	17	17	17	17	17	17
LOC_215	17	17	17	17	17	16	16
LOC_216	18	18	18	16	20	20	20
LOC_217	26	25	26	27	27	23	25
LOC_218	17	17	18	14	18	18	17
LOC_219	15	15	15	15	15	15	15
LOC_220	18	18	18	18	18	16	18
LOC_221	24	24	23	23	24	24	24
LOC_222	27	26	25	23	29	30	28
LOC_223	14	14	14	14	14	14	14
LOC_224	16	16	16	16	16	16	16
LOC_225	21	22	22	22	18	19	21
LOC_226	16	16	17	16	16	16	16
LOC_227	7	7	7	7	7	7	7
LOC_228	16	16	16	16	16	15	16
LOC_229	17	17	16	16	17	17	17
LOC_230	19	18	18	19	18	18	19
LOC_231	19	19	19	19	19	19	19
LOC_232	18	18	18	18	18	18	18
LOC_233	15	15	15	15	15	15	15
LOC_234	15	15	15	15	15	16	15
LOC_235	21	22	22	23	23	23	22
LOC_236	16	17	17	17	17	19	17
LOC_237	21	19	18	19	20	21	20
LOC_238	22	21	21	21	21	22	21
LOC_239	22	23	24	23	23	22	22
LOC_240	14	14	14	14	14	13	14
LOC_241	16	17	15	16	18	18	18
LOC_242	17	18	18	18	17	17	17
LOC_243	19	18	17	17	19	19	19
LOC_244	14	15	13	15	14	14	14
LOC_245	24	23	22	25	23	22	24
LOC_246	25	24	21	25	23	23	24
LOC_247	16	16	15	15	16	16	16
LOC_248	19	19	19	19	18	19	18
LOC_249	25	24	24	24	25	24	24
LOC_250	26	27	28	27	25	24	27
LOC_251	17	17	17	18	17	17	17
LOC_252	21	20	21	20	22	23	22
LOC_253	14	14	14	14	15	16	14
LOC_254	17	15	15	15	17	15	16
LOC_255	22	23	22	25	24	25	23
LOC_256	17	17	17	17	19	19	19
LOC_257	21	20	20	20	19	18	20
LOC_258	13	13	13	13	13	13	13
LOC_259	22	22	22	22	22	20	20
LOC_260	23	22	22	22	23	22	22
LOC_261	18	18	19	19	15	15	15
LOC_262	13	13	13	13	12	13	13
LOC_263	16	16	16	16	16	16	16
LOC_264	24	22	22	22	22	22	22
LOC_265	25	25	25	25	23	24	24
LOC_266	20	19	17	17	19	19	19
LOC_267	19	18	18	18	18	18	18
LOC_268	17	17	17	17	17	17	17
LOC_269	16	18	17	19	15	15	16
LOC_270	21	21	19	19	19	19	19
LOC_271	24	24	24	26	21	24	24
LOC_272	20	24	24	23	23	23	23
LOC_273	24	25	25	24	25	25	24
LOC_274	22	21	23	23	23	23	22
LOC_275	16	15	15	15	15	15	15
LOC_276	21	19	20	20	20	20	20
LOC_277	14	14	15	15	14	14	14
LOC_278	15	15	15	15	14	14	14
LOC_279	15	15	15	15	15	15	15
LOC_280	20	19	18	18	18	18	20
LOC_281	20	20	20	20	19	19	20
LOC_282	15	14	15	17	15	15	15
LOC_283	16	13	13	13	13	13	14
LOC_284	14	15	14	14	14	14	14
LOC_285	28	27	26	25	31	29	29
LOC_286	18	19	18	18	18	17	18
LOC_287	25	26	24	24	31	30	28
LOC_288	17	17	17	18	17	17	17
LOC_289	15	16	15	15	14	15	15
LOC_290	18	19	18	20	20	20	19
LOC_291	18	18	18	18	17	18	18
LOC_292	19	18	21	21	19	19	19
LOC_293	15	15	15	15	17	15	15
LOC_294	25	25	23	24	26	24	25
LOC_295	18	19	19	19	20	19	18
LOC_296	14	15	15	15	11	12	14
LOC_297	15	15	15	15	15	15	15
LOC_298	17	16	17	16	17	16	17
LOC_299	16	16	15	15	16	18	16
LOC_300	17	16	16	15	17	15	17
LOC_301	21	21	22	23	20	20	20
LOC_302	23	25	23	22	25	24	24
LOC_303	18	18	18	18	18	17	18
LOC_304	15	14	14	14	14	14	14
LOC_305	17	17	17	17	16	17	17
LOC_306	26	26	25	26	26	26	26
LOC_307	22	21	21	21	22	23	22
LOC_308	24	22	22	22	22	22	22
LOC_309	20	24	22	24	21	22	22
LOC_310	15	14	14	14	15	15	15
LOC_311	18	18	20	20	17	17	18
LOC_312	18	18	17	18	17	18	18
LOC_313	16	17	19	19	17	15	16
LOC_314	17	17	17	16	14	14	15
LOC_315	15	15	15	15	15	15	15
LOC_316	26	27	24	25	27	27	26
LOC_317	19	19	17	16	20	21	21
LOC_318	21	21	21	21	20	20	22
LOC_319	22	22	22	22	22	21	22
LOC_320	21	21	20	20	21	21	21
LOC_321	16	16	15	16	16	16	16
LOC_322	10	12	12	12	12	12	12
LOC_323	14	14	14	14	14	14	14
LOC_324	22	20	21	21	21	21	21
LOC_325	16	18	17	19	16	16	16
LOC_326	16	16	17	16	16	16	16
LOC_327	15	17	17	17	15	15	15
LOC_328	20	21	19	20	21	20	20
LOC_329	22	23	22	23	23	22	23
LOC_330	21	22	22	22	22	22	22
LOC_331	23	20	20	20	23	24	23
LOC_332	15	15	15	15	13	13	15
LOC_333	14	14	14	14	14	13	14
LOC_334	18	18	18	19	19	20	19
LOC_335	22	23	25	25	21	23	23
LOC_336	22	21	20	21	23	25	24
LOC_337	19	19	19	20	20	20	20
LOC_338	19	19	19	18	20	20	19
LOC_339	17	17	17	18	17	19	17
LOC_340	12	13	12	12	13	14	13
LOC_341	20	21	21	22	20	20	20
LOC_342	15	15	15	15	14	14	14
LOC_343	20	19	19	19	20	21	20
LOC_344	17	17	17	17	16	16	17
LOC_345	15	16	16	16	15	15	15
LOC_346	23	24	27	26	26	25	23
LOC_347	20	24	19	19	21	21	20
LOC_348	21	22	20	20	20	20	20
LOC_349	15	16	15	15	15	15	15
LOC_350	17	17	17	17	17	17	17
LOC_351	28	29	28	27	26	26	26
LOC_352	20	20	19	20	20	21	20
LOC_353	18	18	18	18	17	16	18
LOC_354	13	15	15	15	15	15	15
LOC_355	14	16	17	16	15	14	14
LOC_356	18	18	18	19	17	17	17
LOC_357	15	18	17	17	14	16	16
LOC_358	7	7	7	7	7	7	7
LOC_359	21	19	19	19	19	19	19
LOC_360	24	24	24	24	24	23	24
LOC_361	22	22	21	20	20	23	21
LOC_362	24	20	22	23	20	21	22
LOC_363	8	8	8	8	8	8	8
LOC_364	14	14	14	14	13	14	14
LOC_365	24	25	24	25	25	24	25
LOC_366	17	17	18	17	17	17	17
LOC_367	17	17	17	17	16	18	16
LOC_368	24	24	24	24	25	25	24
LOC_369	30	27	30	27	29	27	28
LOC_370	18	19	17	17	21	21	18
LOC_371	24	23	23	23	24	20	23
LOC_372	21	21	20	21	21	21	21
LOC_373	14	14	14	14	14	14	14
LOC_374	15	15	15	15	15	15	15
LOC_375	18	19	18	19	18	18	18
LOC_376	20	19	20	20	21	20	20
LOC_377	21	23	25	25	23	23	23
LOC_378	23	23	23	23	22	23	23
LOC_379	19	19	19	19	18	18	18
LOC_380	19	20	18	17	21	21	18
LOC_381	14	14	14	14	14	13	14
LOC_382	18	18	18	18	18	16	18
LOC_383	17	17	17	17	17	17	17
LOC_384	16	15	15	15	14	14	14
LOC_385	18	18	19	18	19	18	18
LOC_386	19	19	18	19	20	19	19
LOC_387	17	17	17	17	16	16	17
LOC_388	31	27	28	27	28	27	28
LOC_389	18	18	18	18	16	18	18
LOC_390	7	7	7	8	7	7	7
LOC_391	22	22	22	21	24	24	22
LOC_392	22	22	22	22	20	22	22
LOC_393	15	15	17	17	15	15	15
LOC_394	16	15	15	16	16	16	16
LOC_395	20	19	19	18	19	19	20
LOC_396	18	17	17	19	17	17	17
LOC_397	19	18	19	19	19	18	19
LOC_398	17	20	17	18	18	18	17
LOC_399	30	29	25	25	32	31	29
LOC_400	16	17	17	20	15	15	15
LOC_401	13	13	13	13	13	13	13
LOC_402	14	15	14	14	15	15	14
LOC_403	14	15	14	14	14	14	14
LOC_404	11	10	12	12	10	10	10
LOC_405	16	16	16	16	16	18	16
LOC_406	19	19	19	19	18	18	19
LOC_407	17	20	19	19	17	17	17
LOC_408	14	14	14	13	15	15	14
LOC_409	15	15	14	14	15	16	15
LOC_410	16	16	16	16	15	15	16
LOC_411	14	14	14	14	15	15	14
LOC_412	19	18	17	18	19	18	19
LOC_413	22	20	19	19	20	20	20
LOC_414	15	15	15	15	15	16	15
LOC_415	14	14	14	14	17	14	14
LOC_416	17	18	13	18	19	20	17
LOC_417	14	15	15	15	13	15	14
LOC_418	14	14	16	15	14	14	14
LOC_419	15	16	18	16	18	16	15
LOC_420	13	13	13	13	12	12	13
LOC_421	17	17	17	17	17	17	17
LOC_422	21	21	21	21	23	22	23
LOC_423	9	9	9	9	9	9	9
LOC_424	21	21	21	21	20	20	20
LOC_425	16	15	15	15	16	16	16
LOC_426	18	18	18	18	18	17	17
LOC_427	18	21	19	19	20	20	20
LOC_428	17	17	17	17	16	16	16
LOC_429	19	19	18	18	20	21	19
LOC_430	19	19	19	19	18	18	19
LOC_431	18	19	18	18	19	19	19
LOC_432	14	14	14	16	14	14	14
LOC_433	23	23	22	23	24	24	23
LOC_434	15	19	19	19	19	19	19
LOC_435	25	27	27	26	26	27	25
LOC_436	24	23	22	23	22	22	24
LOC_437	24	25	31	29	22	22	22
LOC_438	22	23	23	24	23	22	23
LOC_439	16	15	15	16	16	16	16
LOC_440	20	21	21	22	20	21	20
LOC_441	16	16	16	16	18	16	16
LOC_442	23	23	26	22	22	22	22
LOC_443	18	18	18	18	18	18	18
LOC_444	20	20	20	20	20	20	20
LOC_445	21	21	22	21	21	21	22
LOC_446	18	18	18	17	17	17	18
LOC_447	19	17	17	17	18	18	18
LOC_448	27	26	27	26	29	29	28
LOC_449	17	17	17	17	17	17	17
LOC_450	20	20	20	20	19	20	20
LOC_451	14	14	14	14	15	15	14
LOC_452	18	18	18	18	19	19	19
LOC_453	18	18	18	18	18	19	18
LOC_454	22	23	26	23	20	21	21
LOC_455	16	16	16	16	16	16	16
LOC_456	15	15	16	15	15	15	15
LOC_457	23	25	23	25	22	22	22
LOC_458	18	16	17	16	16	16	16
LOC_459	7	7	7	7	7	7	7
LOC_460	18	18	18	18	18	18	18
LOC_461	14	11	14	16	13	13	14
LOC_462	19	21	23	21	22	21	21
LOC_463	20	22	22	22	26	26	25
LOC_464	18	18	19	18	18	17	18
LOC_465	24	24	23	24	27	28	25
LOC_466	24	23	22	22	23	25	24
LOC_467	21	19	18	19	19	19	19
LOC_468	16	16	16	17	14	15	14
LOC_469	23	24	24	25	24	23	23
LOC_470	23	23	22	23	24	23	23
LOC_471	19	19	19	19	21	20	19
LOC_472	14	16	17	20	16	13	16
LOC_473	21	21	22	22	22	23	21
LOC_474	15	15	15	15	15	15	15
LOC_475	15	16	16	16	16	16	16
LOC_476	16	16	16	16	16	16	16
LOC_477	19	16	19	19	18	19	19
LOC_478	16	16	16	16	16	17	16
LOC_479	17	20	17	18	17	17	17
LOC_480	17	17	15	19	17	17	17
LOC_481	16	16	16	17	13	13	16
LOC_482	17	17	17	17	19	16	17
LOC_483	24	23	24	25	23	23	24
LOC_484	24	26	29	27	25	25	25
LOC_485	15	15	15	15	17	17	17
LOC_486	21	19	19	20	23	23	23
LOC_487	18	18	18	18	18	17	17
LOC_488	24	24	24	24	23	23	23
LOC_489	18	19	20	19	18	18	18
LOC_490	14	14	14	14	14	14	14
LOC_491	21	22	22	22	21	22	21
LOC_492	21	21	22	20	20	20	20
LOC_493	28	26	27	26	28	27	27
LOC_494	17	17	17	17	18	17	17
LOC_495	24	23	21	22	24	24	23
LOC_496	22	23	15	17	22	22	22
LOC_497	17	17	15	17	20	20	20
LOC_498	8	8	8	8	8	8	8
LOC_499	21	22	20	19	26	26	21
LOC_500	19	19	19	19	19	19	19
LOC_501	17	17	17	17	17	17	17
LOC_502	27	25	25	24	24	27	27
LOC_503	7	7	7	7	9	7	7
LOC_504	15	15	15	15	15	15	15
LOC_505	21	22	22	25	21	21	21
LOC_506	15	15	15	15	14	14	14
LOC_507	15	17	15	15	14	13	14
LOC_508	18	18	18	18	18	18	18
LOC_509	19	19	19	19	18	20	19
LOC_510	20	19	17	17	20	20	20
LOC_511	20	20	20	20	20	20	20
LOC_512	24	24	23	23	23	23	23
LOC_513	16	16	16	16	16	16	16
LOC_514	14	15	14	14	14	14	14
LOC_515	18	17	17	17	19	19	18
LOC_516	18	18	18	18	18	18	18
LOC_517	19	20	21	21	19	19	19
LOC_518	21	22	23	22	21	21	21
LOC_519	17	17	18	17	17	17	17
LOC_520	18	20	19	20	20	22	20
LOC_521	15	16	17	16	16	16	16
LOC_522	19	19	19	19	19	19	19
LOC_523	18	18	19	19	20	21	18
LOC_524	22	22	23	25	22	22	22
LOC_525	18	20	19	19	18	18	18
LOC_526	14	14	14	14	14	14	14
LOC_527	18	17	12	15	18	18	18
LOC_528	18	18	18	18	18	18	18
LOC_529	16	16	16	17	16	16	16
LOC_530	16	14	16	16	13	14	14
LOC_531	22	23	22	22	21	23	22
LOC_532	16	17	18	17	15	16	16
LOC_533	20	21	23	20	19	19	19
LOC_534	18	19	18	18	17	20	18
LOC_535	20	21	21	21	20	20	20
LOC_536	16	16	16	16	16	16	16
LOC_537	22	21	23	22	22	22	21
LOC_538	21	20	20	20	22	20	21
LOC_539	29	30	31	29	30	30	30
LOC_540	27	26	28	27	25	27	27
LOC_541	14	14	14	14	14	14	14
LOC_542	17	18	18	18	17	18	17
LOC_543	21	20	20	19	19	19	20
LOC_544	12	12	12	12	12	12	12
LOC_545	18	17	17	17	15	16	17
LOC_546	18	17	16	17	19	19	18
LOC_547	22	24	25	22	25	22	22
LOC_548	29	28	29	28	28	29	28
LOC_549	16	16	15	16	14	16	16
LOC_550	23	24	23	21	20	20	24
LOC_551	17	14	15	12	15	15	15
LOC_552	16	15	17	16	16	16	16
LOC_553	15	19	19	19	18	18	18
LOC_554	14	14	14	14	14	14	14
LOC_555	20	22	20	23	21	22	22
LOC_556	20	17	17	17	17	17	17
LOC_557	21	21	20	21	23	21	21
LOC_558	18	18	18	18	18	18	18
LOC_559	16	16	15	15	16	16	16
LOC_560	21	20	21	21	21	21	21
LOC_561	24	25	22	23	25	24	24
LOC_562	22	24	27	27	23	22	22
LOC_563	27	25	28	30	26	25	27
LOC_564	17	18	18	18	18	18	18
LOC_565	19	19	19	20	19	19	19
LOC_566	16	15	15	15	16	16	15
LOC_567	22	23	23	24	24	24	23
LOC_568	18	18	19	18	18	18	18
LOC_569	17	17	18	18	17	17	17
LOC_570	19	19	19	19	19	19	19
LOC_571	19	19	19	19	18	17	17
LOC_572	17	17	17	17	17	17	17
LOC_573	19	19	20	20	19	19	19
LOC_574	20	21	25	21	21	21	21
LOC_575	17	16	16	17	18	18	17
LOC_576	18	18	18	18	19	20	18
LOC_577	12	12	13	13	12	12	12
LOC_578	17	14	14	14	14	14	14
LOC_579	22	22	24	23	15	19	20
LOC_580	15	15	15	15	15	14	14
LOC_581	18	18	18	19	18	18	18
LOC_582	18	18	18	19	18	17	18
LOC_583	14	14	14	14	14	14	14
LOC_584	23	22	25	24	21	19	20
LOC_585	13	13	13	13	16	16	14
LOC_586	19	19	19	19	20	22	20
LOC_587	13	13	14	14	12	12	12
LOC_588	27	31	29	27	26	28	28
LOC_589	8	8	8	8	8	8	8
LOC_590	14	11	11	11	14	14	14
LOC_591	17	17	17	17	17	17	17
LOC_592	11	11	12	12	11	11	11
LOC_593	14	14	14	14	14	14	14
LOC_594	26	25	26	26	27	28	26
LOC_595	18	17	18	18	18	18	18
LOC_596	26	27	27	27	26	26	26
LOC_597	20	19	19	19	20	20	20
LOC_598	20	17	17	17	21	19	21
LOC_599	28	31	30	30	27	31	29
LOC_600	25	26	26	25	28	25	26
LOC_601	14	14	15	15	14	14	14
LOC_602	14	14	16	14	14	14	14
LOC_603	18	18	18	17	17	17	17
LOC_604	26	27	26	24	26	25	26
LOC_605	23	23	23	25	25	25	23
LOC_606	14	14	14	14	14	14	14
LOC_607	20	19	20	20	19	19	19
LOC_608	26	25	24	24	25	24	24
LOC_609	28	29	30	27	25	26	30
LOC_610	16	16	18	17	16	16	16
LOC_611	22	23	21	22	23	23	22
LOC_612	14	15	15	15	15	15	15
LOC_613	29	28	26	27	26	26	27
LOC_614	28	28	28	26	27	27	29
LOC_615	18	19	18	18	18	20	18
LOC_616	22	21	22	21	22	22	22
LOC_617	30	27	28	27	30	30	29
LOC_618	19	21	16	21	18	19	19
LOC_619	22	22	20	22	21	20	21
LOC_620	25	24	19	22	23	24	24
LOC_621	26	26	27	26	24	26	25
LOC_622	26	25	24	24	21	21	23
LOC_623	23	23	23	23	24	23	23
LOC_624	20	17	20	20	19	18	20
LOC_625	13	13	12	13	14	14	14
LOC_626	16	16	18	18	16	16	16
LOC_627	15	15	13	14	14	14	14
LOC_628	17	17	19	19	17	17	17
LOC_629	21	20	19	19	20	20	20
LOC_630	16	16	16	16	16	16	16
LOC_631	19	19	21	19	19	19	19
LOC_632	11	12	12	12	16	16	16
LOC_633	20	20	20	21	20	20	20
LOC_634	23	21	24	23	22	22	22
LOC_635	18	18	18	18	18	18	18
LOC_636	17	17	19	18	17	17	17
LOC_637	15	15	15	15	15	15	15
LOC_638	18	18	17	18	18	18	18
LOC_639	22	23	23	22	24	24	24
LOC_640	23	20	21	21	19	19	20
LOC_641	20	24	23	24	20	18	20
LOC_642	26	29	26	27	24	25	28
LOC_643	22	21	23	23	22	22	22
LOC_644	22	22	26	24	22	22	22
LOC_645	18	18	18	18	18	16	18
LOC_646	17	16	18	18	16	18	16
LOC_647	14	13	13	13	14	14	14
LOC_648	15	15	17	15	15	15	15
LOC_649	17	17	16	16	17	17	17
LOC_650	24	21	22	22	24	24	24
LOC_651	15	15	15	15	15	15	15
LOC_652	16	16	16	16	16	16	16
LOC_653	24	23	21	24	25	25	24
LOC_654	21	21	23	23	21	21	21
LOC_655	25	25	25	23	24	25	24
LOC_656	15	15	15	15	15	15	15
LOC_657	16	17	16	16	15	15	16
LOC_658	25	26	26	25	25	26	25
LOC_659	18	18	18	19	19	19	18
LOC_660	16	17	16	17	16	16	16
LOC_661	9	8	8	8	9	9	9
LOC_662	16	17	17	16	16	17	16
LOC_663	18	18	18	18	18	18	18
LOC_664	26	26	26	26	25	25	26
LOC_665	12	12	12	12	12	12	12
LOC_666	23	21	20	21	21	22	23
LOC_667	17	17	18	19	18	18	17
LOC_668	20	20	20	20	20	21	20
LOC_669	24	24	25	25	23	23	23
LOC_670	14	14	14	13	14	14	14
LOC_671	16	16	16	16	15	15	16
LOC_672	20	20	20	20	21	21	21
LOC_673	20	21	21	21	20	21	21
LOC_674	20	21	23	22	22	20	21
LOC_675	18	18	17	18	18	18	18
LOC_676	20	23	22	24	22	22	20
LOC_677	15	17	17	16	16	16	16
LOC_678	21	20	20	20	20	20	20
LOC_679	15	17	18	17	15	15	15
LOC_680	17	17	15	18	18	18	18
LOC_681	17	17	17	17	17	17	16
LOC_682	16	13	13	13	17	18	14
LOC_683	22	22	23	22	20	22	22
LOC_684	27	30	32	30	27	27	28
LOC_685	23	23	23	22	23	24	23
LOC_686	18	16	15	15	18	17	17
LOC_687	22	22	20	20	21	21	21
LOC_688	23	23	22	25	27	24	24
LOC_689	23	23	23	23	22	22	23
LOC_690	22	22	21	24	21	21	21
LOC_691	20	20	20	20	21	23	20
LOC_692	19	19	19	19	22	21	19
LOC_693	19	24	23	22	19	19	19
LOC_694	16	17	16	16	16	16	16
LOC_695	17	17	17	17	17	17	17
LOC_696	24	24	24	24	23	22	23
LOC_697	22	23	21	20	22	22	22
LOC_698	27	29	29	29	26	28	28
LOC_699	15	15	15	15	15	15	15
LOC_700	17	18	18	18	17	17	17
LOC_701	17	15	15	15	16	16	16
LOC_702	21	22	21	21	22	21	21
LOC_703	27	29	27	27	28	27	29
LOC_704	28	29	27	27	29	27	28
LOC_705	19	20	19	19	18	18	19
LOC_706	21	21	21	21	21	22	21
LOC_707	18	18	18	20	17	18	18
LOC_708	28	29	27	27	29	28	30
LOC_709	29	27	26	25	28	29	29
LOC_710	20	21	20	20	19	20	20
LOC_711	12	12	12	12	12	12	12
LOC_712	24	23	26	23	23	23	23
LOC_713	24	22	18	20	22	22	23
LOC_714	17	15	17	15	16	16	15
LOC_715	15	16	17	17	16	16	16
LOC_716	29	29	29	29	29	31	28
LOC_717	29	30	30	27	29	30	30
LOC_718	19	17	17	19	18	19	17
LOC_719	31	30	29	30	28	28	29
LOC_720	29	30	28	29	30	31	30
LOC_721	28	27	28	27	27	26	28
LOC_722	15	16	16	16	16	16	16
LOC_723	21	23	23	22	22	21	21
LOC_724	29	27	27	27	28	27	28
LOC_725	19	18	19	20	19	19	19
LOC_726	23	26	24	24	23	23	23
LOC_727	23	21	22	25	21	21	21
LOC_728	18	18	17	17	18	18	18
LOC_729	29	29	27	31	27	26	27
LOC_730	31	29	29	30	28	28	30
LOC_731	28	29	29	26	28	27	27
LOC_732	17	17	17	17	17	17	17
LOC_733	23	23	22	23	22	22	22
LOC_734	27	27	28	27	26	27	27
LOC_735	28	28	27	28	28	27	28
LOC_736	20	18	20	19	20	20	20
LOC_737	18	20	21	21	17	17	17
LOC_738	26	30	28	28	28	26	27
LOC_739	16	16	16	14	17	16	16
LOC_740	21	21	20	20	21	21	21
LOC_741	29	25	25	25	24	24	25
LOC_742	21	23	19	18	21	21	22
LOC_743	20	21	19	21	18	19	20
LOC_744	16	16	16	16	15	14	14
LOC_745	16	17	16	16	16	16	16
LOC_746	26	29	27	27	27	29	28
LOC_747	16	16	16	16	16	16	16
LOC_748	15	15	15	15	15	15	15
LOC_749	21	21	19	21	20	21	21
LOC_750	22	21	21	22	23	22	22
LOC_751	17	17	17	17	18	18	18
LOC_752	22	22	23	22	24	24	23
LOC_753	26	25	26	25	20	22	22
LOC_754	29	26	28	27	30	28	27
LOC_755	16	15	15	15	16	16	16
LOC_756	16	17	18	17	16	18	16
LOC_757	16	16	16	16	17	16	16
LOC_758	13	14	13	13	13	13	13
LOC_759	19	19	17	17	19	19	19
LOC_760	17	16	19	16	16	16	16
LOC_761	20	18	18	18	22	22	20
LOC_762	15	15	16	15	16	16	16
LOC_763	25	24	23	24	25	28	26
LOC_764	22	21	22	21	22	22	22
LOC_765	29	27	28	26	28	27	27
LOC_766	15	14	14	13	15	14	15
LOC_767	19	18	19	18	18	18	18
LOC_768	26	28	26	26	26	29	26
LOC_769	24	22	24	23	25	26	25
LOC_770	25	27	26	26	26	27	26
LOC_771	22	22	20	22	24	20	23
LOC_772	22	22	21	22	21	23	21
LOC_773	16	16	16	16	16	16	16
LOC_774	24	24	26	24	23	27	25
LOC_775	22	20	21	21	19	18	20
LOC_776	22	23	20	24	21	20	21
LOC_777	26	27	25	25	26	27	26
LOC_778	16	16	16	16	16	16	16
LOC_779	19	20	18	23	21	20	20
LOC_780	26	26	26	26	27	27	26
LOC_781	26	21	26	26	25	27	26
LOC_782	15	14	14	14	14	14	14
LOC_783	27	27	27	27	26	24	26
LOC_784	27	29	28	29	28	27	26
LOC_785	22	27	26	26	23	24	24
LOC_786	26	26	27	28	26	28	26
LOC_787	21	21	21	21	21	21	21
LOC_788	26	29	26	28	27	26	26
LOC_789	16	16	16	16	18	18	18
LOC_790	26	22	20	25	25	25	26
LOC_791	25	28	25	25	23	26	26
LOC_792	16	16	16	16	16	17	16
LOC_793	19	21	22	24	21	21	19
LOC_794	23	20	21	21	18	19	20
LOC_795	21	21	22	22	22	21	21
LOC_796	16	18	19	19	18	18	18
LOC_797	27	25	23	24	26	26	27
LOC_798	26	27	25	25	25	26	26
LOC_799	26	25	26	26	26	26	26
LOC_800	9	9	9	9	9	9	9
LOC_801	27	26	27	28	28	28	26
LOC_802	26	25	25	26	29	25	26
LOC_803	21	20	20	20	20	20	20
LOC_804	16	16	16	14	16	17	16
LOC_805	16	18	15	19	16	15	16
LOC_806	18	17	17	17	17	17	17
LOC_807	17	20	15	16	20	16	16
LOC_808	20	20	22	20	20	20	20
LOC_809	26	26	22	22	27	25	26
LOC_810	17	19	18	17	17	15	17
LOC_811	18	18	18	18	19	19	19
LOC_812	19	19	19	20	20	19	19
LOC_813	26	28	29	30	26	26	26
LOC_814	26	26	26	27	24	26	26
LOC_815	27	26	26	28	26	32	26
LOC_816	15	15	15	15	16	16	16
LOC_817	21	21	21	21	22	20	22
LOC_818	28	27	26	26	25	24	25
LOC_819	7	7	7	7	7	7	7
LOC_820	16	16	16	16	16	16	16
LOC_821	27	27	27	27	28	31	28
LOC_822	27	24	26	26	26	26	25
LOC_823	15	15	14	14	16	15	15
LOC_824	18	19	20	20	21	21	21
LOC_825	28	27	26	27	25	25	25
LOC_826	16	17	16	16	18	18	18
LOC_827	22	18	22	24	19	17	21
LOC_828	19	19	20	19	19	18	19
LOC_829	16	16	16	16	16	16	16
LOC_830	24	26	25	26	26	26	25
LOC_831	26	25	28	27	27	28	25
LOC_832	16	16	16	16	16	16	16
LOC_833	14	14	14	14	13	13	14
LOC_834	21	21	22	20	21	21	21
LOC_835	26	28	25	25	25	24	25
LOC_836	15	15	14	14	14	15	15
LOC_837	12	12	12	12	12	12	12
LOC_838	23	23	22	22	24	22	23
LOC_839	19	18	18	18	18	18	18
LOC_840	20	20	20	20	19	22	20
LOC_841	13	13	13	12	14	14	14
LOC_842	26	27	24	25	23	22	25
LOC_843	17	17	16	17	19	17	17
LOC_844	26	26	25	26	27	27	26
LOC_845	24	24	26	25	24	24	25
LOC_846	19	22	22	22	19	19	18
LOC_847	24	25	24	25	23	26	25
LOC_848	21	19	19	19	18	18	19
LOC_849	25	26	26	25	25	26	25
LOC_850	16	16	16	16	17	17	17
LOC_851	25	24	24	24	22	23	23
LOC_852	15	15	15	15	14	15	15
LOC_853	25	24	25	24	25	25	25
LOC_854	25	24	25	28	25	25	25
LOC_855	18	19	20	19	18	18	18
LOC_856	27	28	29	31	27	26	26
LOC_857	30	29	27	27	28	32	29
LOC_858	14	14	13	14	14	14	14
LOC_859	15	15	15	15	14	14	14
LOC_860	21	21	21	22	22	23	22
LOC_861	17	18	16	17	18	17	17
LOC_862	14	14	13	14	15	15	15
LOC_863	20	20	21	19	20	20	20
LOC_864	24	25	23	21	23	23	24
LOC_865	26	26	25	25	22	24	25
LOC_866	26	26	24	25	25	25	25
LOC_867	19	19	19	20	20	19	18
LOC_868	25	24	25	24	25	25	25
LOC_869	21	22	21	21	19	20	21
LOC_870	13	13	13	13	13	15	13
LOC_871	14	14	15	15	16	16	14
LOC_872	25	26	27	26	24	23	25
LOC_873	17	16	16	16	17	17	17
LOC_874	23	23	25	23	22	22	24
LOC_875	18	18	18	20	18	19	18
LOC_876	15	16	15	16	17	17	17
LOC_877	26	27	25	25	24	24	25
LOC_878	25	24	25	24	25	27	25
LOC_879	25	24	24	25	26	25	25
LOC_880	25	23	23	23	28	28	25
LOC_881	17	16	16	16	17	17	17
LOC_882	20	20	20	23	20	20	20
LOC_883	26	28	30	29	25	23	25
LOC_884	16	16	16	16	15	15	15
LOC_885	16	17	17	17	18	17	17
LOC_886	24	26	27	26	25	25	25
LOC_887	27	25	28	27	25	24	25
LOC_888	24	24	24	24	24	24	25
LOC_889	24	24	24	25	22	22	23
LOC_890	21	22	22	22	21	22	22
LOC_891	22	24	27	24	25	25	25
LOC_892	21	22	21	23	20	21	22
LOC_893	21	20	19	20	17	19	19
LOC_894	17	18	19	19	18	18	18
LOC_895	24	21	25	24	24	25	24
LOC_896	25	25	27	26	25	25	25
LOC_897	17	17	17	17	19	17	17
LOC_898	26	26	27	29	24	24	25
LOC_899	25	24	28	26	26	26	25
LOC_900	24	24	25	25	24	26	24
LOC_901	24	27	26	28	25	25	25
LOC_902	23	26	23	23	25	25	23
LOC_903	28	26	26	26	27	26	25
LOC_904	14	14	14	14	14	15	14
LOC_905	25	27	24	24	26	26	25
LOC_906	16	16	16	16	15	15	15
LOC_907	17	19	18	18	18	18	18
LOC_908	22	22	23	24	25	22	22
LOC_909	25	25	26	26	26	24	25
LOC_910	20	20	20	20	19	17	17
LOC_911	19	19	18	18	20	19	19
LOC_912	11	11	11	11	11	11	11
LOC_913	18	18	18	17	18	18	18
LOC_914	26	27	27	27	25	24	25
LOC_915	25	25	26	27	24	25	25
LOC_916	18	18	18	19	16	18	18
LOC_917	15	15	15	15	15	15	15
LOC_918	19	14	17	17	15	16	16
LOC_919	16	12	13	13	15	15	14
LOC_920	18	20	21	18	19	19	18
LOC_921	16	17	18	18	16	16	16
LOC_922	22	22	21	24	22	21	22
LOC_923	25	26	27	29	22	25	25
LOC_924	25	22	24	24	28	25	25
LOC_925	14	16	16	16	14	14	14
LOC_926	24	22	23	20	24	25	25
LOC_927	27	26	28	28	24	23	25
LOC_928	24	24	24	22	24	24	25
LOC_929	15	15	15	15	15	15	15
LOC_930	10	10	10	10	10	10	10
LOC_931	23	24	25	26	24	22	24
LOC_932	24	25	24	24	24	25	24
LOC_933	26	27	30	26	26	24	24
LOC_934	25	25	24	24	22	24	24
LOC_935	17	17	17	17	16	17	17
LOC_936	22	22	22	23	25	24	23
LOC_937	24	22	23	21	23	25	24
LOC_938	16	16	16	16	17	18	17
LOC_939	19	20	19	19	19	19	19
LOC_940	20	19	19	19	20	19	19
LOC_941	14	14	15	15	14	15	14
LOC_942	21	22	22	21	24	23	24
LOC_943	20	20	21	21	20	19	20
LOC_944	19	21	20	22	18	18	18
LOC_945	17	17	17	17	17	17	17
LOC_946	26	25	24	22	24	24	24
LOC_947	23	22	23	23	26	25	24
LOC_948	20	18	18	18	18	18	20
LOC_949	23	23	23	23	22	23	23
LOC_950	23	23	23	24	25	24	24
LOC_951	20	20	21	21	19	19	20
LOC_952	20	20	20	20	21	20	20
LOC_953	24	22	27	26	24	26	24
LOC_954	21	21	24	21	23	22	22
LOC_955	24	24	27	26	24	24	24
LOC_956	26	27	27	26	24	24	24
LOC_957	24	24	24	24	24	23	24
LOC_958	16	16	20	18	17	17	16
LOC_959	18	18	17	17	18	18	18
LOC_960	24	23	23	24	23	24	24
LOC_961	24	24	24	24	26	26	25
LOC_962	24	22	22	24	24	24	24
LOC_963	24	23	22	22	24	24	24
LOC_964	16	16	15	17	16	16	16
LOC_965	25	24	24	24	19	19	23
LOC_966	21	21	22	21	19	19	20
LOC_967	26	24	24	25	22	22	24
LOC_968	23	23	25	23	24	23	24
LOC_969	20	20	20	20	18	18	18
LOC_970	19	19	19	19	19	19	19
LOC_971	25	24	24	23	25	24	24
LOC_972	24	20	22	24	24	24	24
LOC_973	30	30	29	33	29	31	30
LOC_974	14	14	13	13	14	14	14
LOC_975	14	14	14	14	14	14	14
LOC_976	29	31	28	30	27	27	29
LOC_977	16	17	15	15	17	17	17
LOC_978	17	18	15	15	16	16	17
LOC_979	25	25	26	25	25	25	25
LOC_980	17	16	16	16	16	16	16
LOC_981	22	26	24	24	22	27	22
LOC_982	14	15	15	15	12	12	14
LOC_983	24	24	25	25	25	26	24
LOC_984	24	25	23	23	25	25	24
LOC_985	14	18	17	20	17	15	14
LOC_986	17	17	18	17	16	16	17
LOC_987	24	21	24	24	24	25	24
LOC_988	18	18	19	19	18	19	18
LOC_989	26	24	24	24	25	23	24
LOC_990	25	27	27	25	24	26	24
LOC_991	15	15	14	14	16	17	15
LOC_992	21	24	24	24	23	22	23
LOC_993	19	20	18	19	19	19	19
LOC_994	24	23	24	19	24	25	24
LOC_995	24	24	25	24	22	25	24
LOC_996	23	24	23	23	24	25	24
LOC_997	24	23	22	24	25	23	24
LOC_998	14	14	14	14	14	14	14
LOC_999	24	23	23	23	24	24	24
LOC_1000	21	21	21	21	21	21	21
