names	Run1_C_10	Run1_C_12	Run1_C_15	Run1_C_18	Run1_C_19	Run1_C_21	Run1_C_22	Run1_C_25	Run1_C_29	Run1_C_31	Run1_C_32	Run1_C_33	Run1_C_34	Run1_C_35	Run1_C_36	Run1_C_37	Run1_C_38	Run1_C_39	Run1_C_40	Run1_C_41	Run1_C_42	Run1_C_43	root
LOC_1	20	20	19	20	20	20	20	19	21	20	21	22	20	20	19	19	20	19	19	22	21	21	19
LOC_2	20	21	20	20	20	20	19	20	19	18	20	18	20	20	25	24	24	22	20	21	19	19	20
LOC_3	7	7	7	7	7	7	7	7	7	7	7	7	7	7	7	7	7	7	7	7	7	7	7
LOC_4	6	7	8	6	6	7	7	6	8	8	9	8	7	7	8	8	8	8	6	6	8	8	7
LOC_5	7	7	7	7	7	7	7	7	9	8	7	7	7	7	7	8	7	7	7	7	8	9	7
LOC_6	18	16	17	18	17	16	16	15	17	16	16	16	17	17	17	17	17	17	15	15	16	16	16
LOC_7	13	14	11	14	14	15	16	12	12	12	12	12	13	13	13	11	11	11	12	11	12	12	13
LOC_8	22	22	22	20	20	24	22	21	24	23	22	24	22	22	22	20	20	21	22	21	24	21	22
LOC_9	15	16	15	15	15	17	17	15	17	17	15	17	16	17	15	15	15	14	15	15	17	17	15
LOC_10	18	17	18	14	14	17	17	17	17	17	17	17	18	18	20	17	17	17	17	17	17	17	17
LOC_11	22	23	23	24	24	24	24	23	24	24	23	23	22	23	23	23	25	25	23	23	24	25	23
LOC_12	17	17	17	15	15	18	17	17	16	17	17	18	16	17	17	17	18	17	16	16	16	16	17
LOC_13	17	20	17	17	16	20	20	15	19	20	20	20	20	20	17	17	17	17	15	16	20	20	17
LOC_14	18	18	20	18	18	18	18	18	18	19	18	19	18	18	20	20	19	20	18	18	18	18	18
LOC_15	28	26	24	31	27	26	28	26	31	31	31	29	26	26	25	23	25	22	29	28	32	33	27
LOC_16	14	14	15	15	15	15	15	13	13	14	14	12	15	15	12	14	15	13	14	14	13	13	14
LOC_17	15	15	16	20	16	15	15	14	15	15	15	15	15	14	15	15	17	17	12	12	15	15	15
LOC_18	21	24	23	23	23	23	19	22	21	22	20	20	21	24	23	22	23	23	23	23	20	21	23
LOC_19	22	22	23	25	24	21	20	23	20	19	22	22	22	22	22	22	22	22	22	24	20	18	22
LOC_20	13	15	17	16	16	16	16	16	18	20	20	19	15	15	17	16	16	16	16	16	18	18	15
LOC_21	13	13	13	13	13	12	12	16	12	12	13	16	13	13	13	13	12	12	16	16	12	12	13
LOC_22	19	21	20	20	20	20	21	21	22	22	22	23	21	22	20	21	20	19	20	21	20	22	21
LOC_23	18	16	16	18	18	16	16	16	18	18	19	21	16	16	16	16	17	16	16	16	18	17	16
LOC_24	23	24	24	24	24	23	22	23	22	22	22	23	24	24	25	26	23	23	22	23	25	26	23
LOC_25	22	22	22	21	22	23	22	24	21	22	22	21	23	23	23	22	23	22	22	22	22	23	22
LOC_26	15	15	15	16	16	15	16	15	10	16	16	16	16	15	15	15	15	15	15	15	16	16	15
LOC_27	17	17	16	17	17	17	16	17	16	15	16	16	17	17	16	16	16	16	17	17	16	16	17
LOC_28	23	22	21	23	23	21	22	21	20	22	24	21	21	21	19	19	17	21	21	21	19	20	21
LOC_29	25	25	24	24	23	27	26	24	28	27	28	27	27	26	21	20	22	23	25	25	33	33	25
LOC_30	19	18	19	19	19	19	18	19	18	18	18	19	15	16	17	20	19	19	20	20	18	18	19
LOC_31	25	24	25	25	25	27	25	25	25	24	22	24	27	23	27	27	25	25	23	22	24	25	26
LOC_32	20	19	20	19	19	19	18	17	18	20	21	19	19	19	20	20	20	20	17	17	19	18	20
