names	Run1_C_4	Run1_C_6	Run1_C_8	Run1_C_10	Run1_C_11	Run1_C_12	Run1_C_14	Run1_C_15	root
LOC_1	20	20	19	20	20	19	19	19	19
LOC_2	20	21	20	20	20	20	20	20	20
LOC_3	7	5	7	5	5	8	7	7	7
LOC_4	7	7	7	7	7	7	7	7	7
LOC_5	7	7	7	7	7	7	7	7	7
LOC_6	17	17	16	17	17	16	18	16	16
LOC_7	13	13	13	13	13	10	10	10	13
LOC_8	22	22	24	23	23	21	23	22	22
LOC_9	15	16	15	15	15	16	16	16	15
LOC_10	17	17	17	17	17	17	17	17	17
LOC_11	23	22	22	23	22	24	23	23	23
LOC_12	17	17	17	17	17	17	17	17	17
LOC_13	17	18	17	17	19	17	17	17	17
LOC_14	18	18	18	16	18	19	18	18	18
LOC_15	27	27	26	25	26	23	26	27	27
LOC_16	14	14	14	14	14	14	14	14	14
LOC_17	16	16	15	18	16	15	15	15	15
LOC_18	24	23	23	23	23	25	25	26	23
LOC_19	24	24	21	23	23	20	21	21	22
LOC_20	16	15	17	14	14	18	18	18	15
LOC_21	13	13	13	13	13	13	13	13	13
LOC_22	21	22	21	23	21	20	22	20	21
LOC_23	16	18	16	16	16	16	15	15	16
LOC_24	22	23	25	22	23	25	23	23	23
LOC_25	22	22	22	23	22	21	22	23	22
LOC_26	15	16	15	15	15	17	15	15	15
LOC_27	19	18	17	18	18	18	18	18	17
LOC_28	21	21	21	24	24	23	23	24	21
LOC_29	24	25	25	26	28	26	27	27	25
LOC_30	19	18	19	19	19	20	19	19	19
LOC_31	24	25	24	25	26	25	27	25	26
LOC_32	20	18	20	19	18	18	20	20	20
LOC_33	15	15	15	15	16	15	15	15	15
LOC_34	13	16	14	14	14	14	14	14	14
LOC_35	19	19	18	19	19	19	19	19	19
LOC_36	20	20	20	21	21	18	17	17	20
LOC_37	21	21	19	21	22	21	22	21	21
LOC_38	16	16	16	16	16	16	16	16	16
LOC_39	21	20	19	20	20	20	20	20	20
LOC_40	16	16	14	16	16	15	15	15	14
LOC_41	21	21	21	20	18	23	21	21	21
LOC_42	21	22	22	19	19	23	20	25	21
LOC_43	18	18	18	18	18	18	18	18	18
LOC_44	18	18	18	18	17	18	18	18	18
LOC_45	18	18	19	18	18	18	18	17	18
LOC_46	19	20	20	19	20	20	21	21	20
LOC_47	16	16	16	16	15	15	15	15	15
LOC_48	17	15	17	15	15	17	17	18	17
LOC_49	15	15	15	15	16	15	15	15	15
LOC_50	16	17	16	17	18	16	16	16	16
LOC_51	22	21	20	22	21	19	21	20	20
LOC_52	19	18	22	19	19	16	16	16	19
LOC_53	25	26	21	25	24	20	20	21	23
LOC_54	20	20	20	20	20	22	18	18	20
LOC_55	19	19	20	18	19	21	21	21	20
LOC_56	21	19	21	19	19	21	20	21	19
LOC_57	23	22	23	22	22	22	23	23	23
LOC_58	21	21	23	21	21	20	20	20	21
LOC_59	9	9	9	9	9	9	9	9	9
LOC_60	20	19	20	20	19	20	19	20	20
LOC_61	23	23	23	24	25	25	21	23	24
LOC_62	18	19	18	16	16	18	18	18	18
LOC_63	17	17	17	17	17	17	17	17	17
LOC_64	17	17	17	18	18	17	17	17	17
LOC_65	17	17	17	17	18	17	17	17	17
LOC_66	21	20	21	22	22	21	21	21	21
LOC_67	23	21	22	24	24	21	21	20	22
LOC_68	16	17	16	16	21	16	16	16	16
LOC_69	21	19	21	22	21	21	19	19	21
LOC_70	25	25	23	23	26	23	23	23	23
LOC_71	16	16	16	16	16	16	16	16	16
LOC_72	21	19	20	21	21	20	20	18	20
LOC_73	19	19	18	19	19	18	18	18	19
LOC_74	23	22	24	21	23	21	23	22	22
LOC_75	23	21	25	23	23	26	27	27	23
LOC_76	21	22	20	22	22	21	20	20	21
LOC_77	15	14	14	14	14	17	17	17	14
LOC_78	22	22	22	22	22	20	22	22	22
LOC_79	18	15	15	18	15	15	15	13	15
LOC_80	25	23	26	25	23	23	25	26	24
LOC_81	16	16	18	16	16	16	16	16	16
LOC_82	21	22	20	23	23	21	21	21	20
LOC_83	18	18	18	18	18	17	17	17	18
LOC_84	16	16	16	16	17	16	17	16	16
LOC_85	21	24	20	24	23	20	20	19	21
LOC_86	17	17	16	16	18	18	18	17	16
LOC_87	22	18	20	19	20	20	20	18	20
LOC_88	22	23	20	22	22	20	21	23	22
LOC_89	25	26	26	24	24	30	25	27	26
LOC_90	20	23	20	21	21	20	20	20	20
LOC_91	21	21	15	21	21	16	15	16	17
LOC_92	19	18	19	19	19	21	21	22	19
LOC_93	12	12	12	12	12	11	12	12	12
LOC_94	15	15	15	15	15	15	15	15	15
LOC_95	13	13	14	13	13	13	14	14	13
LOC_96	20	20	20	20	20	19	18	18	20
LOC_97	20	20	23	21	22	20	21	22	20
LOC_98	15	15	15	16	16	16	15	16	15
LOC_99	16	17	17	17	17	17	17	17	16
LOC_100	13	14	15	15	13	14	14	14	14
LOC_101	21	21	21	22	19	21	21	21	21
LOC_102	20	21	19	18	19	20	20	20	19
LOC_103	14	14	14	15	15	14	14	14	14
LOC_104	21	24	21	23	24	20	20	20	21
LOC_105	16	16	16	16	16	16	16	19	16
LOC_106	27	29	28	29	28	28	25	26	28
LOC_107	15	13	15	15	15	15	15	15	15
LOC_108	24	24	24	22	21	23	23	24	23
LOC_109	14	16	13	15	15	13	13	13	14
LOC_110	16	16	16	16	16	16	14	16	16
LOC_111	15	14	15	14	14	15	15	15	15
LOC_112	22	22	20	22	22	21	21	22	21
LOC_113	14	14	14	15	14	14	15	15	14
LOC_114	17	17	17	18	18	17	18	18	17
LOC_115	14	14	14	14	14	15	15	15	14
LOC_116	14	16	15	14	14	15	15	15	14
LOC_117	19	22	19	23	23	20	19	19	19
LOC_118	17	17	16	17	17	16	18	18	16
LOC_119	25	25	23	27	25	24	23	23	23
LOC_120	18	18	18	18	18	18	18	18	18
LOC_121	18	20	21	19	18	23	20	20	18
LOC_122	19	18	20	18	20	20	20	21	19
LOC_123	25	24	26	25	25	24	25	25	24
LOC_124	22	21	22	21	23	23	22	22	22
LOC_125	27	26	28	27	29	24	25	25	27
LOC_126	14	14	14	14	14	10	14	14	14
LOC_127	23	23	22	24	25	23	24	24	22
LOC_128	20	19	20	20	19	22	21	21	20
LOC_129	19	19	19	18	19	18	18	18	19
LOC_130	22	28	24	26	27	24	26	28	24
LOC_131	16	15	15	15	16	15	16	16	15
LOC_132	21	21	21	21	21	23	23	23	21
LOC_133	22	23	23	22	22	22	22	22	22
LOC_134	22	22	23	23	22	23	23	23	23
LOC_135	13	10	14	10	10	17	15	15	14
LOC_136	15	16	15	15	15	15	15	15	15
LOC_137	24	24	25	25	24	25	24	24	24
LOC_138	22	22	21	21	24	18	22	21	21
LOC_139	16	16	17	16	16	17	17	17	17
LOC_140	17	17	16	20	17	16	16	16	17
LOC_141	15	15	15	17	17	17	20	18	15
LOC_142	26	26	27	28	27	26	26	26	27
LOC_143	21	22	21	22	22	22	23	24	21
LOC_144	16	16	15	16	16	16	14	14	16
LOC_145	21	20	20	20	20	20	20	20	20
LOC_146	20	20	20	20	20	19	19	19	20
LOC_147	21	24	21	21	21	24	23	24	21
LOC_148	14	14	15	14	14	14	13	13	14
LOC_149	16	18	18	18	18	18	17	17	18
LOC_150	15	15	15	14	15	15	15	15	15
LOC_151	17	16	16	16	15	17	17	15	16
LOC_152	20	20	20	20	20	20	20	21	20
LOC_153	20	20	19	20	18	19	19	19	20
LOC_154	18	18	17	16	18	17	17	17	18
LOC_155	24	24	21	23	25	23	23	22	21
LOC_156	17	18	17	17	17	16	18	18	17
LOC_157	17	17	17	17	16	17	17	17	17
LOC_158	22	23	22	21	22	20	23	21	22
LOC_159	15	15	15	15	15	14	15	15	15
LOC_160	20	20	19	20	20	19	19	19	19
LOC_161	21	21	21	20	21	20	21	21	21
LOC_162	19	21	21	21	21	21	21	21	20
LOC_163	18	18	18	18	18	16	18	18	18
LOC_164	22	27	20	22	22	20	20	21	20
LOC_165	14	14	15	14	15	15	13	15	15
LOC_166	16	17	17	18	17	17	17	16	17
LOC_167	14	16	16	16	16	16	15	16	16
LOC_168	30	29	28	31	31	31	29	31	28
LOC_169	23	23	22	23	23	22	19	24	23
LOC_170	19	19	19	17	17	20	17	17	19
LOC_171	24	22	23	23	22	25	23	24	23
LOC_172	22	23	20	22	22	20	22	22	22
LOC_173	17	16	16	16	16	17	17	17	16
LOC_174	22	24	23	22	22	22	22	22	22
LOC_175	27	25	28	24	23	27	25	26	27
LOC_176	14	14	14	14	14	14	13	14	14
LOC_177	26	22	24	23	22	23	25	25	24
LOC_178	23	24	22	24	25	24	22	20	23
LOC_179	23	24	21	24	26	23	21	21	23
LOC_180	19	19	23	19	19	22	22	22	22
LOC_181	17	18	18	18	18	18	20	18	18
LOC_182	23	22	23	22	24	24	24	24	23
LOC_183	27	25	25	25	24	25	27	27	25
LOC_184	16	16	16	16	16	17	19	18	16
LOC_185	21	20	21	20	20	21	19	22	20
LOC_186	13	18	16	17	17	16	16	18	16
LOC_187	21	21	21	21	21	21	22	21	21
LOC_188	29	28	26	29	27	27	25	25	25
LOC_189	15	15	14	15	15	14	14	14	14
LOC_190	22	21	22	20	20	22	22	22	22
LOC_191	17	16	17	19	22	17	17	18	17
LOC_192	18	21	21	23	21	21	21	21	21
LOC_193	16	16	15	14	13	15	15	15	15
LOC_194	18	20	18	20	19	16	19	19	18
LOC_195	18	19	20	20	19	19	21	19	18
LOC_196	22	21	20	20	21	22	22	22	22
LOC_197	18	19	21	19	19	20	22	22	21
LOC_198	27	27	27	26	27	28	28	27	27
LOC_199	14	14	14	14	14	14	16	15	14
LOC_200	22	22	23	21	25	23	22	23	23
LOC_201	21	23	25	23	23	25	24	25	24
LOC_202	17	15	18	18	17	17	17	17	17
LOC_203	18	18	18	18	18	20	17	18	18
LOC_204	18	18	18	18	18	18	18	18	18
LOC_205	14	14	14	16	16	15	15	15	14
LOC_206	20	20	22	20	20	20	21	19	20
LOC_207	14	14	14	14	14	14	14	15	14
LOC_208	14	14	16	14	13	14	14	14	14
LOC_209	18	18	17	18	18	17	17	17	17
LOC_210	23	25	21	24	24	22	21	21	22
LOC_211	24	24	19	24	24	23	24	24	24
LOC_212	26	26	23	25	26	21	21	21	24
LOC_213	19	19	18	19	19	19	19	19	19
LOC_214	18	18	17	16	16	17	17	16	17
LOC_215	16	16	19	15	16	16	16	16	16
LOC_216	20	19	20	20	19	20	20	20	20
LOC_217	25	25	24	23	25	22	24	24	25
LOC_218	17	17	15	17	17	17	17	17	17
LOC_219	14	15	15	15	15	15	15	18	15
LOC_220	18	18	18	18	17	17	17	17	18
LOC_221	23	24	24	25	24	24	24	24	24
LOC_222	28	28	30	29	28	29	29	28	28
LOC_223	14	16	16	14	14	17	18	18	14
LOC_224	16	15	16	16	16	15	15	15	16
LOC_225	21	21	21	22	21	20	20	20	21
LOC_226	16	18	16	18	17	17	17	17	16
LOC_227	7	7	7	7	7	7	6	7	7
LOC_228	16	17	16	16	16	17	17	17	16
LOC_229	17	17	18	17	17	18	18	18	17
LOC_230	19	19	19	20	19	19	19	19	19
LOC_231	19	19	17	19	20	19	18	19	19
LOC_232	17	18	19	17	18	19	19	19	18
LOC_233	15	18	15	18	18	17	17	17	15
LOC_234	15	16	14	15	19	14	14	14	15
LOC_235	21	21	22	21	21	24	21	21	22
LOC_236	17	17	19	17	17	18	20	19	17
LOC_237	20	20	21	20	20	20	20	20	20
LOC_238	21	20	21	21	21	21	21	21	21
LOC_239	21	23	22	23	24	24	25	25	22
LOC_240	14	12	14	12	12	15	14	14	14
LOC_241	18	18	18	18	18	18	18	18	18
LOC_242	19	19	18	19	18	18	18	18	17
LOC_243	19	20	18	20	20	18	18	18	19
LOC_244	14	14	14	14	15	14	14	14	14
LOC_245	24	22	24	23	23	23	25	26	24
LOC_246	25	24	24	25	24	24	25	24	24
LOC_247	16	16	16	16	16	16	16	16	16
LOC_248	18	17	18	17	17	18	19	21	18
LOC_249	24	22	25	23	23	25	26	25	24
LOC_250	27	29	28	27	30	33	32	32	27
LOC_251	17	17	17	17	17	17	17	17	17
LOC_252	22	22	24	21	22	24	23	23	22
LOC_253	14	14	15	14	14	14	15	14	14
LOC_254	17	16	16	16	16	16	16	14	16
LOC_255	24	23	25	23	24	22	22	24	23
LOC_256	19	20	17	20	21	19	18	19	19
LOC_257	20	20	18	20	20	19	22	21	20
LOC_258	13	13	13	15	15	13	15	13	13
LOC_259	20	20	20	20	19	20	20	20	20
LOC_260	22	24	18	23	23	20	21	20	22
LOC_261	15	14	15	14	14	14	15	15	15
LOC_262	12	12	13	12	12	14	14	14	13
LOC_263	18	18	16	17	17	16	16	16	16
LOC_264	22	23	24	20	22	22	21	21	22
LOC_265	23	23	24	23	23	27	24	24	24
LOC_266	21	21	19	21	23	19	20	18	19
LOC_267	18	18	18	18	18	17	18	18	18
LOC_268	17	17	17	17	17	18	17	18	17
LOC_269	16	16	16	16	18	16	16	16	16
LOC_270	19	19	19	19	20	19	19	19	19
LOC_271	25	25	24	25	27	25	22	24	24
LOC_272	23	24	23	23	24	23	23	23	23
LOC_273	25	24	25	22	25	25	25	24	24
LOC_274	22	22	26	22	22	29	24	26	22
LOC_275	15	15	17	15	15	17	17	17	15
LOC_276	20	20	21	20	19	21	21	21	20
LOC_277	13	14	13	14	13	13	12	13	14
LOC_278	14	13	14	14	13	14	14	14	14
LOC_279	15	15	16	16	15	15	15	15	15
LOC_280	19	18	20	17	18	19	20	20	20
LOC_281	22	24	20	24	22	20	20	21	20
LOC_282	15	16	15	14	14	15	15	15	15
LOC_283	14	14	14	14	14	14	14	14	14
LOC_284	9	14	14	14	14	14	16	16	14
LOC_285	27	29	28	27	26	27	23	26	29
LOC_286	18	18	20	18	18	21	20	20	18
LOC_287	24	29	28	27	26	28	27	28	28
LOC_288	17	17	17	17	17	17	17	17	17
LOC_289	15	18	15	15	15	15	15	15	15
LOC_290	19	20	17	19	19	17	16	17	19
LOC_291	18	18	19	18	18	18	17	17	18
LOC_292	19	20	19	21	23	19	19	18	19
LOC_293	15	15	15	15	15	17	15	15	15
LOC_294	24	25	26	25	25	26	27	27	25
LOC_295	18	18	18	18	18	18	18	18	18
LOC_296	14	14	14	17	16	14	14	15	14
LOC_297	15	15	15	15	15	15	19	15	15
LOC_298	17	17	17	17	17	17	17	17	17
LOC_299	16	16	17	16	16	18	16	17	16
LOC_300	17	18	17	17	16	16	16	16	17
LOC_301	21	23	20	21	23	20	20	20	20
LOC_302	25	24	24	24	25	24	26	25	24
LOC_303	18	18	18	18	19	18	18	19	18
LOC_304	14	14	13	14	15	14	14	14	14
LOC_305	18	18	17	21	18	17	18	18	17
LOC_306	27	26	26	29	27	26	30	31	26
LOC_307	22	24	21	22	22	21	22	22	22
LOC_308	22	21	22	23	23	22	23	25	22
LOC_309	22	23	22	22	22	21	22	22	22
LOC_310	15	15	15	15	15	15	15	15	15
LOC_311	20	18	20	18	18	21	21	23	18
LOC_312	18	18	18	20	18	19	18	18	18
LOC_313	16	16	16	16	16	17	17	16	16
LOC_314	16	17	15	17	17	16	15	15	15
LOC_315	15	15	15	15	16	15	13	16	15
LOC_316	26	26	26	27	27	24	28	27	26
LOC_317	21	21	21	21	21	23	21	21	21
LOC_318	22	23	23	23	24	22	22	22	22
LOC_319	21	23	23	22	23	25	25	25	22
LOC_320	21	18	21	19	19	21	18	18	21
LOC_321	16	17	16	17	17	16	16	16	16
LOC_322	12	12	12	12	12	12	12	12	12
LOC_323	14	14	14	14	14	15	15	15	14
LOC_324	21	21	21	21	21	20	20	20	21
LOC_325	16	16	16	16	16	16	16	16	16
LOC_326	16	16	16	17	16	16	16	16	16
LOC_327	15	15	15	15	17	17	15	15	15
LOC_328	21	20	20	22	20	20	19	19	20
LOC_329	24	24	23	23	23	23	23	24	23
LOC_330	23	21	22	20	21	22	23	22	22
LOC_331	23	23	23	26	27	25	24	24	23
LOC_332	15	14	15	14	14	17	17	17	15
LOC_333	14	14	14	13	13	15	15	15	14
LOC_334	19	19	19	18	18	19	20	20	19
LOC_335	24	22	22	22	22	20	22	22	23
LOC_336	24	26	24	27	28	27	23	24	24
LOC_337	20	22	18	22	22	20	17	17	20
LOC_338	19	19	17	21	20	17	18	18	19
LOC_339	17	17	16	17	17	18	18	18	17
LOC_340	13	13	13	13	13	13	14	16	13
LOC_341	20	20	20	20	19	20	20	20	20
LOC_342	14	15	14	15	15	13	13	13	14
LOC_343	19	20	21	20	21	22	22	23	20
LOC_344	17	18	18	18	18	18	18	18	17
LOC_345	15	15	15	15	15	15	15	14	15
LOC_346	22	22	23	23	23	23	23	23	23
LOC_347	20	20	20	23	22	20	20	20	20
LOC_348	21	20	18	21	21	20	20	20	20
LOC_349	15	15	15	15	15	15	15	15	15
LOC_350	17	17	17	17	17	18	18	18	17
LOC_351	26	26	26	26	29	26	25	26	26
LOC_352	21	21	21	20	20	19	21	21	20
LOC_353	18	18	18	18	18	20	19	20	18
LOC_354	15	15	15	15	15	15	15	15	15
LOC_355	17	14	14	14	14	14	15	15	14
LOC_356	17	18	18	18	19	17	17	18	17
LOC_357	16	16	17	17	16	16	15	15	16
LOC_358	8	8	7	8	9	7	6	7	7
LOC_359	20	19	17	19	19	16	17	17	19
LOC_360	24	23	24	23	23	28	28	26	24
LOC_361	18	19	21	21	21	22	22	22	21
LOC_362	22	23	22	23	24	23	21	22	22
LOC_363	8	8	8	9	9	8	8	8	8
LOC_364	14	14	14	14	14	14	13	15	14
LOC_365	25	25	25	24	25	27	26	27	25
LOC_366	18	18	18	17	17	18	17	17	17
LOC_367	16	16	16	16	16	16	16	16	16
LOC_368	25	24	24	23	24	24	30	28	24
LOC_369	27	29	23	29	29	23	24	25	28
LOC_370	18	18	17	18	19	18	18	18	18
LOC_371	23	23	22	24	23	22	22	21	23
LOC_372	21	20	19	19	19	20	20	21	21
LOC_373	14	14	14	14	14	14	14	14	14
LOC_374	15	15	15	14	14	15	15	15	15
LOC_375	18	18	18	19	18	18	19	18	18
LOC_376	21	20	19	21	21	17	17	18	20
LOC_377	23	23	23	23	23	24	23	22	23
LOC_378	23	22	23	21	22	24	22	22	23
LOC_379	18	18	19	19	19	19	19	20	18
LOC_380	18	19	18	18	18	18	18	18	18
LOC_381	14	14	14	15	14	14	14	14	14
LOC_382	18	18	19	19	18	18	18	18	18
LOC_383	17	17	17	17	17	18	17	17	17
LOC_384	14	13	16	12	12	16	16	16	14
LOC_385	18	18	18	18	18	19	20	21	18
LOC_386	18	18	19	18	18	19	19	19	19
LOC_387	17	19	17	19	17	18	17	17	17
LOC_388	29	28	27	29	29	26	26	25	28
LOC_389	17	18	18	18	18	18	18	19	18
LOC_390	7	7	7	7	7	7	7	7	7
LOC_391	21	18	22	17	17	23	23	24	22
LOC_392	22	24	21	22	22	22	22	22	22
LOC_393	15	15	15	15	15	15	16	16	15
LOC_394	16	16	16	17	16	16	17	16	16
LOC_395	21	22	20	21	21	19	20	20	20
LOC_396	15	16	17	17	17	17	17	17	17
LOC_397	18	19	19	19	20	15	15	15	19
LOC_398	15	15	17	15	15	17	17	18	17
LOC_399	28	27	29	28	30	29	27	30	29
LOC_400	15	15	15	15	15	15	17	15	15
LOC_401	13	13	13	13	13	14	16	15	13
LOC_402	14	14	13	14	14	14	15	15	14
LOC_403	14	15	14	14	14	14	14	14	14
LOC_404	10	10	10	10	10	10	11	10	10
LOC_405	16	16	16	16	16	16	16	16	16
LOC_406	19	21	19	19	19	19	19	19	19
LOC_407	17	19	17	20	19	17	16	17	17
LOC_408	14	17	14	16	16	14	16	16	14
LOC_409	16	15	13	16	16	13	14	14	15
LOC_410	16	13	15	13	13	16	17	17	16
LOC_411	14	14	14	14	14	14	14	14	14
LOC_412	19	19	19	20	21	19	19	19	19
LOC_413	23	24	22	22	23	22	24	24	20
LOC_414	17	15	16	14	14	15	15	15	15
LOC_415	14	14	14	14	14	14	14	14	14
LOC_416	17	17	20	17	17	19	19	21	17
LOC_417	14	14	14	14	13	14	14	14	14
LOC_418	16	14	14	14	15	14	15	13	14
LOC_419	15	16	15	15	14	16	15	15	15
LOC_420	13	13	13	13	13	13	14	14	13
LOC_421	20	19	17	19	18	17	17	17	17
LOC_422	23	23	25	23	23	24	23	22	23
LOC_423	9	9	9	9	9	9	9	9	9
LOC_424	22	22	17	21	18	20	17	18	20
LOC_425	16	18	18	15	15	18	18	18	16
LOC_426	17	16	17	16	16	17	17	17	17
LOC_427	22	20	20	20	20	20	20	20	20
LOC_428	16	13	17	14	14	16	16	16	16
LOC_429	18	20	17	19	18	19	20	20	19
LOC_430	19	19	21	19	19	21	20	23	19
LOC_431	19	19	20	21	19	19	19	17	19
LOC_432	14	14	14	14	14	14	14	14	14
LOC_433	21	21	23	21	21	23	22	23	23
LOC_434	19	19	20	19	19	20	20	20	19
LOC_435	25	26	24	26	26	25	25	24	25
LOC_436	23	28	24	27	25	25	25	25	24
LOC_437	25	25	22	27	26	21	23	24	22
LOC_438	23	25	24	28	28	25	25	25	23
LOC_439	16	15	16	16	16	16	16	16	16
LOC_440	20	20	20	20	20	20	20	19	20
LOC_441	16	15	15	15	15	17	17	17	16
LOC_442	21	22	22	19	20	22	23	25	22
LOC_443	19	18	18	18	18	17	19	18	18
LOC_444	19	21	20	20	20	19	21	21	20
LOC_445	22	23	24	23	21	21	24	24	22
LOC_446	18	18	18	18	18	18	18	18	18
LOC_447	15	15	18	16	15	18	18	18	18
LOC_448	26	27	27	26	25	24	26	25	28
LOC_449	17	16	17	18	20	17	18	17	17
LOC_450	20	20	20	20	20	20	19	19	20
LOC_451	14	14	14	15	14	14	14	15	14
LOC_452	19	18	19	18	19	27	20	20	19
LOC_453	18	19	17	18	18	18	18	18	18
LOC_454	21	23	21	20	18	21	20	20	21
LOC_455	16	16	16	16	16	16	16	16	16
LOC_456	13	15	15	13	13	14	13	13	15
LOC_457	23	23	22	23	23	22	26	24	22
LOC_458	14	16	19	16	16	19	18	19	16
LOC_459	7	7	7	7	7	7	7	7	7
LOC_460	18	19	18	18	17	18	18	18	18
LOC_461	14	14	14	14	14	14	14	14	14
LOC_462	21	22	22	21	21	21	21	21	21
LOC_463	25	26	25	25	25	25	24	24	25
LOC_464	16	16	17	16	16	20	20	22	18
LOC_465	25	25	24	28	24	24	23	24	25
LOC_466	24	26	23	22	23	25	23	23	24
LOC_467	18	19	19	20	21	19	19	18	19
LOC_468	14	14	13	14	15	13	13	13	14
LOC_469	23	21	24	23	23	23	24	23	23
LOC_470	23	24	23	24	23	23	23	23	23
LOC_471	19	19	19	19	20	19	19	19	19
LOC_472	16	16	16	16	16	16	16	16	16
LOC_473	21	21	21	20	21	21	20	21	21
LOC_474	15	15	15	15	15	15	12	13	15
LOC_475	16	16	16	18	18	16	17	17	16
LOC_476	16	16	16	15	16	16	17	17	16
LOC_477	19	20	18	21	22	18	18	18	19
LOC_478	16	16	17	16	16	15	18	15	16
LOC_479	16	17	17	18	17	17	19	17	17
LOC_480	17	17	15	17	17	17	15	14	17
LOC_481	14	14	17	14	14	17	20	20	16
LOC_482	17	17	17	17	17	18	17	16	17
LOC_483	24	24	24	24	21	23	23	23	24
LOC_484	24	24	25	23	24	27	28	28	25
LOC_485	17	17	17	17	21	18	18	17	17
LOC_486	24	21	23	19	19	25	25	26	23
LOC_487	17	17	17	15	15	16	17	17	17
LOC_488	22	21	22	23	23	20	21	19	23
LOC_489	18	18	17	18	18	17	17	17	18
LOC_490	15	14	14	15	14	14	14	14	14
LOC_491	22	21	21	20	21	21	21	21	21
LOC_492	20	20	20	18	19	19	19	20	20
LOC_493	28	26	26	26	26	26	24	26	27
LOC_494	17	17	17	17	17	17	17	17	17
LOC_495	23	23	23	22	22	22	22	21	23
LOC_496	23	22	22	21	22	23	22	23	22
LOC_497	21	18	21	19	21	20	20	20	20
LOC_498	8	8	8	8	8	8	8	8	8
LOC_499	20	21	21	20	21	21	20	21	21
LOC_500	19	20	19	19	19	19	19	18	19
LOC_501	16	18	15	17	17	13	14	13	17
LOC_502	26	26	27	25	25	27	26	27	27
LOC_503	7	7	7	8	8	7	7	7	7
LOC_504	16	15	14	15	15	14	14	14	15
LOC_505	23	22	21	21	21	21	21	20	21
LOC_506	15	14	14	14	14	14	13	13	14
LOC_507	14	14	15	14	14	14	15	14	14
LOC_508	19	15	19	15	15	18	18	18	18
LOC_509	20	19	19	20	20	19	19	18	19
LOC_510	20	20	19	17	20	20	18	18	20
LOC_511	21	21	19	21	21	20	21	21	20
LOC_512	23	24	22	22	23	22	23	23	23
LOC_513	16	17	16	17	17	16	16	16	16
LOC_514	14	14	14	14	14	14	14	14	14
LOC_515	18	19	18	23	20	18	20	20	18
LOC_516	20	20	18	21	19	19	16	18	18
LOC_517	19	19	19	19	19	19	20	22	19
LOC_518	21	20	20	22	22	19	19	20	21
LOC_519	16	16	17	16	16	15	13	15	17
LOC_520	20	20	20	20	20	20	20	17	20
LOC_521	16	16	16	16	15	16	15	16	16
LOC_522	21	19	19	18	19	19	19	20	19
LOC_523	18	19	18	19	18	18	18	18	18
LOC_524	22	26	22	23	24	22	23	22	22
LOC_525	18	19	18	18	18	19	18	18	18
LOC_526	14	14	14	14	14	14	14	14	14
LOC_527	18	18	17	18	18	17	17	17	18
LOC_528	17	18	18	17	18	18	18	18	18
LOC_529	16	16	19	16	16	21	20	22	16
LOC_530	14	14	14	14	14	14	14	14	14
LOC_531	23	26	22	21	21	25	24	24	22
LOC_532	16	14	15	14	14	15	15	15	16
LOC_533	18	19	19	19	19	18	17	17	19
LOC_534	18	18	18	17	18	18	18	18	18
LOC_535	20	19	20	19	21	20	19	17	20
LOC_536	16	15	16	16	16	16	16	16	16
LOC_537	21	19	21	22	21	21	17	18	21
LOC_538	22	25	21	21	23	20	19	21	21
LOC_539	30	30	32	27	28	30	28	29	30
LOC_540	31	28	26	27	26	26	26	26	27
LOC_541	14	14	14	14	14	14	15	14	14
LOC_542	18	20	17	21	20	17	18	18	17
LOC_543	20	20	22	21	20	21	21	21	20
LOC_544	12	12	12	13	13	16	13	14	12
LOC_545	18	17	17	17	17	17	17	17	17
LOC_546	18	18	18	18	18	18	18	18	18
LOC_547	21	22	23	24	23	19	22	21	22
LOC_548	26	28	34	29	31	32	31	34	28
LOC_549	16	16	16	16	16	16	17	16	16
LOC_550	25	24	24	27	26	27	26	30	24
LOC_551	15	15	17	13	15	17	17	17	15
LOC_552	16	17	18	17	16	20	18	18	16
LOC_553	18	18	18	18	18	18	19	20	18
LOC_554	14	14	15	15	15	14	15	15	14
LOC_555	23	22	24	23	23	24	23	24	22
LOC_556	17	17	19	17	17	17	17	17	17
LOC_557	21	21	21	20	21	23	20	20	21
LOC_558	18	19	18	19	19	18	18	18	18
LOC_559	16	16	16	16	16	15	16	16	16
LOC_560	22	21	21	21	21	21	24	23	21
LOC_561	24	24	24	23	23	23	23	23	24
LOC_562	22	22	22	22	22	24	22	22	22
LOC_563	28	29	28	28	29	27	25	25	27
LOC_564	19	20	18	24	19	19	19	19	18
LOC_565	20	19	23	20	19	20	20	20	19
LOC_566	15	15	15	15	15	15	15	15	15
LOC_567	23	22	25	22	22	25	24	26	23
LOC_568	20	18	18	18	18	18	18	18	18
LOC_569	17	16	17	17	17	18	19	19	17
LOC_570	19	19	19	17	19	18	18	20	19
LOC_571	17	18	17	20	19	17	16	17	17
LOC_572	17	17	17	18	18	16	17	17	17
LOC_573	19	19	19	19	19	18	18	18	19
LOC_574	21	21	21	21	21	21	22	23	21
LOC_575	17	14	17	17	17	17	16	16	17
LOC_576	19	17	18	17	17	19	21	19	18
LOC_577	12	14	12	12	12	12	12	12	12
LOC_578	14	18	14	18	18	14	14	13	14
LOC_579	20	20	20	21	20	20	20	20	20
LOC_580	14	14	14	15	15	14	12	14	14
LOC_581	17	18	18	18	18	18	18	18	18
LOC_582	18	18	18	19	16	19	18	18	18
LOC_583	14	14	14	14	14	14	14	14	14
LOC_584	21	21	19	19	19	19	19	19	20
LOC_585	14	15	16	14	14	15	15	15	14
LOC_586	20	21	20	21	21	16	20	19	20
LOC_587	12	12	12	12	13	12	12	12	12
LOC_588	30	30	23	29	28	24	23	23	28
LOC_589	8	8	8	8	8	8	8	8	8
LOC_590	14	14	15	14	14	15	15	14	14
LOC_591	17	17	17	19	20	17	18	18	17
LOC_592	12	12	11	11	11	11	11	11	11
LOC_593	15	15	14	15	15	14	14	16	14
LOC_594	25	25	27	29	26	27	28	29	26
LOC_595	18	18	18	18	18	18	18	18	18
LOC_596	25	27	24	26	27	24	24	24	26
LOC_597	20	20	19	21	22	19	19	18	20
LOC_598	21	21	21	21	21	21	22	22	21
LOC_599	29	29	27	28	30	28	29	31	29
LOC_600	27	26	27	26	26	28	29	27	26
LOC_601	14	14	12	14	14	13	12	12	14
LOC_602	14	17	14	15	15	14	14	14	14
LOC_603	17	17	17	17	17	17	17	17	17
LOC_604	24	26	25	25	25	27	25	27	26
LOC_605	25	22	24	23	24	23	22	23	23
LOC_606	15	14	14	14	14	14	14	13	14
LOC_607	18	18	19	19	20	19	18	19	19
LOC_608	24	24	21	27	24	19	28	22	24
LOC_609	30	32	30	30	32	31	32	30	30
LOC_610	16	16	16	16	17	16	16	16	16
LOC_611	22	24	23	22	22	23	23	23	22
LOC_612	15	15	15	16	19	15	15	12	15
LOC_613	28	25	27	24	23	27	26	24	27
LOC_614	28	27	28	30	27	28	28	31	29
LOC_615	18	18	18	18	18	18	18	18	18
LOC_616	21	25	24	22	22	23	24	23	22
LOC_617	28	28	27	28	27	29	27	25	29
LOC_618	18	19	20	19	19	19	19	19	19
LOC_619	21	21	20	21	21	21	21	22	21
LOC_620	25	24	25	23	23	22	24	24	24
LOC_621	23	24	24	24	19	24	25	26	25
LOC_622	23	23	22	23	20	22	21	21	23
LOC_623	23	23	24	22	23	26	25	24	23
LOC_624	19	22	20	21	21	20	19	21	20
LOC_625	14	14	14	14	14	14	14	14	14
LOC_626	16	17	16	18	16	16	16	16	16
LOC_627	14	12	14	11	11	14	14	14	14
LOC_628	17	17	18	16	17	18	17	18	17
LOC_629	20	20	20	20	19	19	20	19	20
LOC_630	16	15	16	16	17	14	14	14	16
LOC_631	15	19	18	19	19	18	18	18	19
LOC_632	15	16	15	16	16	17	17	17	16
LOC_633	20	20	21	20	19	20	19	21	20
LOC_634	23	24	21	23	24	23	21	22	22
LOC_635	18	18	17	18	18	16	16	16	18
LOC_636	17	18	21	17	17	17	17	17	17
LOC_637	15	14	15	14	14	15	16	15	15
LOC_638	19	19	18	18	19	18	17	16	18
LOC_639	23	25	24	30	30	23	25	24	24
LOC_640	20	21	20	20	21	21	20	21	20
LOC_641	19	19	21	19	19	20	19	19	20
LOC_642	27	27	32	28	30	29	28	28	28
LOC_643	24	24	22	26	25	22	22	22	22
LOC_644	21	26	21	22	22	21	21	21	22
LOC_645	18	18	19	18	18	22	19	19	18
LOC_646	16	17	16	16	16	16	17	16	16
LOC_647	14	13	14	14	14	14	14	14	14
LOC_648	15	15	15	14	15	15	16	16	15
LOC_649	17	17	17	18	17	17	17	17	17
LOC_650	24	24	24	24	24	22	23	24	24
LOC_651	16	15	15	16	16	16	16	16	15
LOC_652	14	16	17	16	16	17	16	16	16
LOC_653	26	26	25	25	24	24	23	23	24
LOC_654	20	18	22	20	20	21	23	21	21
LOC_655	23	22	23	22	23	23	22	23	24
LOC_656	15	15	15	15	15	15	16	16	15
LOC_657	17	15	16	15	15	16	17	18	16
LOC_658	25	30	25	26	24	21	21	21	25
LOC_659	18	18	18	18	18	18	18	18	18
LOC_660	16	18	16	17	18	16	16	16	16
LOC_661	9	9	12	9	8	9	9	9	9
LOC_662	16	16	17	16	16	23	21	20	16
LOC_663	18	18	17	18	18	18	18	18	18
LOC_664	25	28	25	27	29	26	24	25	26
LOC_665	12	12	12	13	14	11	12	14	12
LOC_666	23	22	23	24	25	23	23	23	23
LOC_667	19	19	18	21	18	17	17	17	17
LOC_668	20	20	21	20	20	20	20	20	20
LOC_669	23	22	23	22	22	24	26	25	23
LOC_670	14	14	13	15	15	13	13	13	14
LOC_671	16	17	17	17	17	16	15	15	16
LOC_672	20	20	21	21	21	21	23	22	21
LOC_673	21	21	21	25	23	19	21	21	21
LOC_674	21	21	21	21	21	21	21	21	21
LOC_675	19	20	18	21	22	18	18	18	18
LOC_676	21	21	20	22	22	20	19	19	20
LOC_677	16	17	15	17	17	15	15	15	16
LOC_678	20	21	19	21	22	19	17	17	20
LOC_679	15	15	15	17	17	15	15	16	15
LOC_680	19	20	18	20	20	19	19	19	18
LOC_681	15	14	17	17	16	17	17	18	16
LOC_682	14	15	15	16	16	14	12	12	14
LOC_683	22	21	22	22	22	22	22	22	22
LOC_684	29	27	29	26	26	29	27	30	28
LOC_685	22	19	23	23	23	25	26	26	23
LOC_686	17	17	17	17	17	17	17	18	17
LOC_687	21	22	21	21	20	20	18	20	21
LOC_688	25	25	27	25	26	25	26	25	24
LOC_689	22	24	21	23	24	19	22	21	23
LOC_690	22	20	21	19	20	21	22	24	21
LOC_691	24	21	20	20	20	20	15	18	20
LOC_692	19	20	19	20	19	19	19	19	19
LOC_693	20	21	19	20	24	20	20	19	19
LOC_694	16	16	16	16	16	16	16	15	16
LOC_695	17	17	17	17	17	17	17	17	17
LOC_696	23	24	23	23	23	23	21	23	23
LOC_697	22	22	23	22	23	23	22	24	22
LOC_698	28	26	29	24	25	33	30	32	28
LOC_699	15	15	15	15	14	15	15	15	15
LOC_700	17	17	17	16	17	17	17	17	17
LOC_701	16	16	17	17	18	18	15	16	16
LOC_702	20	21	24	21	22	23	23	22	21
LOC_703	23	27	28	26	27	28	26	29	29
LOC_704	34	33	28	32	34	26	27	27	28
LOC_705	20	19	19	16	21	18	19	19	19
LOC_706	23	23	21	24	25	21	21	22	21
LOC_707	17	17	17	18	18	18	17	18	18
LOC_708	30	32	33	28	30	30	29	28	30
LOC_709	28	29	28	28	30	27	31	29	29
LOC_710	21	22	21	21	22	20	20	20	20
LOC_711	12	12	12	12	12	12	12	12	12
LOC_712	23	22	21	23	21	21	21	19	23
LOC_713	22	24	23	23	24	27	24	24	23
LOC_714	15	16	14	16	16	14	14	14	15
LOC_715	16	16	16	16	15	18	16	16	16
LOC_716	30	28	27	27	26	26	27	26	28
LOC_717	29	29	29	28	27	31	27	30	30
LOC_718	17	17	17	17	17	19	17	17	17
LOC_719	30	28	29	28	29	30	27	26	29
LOC_720	30	28	29	27	27	32	33	33	30
LOC_721	28	30	30	28	26	27	26	24	28
LOC_722	16	16	16	16	16	15	15	15	16
LOC_723	21	21	21	21	18	21	23	23	21
LOC_724	31	29	26	29	29	26	22	25	28
LOC_725	18	18	20	18	17	19	19	19	19
LOC_726	22	18	24	24	23	23	23	23	23
LOC_727	19	19	21	19	19	21	21	21	21
LOC_728	18	16	18	17	18	18	19	19	18
LOC_729	25	27	30	28	25	30	28	29	27
LOC_730	28	29	29	27	27	28	32	34	30
LOC_731	28	28	29	28	28	25	28	28	27
LOC_732	18	17	17	17	17	18	18	17	17
LOC_733	22	25	23	22	20	23	25	24	22
LOC_734	28	29	27	26	27	26	27	27	27
LOC_735	31	26	27	27	26	25	24	24	28
LOC_736	20	21	22	21	22	21	23	23	20
LOC_737	18	17	17	17	17	17	17	17	17
LOC_738	27	27	25	32	29	27	26	26	27
LOC_739	18	16	16	15	15	17	15	15	16
LOC_740	19	22	21	21	22	20	23	23	21
LOC_741	26	27	24	26	26	24	28	27	25
LOC_742	23	23	23	22	22	23	23	23	22
LOC_743	23	23	21	23	23	20	19	19	20
LOC_744	14	14	14	14	14	14	14	14	14
LOC_745	16	17	16	18	17	17	17	16	16
LOC_746	31	26	27	27	27	26	27	26	28
LOC_747	16	16	16	17	16	16	16	16	16
LOC_748	18	15	16	15	15	15	15	15	15
LOC_749	21	21	22	20	22	21	21	21	21
LOC_750	23	23	23	22	22	22	24	25	22
LOC_751	18	18	18	18	17	18	19	18	18
LOC_752	22	22	24	23	22	23	23	22	23
LOC_753	22	20	19	20	20	19	19	19	22
LOC_754	31	30	27	28	28	27	26	27	27
LOC_755	15	16	17	16	16	18	17	18	16
LOC_756	16	16	16	16	16	17	16	16	16
LOC_757	16	15	16	16	16	16	16	16	16
LOC_758	13	13	13	13	13	13	13	13	13
LOC_759	19	21	18	19	18	19	19	19	19
LOC_760	17	16	17	17	17	15	15	15	16
LOC_761	22	20	19	21	21	19	19	20	20
LOC_762	16	16	16	16	16	17	17	17	16
LOC_763	27	23	26	24	25	26	26	25	26
LOC_764	22	22	25	23	24	22	22	21	22
LOC_765	30	26	27	26	28	29	24	24	27
LOC_766	16	15	17	15	14	17	17	17	15
LOC_767	18	20	18	18	18	18	18	20	18
LOC_768	27	26	26	27	26	30	26	26	26
LOC_769	24	24	23	23	22	24	22	23	25
LOC_770	28	27	27	29	26	28	27	27	26
LOC_771	23	23	21	24	23	25	25	24	23
LOC_772	19	21	21	21	22	21	19	18	21
LOC_773	16	16	16	16	16	15	15	15	16
LOC_774	25	25	22	25	26	21	26	23	25
LOC_775	19	20	20	19	19	20	20	20	20
LOC_776	20	20	22	21	21	22	21	22	21
LOC_777	27	25	27	29	29	29	29	28	26
LOC_778	17	16	15	18	15	15	16	16	16
LOC_779	20	19	23	21	21	23	22	23	20
LOC_780	25	26	25	25	26	25	25	24	26
LOC_781	26	26	28	25	23	31	29	29	26
LOC_782	14	14	13	14	14	14	14	16	14
LOC_783	27	26	29	27	26	30	25	27	26
LOC_784	28	28	27	27	25	26	25	27	26
LOC_785	24	24	23	23	24	23	25	23	24
LOC_786	28	29	28	28	30	26	27	27	26
LOC_787	21	22	20	22	22	21	21	21	21
LOC_788	25	25	26	24	24	23	24	24	26
LOC_789	18	17	18	18	18	18	18	17	18
LOC_790	25	28	26	29	28	28	26	25	26
LOC_791	27	25	26	25	25	26	26	27	26
LOC_792	16	16	17	16	16	15	16	16	16
LOC_793	19	20	20	20	20	19	17	17	19
LOC_794	19	19	20	22	19	19	19	19	20
LOC_795	20	22	20	20	22	20	21	21	21
LOC_796	18	18	19	17	16	19	20	20	18
LOC_797	28	29	25	28	29	27	28	27	27
LOC_798	25	24	26	25	26	27	25	25	26
LOC_799	26	27	28	26	26	26	29	28	26
LOC_800	9	9	9	9	9	9	9	11	9
LOC_801	26	25	25	26	27	26	27	26	26
LOC_802	26	27	25	26	25	25	27	28	26
LOC_803	20	21	20	21	21	21	21	22	20
LOC_804	16	16	16	16	16	16	16	16	16
LOC_805	16	16	18	16	16	18	19	19	16
LOC_806	16	15	17	16	16	17	18	18	17
LOC_807	17	15	16	15	15	15	18	17	16
LOC_808	19	22	20	18	18	20	20	19	20
LOC_809	26	26	26	29	30	26	29	29	26
LOC_810	17	17	17	17	17	16	16	16	17
LOC_811	19	19	20	19	19	20	20	21	19
LOC_812	19	21	20	19	19	20	20	20	19
LOC_813	26	26	25	26	26	24	22	22	26
LOC_814	24	25	27	23	23	25	26	27	26
LOC_815	26	26	27	26	26	27	28	28	26
LOC_816	16	17	16	16	16	16	16	16	16
LOC_817	24	21	22	23	23	22	22	22	22
LOC_818	24	26	25	27	25	23	24	29	25
LOC_819	7	7	7	7	7	7	7	7	7
LOC_820	16	16	17	14	14	16	15	17	16
LOC_821	28	29	29	29	29	31	29	28	28
LOC_822	25	25	24	23	24	26	24	23	25
LOC_823	15	15	15	15	15	12	12	12	15
LOC_824	21	21	22	20	20	21	22	22	21
LOC_825	22	22	24	22	22	24	26	23	25
LOC_826	20	20	17	25	24	16	16	16	18
LOC_827	21	22	21	22	23	21	19	21	21
LOC_828	19	19	20	19	19	20	16	20	19
LOC_829	16	15	15	14	14	16	15	18	16
LOC_830	25	25	27	23	23	25	28	27	25
LOC_831	29	27	25	26	26	25	24	25	25
LOC_832	16	15	17	16	16	16	16	16	16
LOC_833	14	16	14	16	16	13	13	13	14
LOC_834	21	21	20	20	21	20	20	20	21
LOC_835	24	23	25	23	23	27	26	28	25
LOC_836	15	15	15	15	15	15	15	15	15
LOC_837	13	13	12	12	12	12	12	12	12
LOC_838	23	23	21	23	23	19	21	21	23
LOC_839	16	16	18	16	16	19	18	18	18
LOC_840	21	22	20	21	20	20	19	20	20
LOC_841	14	14	14	14	14	16	16	16	14
LOC_842	25	22	25	23	22	24	25	24	25
LOC_843	18	20	17	20	20	17	17	17	17
LOC_844	26	26	26	27	24	25	25	23	26
LOC_845	25	23	25	24	27	25	24	25	25
LOC_846	18	18	18	19	19	18	18	18	18
LOC_847	26	25	27	28	27	27	27	27	25
LOC_848	21	21	19	24	23	19	21	23	19
LOC_849	27	25	22	27	24	23	24	24	25
LOC_850	17	17	17	16	17	17	16	17	17
LOC_851	23	23	23	23	20	23	24	24	23
LOC_852	15	15	15	15	17	15	15	16	15
LOC_853	25	24	25	24	24	24	23	25	25
LOC_854	25	22	25	25	25	24	24	24	25
LOC_855	18	17	19	18	18	18	18	19	18
LOC_856	25	26	26	25	23	27	28	31	26
LOC_857	30	26	28	26	27	26	25	26	29
LOC_858	14	14	15	14	14	13	16	16	14
LOC_859	14	15	14	16	15	14	14	14	14
LOC_860	22	24	21	23	24	22	22	22	22
LOC_861	17	16	17	17	17	18	18	18	17
LOC_862	14	14	20	15	15	16	16	16	15
LOC_863	21	21	20	21	21	20	20	19	20
LOC_864	22	27	25	23	23	24	23	25	24
LOC_865	21	24	26	24	25	23	25	25	25
LOC_866	27	24	24	25	24	23	24	25	25
LOC_867	21	21	18	21	21	18	18	18	18
LOC_868	23	22	25	23	23	24	24	27	25
LOC_869	21	21	21	23	21	21	21	21	21
LOC_870	13	11	13	11	10	13	13	13	13
LOC_871	14	14	14	14	14	14	14	14	14
LOC_872	24	25	25	24	24	29	29	26	25
LOC_873	17	17	17	16	16	16	16	16	17
LOC_874	24	25	22	23	24	24	23	23	24
LOC_875	19	18	17	18	17	17	19	19	18
LOC_876	17	17	17	17	17	17	17	17	17
LOC_877	24	23	25	23	23	26	25	27	25
LOC_878	27	25	25	23	23	27	26	25	25
LOC_879	27	25	26	24	25	24	24	22	25
LOC_880	24	25	24	25	25	23	23	24	25
LOC_881	17	17	17	17	17	17	17	16	17
LOC_882	20	21	20	21	21	19	19	16	20
LOC_883	25	26	25	25	26	25	27	27	25
LOC_884	14	14	15	14	14	15	15	15	15
LOC_885	17	17	16	17	16	16	16	16	17
LOC_886	27	28	25	26	24	25	26	23	25
LOC_887	27	26	23	28	27	25	25	28	25
LOC_888	24	25	22	23	23	23	23	24	25
LOC_889	23	21	23	21	21	23	27	26	23
LOC_890	21	22	23	23	22	21	21	21	22
LOC_891	25	24	25	23	23	26	26	24	25
LOC_892	25	28	23	27	27	22	20	21	22
LOC_893	19	19	19	19	20	20	20	20	19
LOC_894	19	17	18	18	19	19	19	19	18
LOC_895	23	23	23	22	21	22	24	23	24
LOC_896	30	25	24	26	25	26	27	28	25
LOC_897	16	19	16	16	16	15	15	17	17
LOC_898	25	28	24	25	27	23	23	23	25
LOC_899	26	24	26	23	23	26	27	27	25
LOC_900	25	23	22	23	24	22	23	23	24
LOC_901	25	28	25	21	23	24	26	26	25
LOC_902	24	22	24	20	22	23	25	24	23
LOC_903	22	27	25	24	23	23	25	24	25
LOC_904	14	14	14	15	16	14	14	14	14
LOC_905	27	31	24	28	27	27	30	28	25
LOC_906	14	14	15	14	12	14	13	13	15
LOC_907	19	18	17	21	19	17	17	17	18
LOC_908	23	22	23	22	21	21	22	20	22
LOC_909	25	24	25	24	22	24	25	28	25
LOC_910	17	18	17	18	18	18	18	18	17
LOC_911	19	19	19	20	20	19	18	18	19
LOC_912	11	11	11	11	9	11	11	11	11
LOC_913	18	18	18	18	18	17	16	17	18
LOC_914	25	25	25	25	24	25	28	24	25
LOC_915	25	27	25	25	26	26	24	25	25
LOC_916	19	16	18	20	17	17	15	16	18
LOC_917	19	15	16	15	15	14	14	14	15
LOC_918	16	16	16	16	16	17	16	17	16
LOC_919	16	16	14	16	16	14	14	14	14
LOC_920	20	18	20	19	19	20	21	22	18
LOC_921	16	18	16	16	17	17	16	16	16
LOC_922	23	22	23	22	22	23	22	22	22
LOC_923	25	26	22	27	28	22	22	22	25
LOC_924	27	26	25	28	26	26	26	29	25
LOC_925	14	15	14	14	14	14	14	14	14
LOC_926	25	25	27	23	24	28	28	27	25
LOC_927	25	24	26	25	26	25	26	26	25
LOC_928	26	23	23	23	22	23	24	24	25
LOC_929	15	15	15	15	15	15	18	18	15
LOC_930	10	10	8	10	10	10	10	10	10
LOC_931	22	25	24	23	22	19	23	23	24
LOC_932	24	23	24	23	23	24	24	25	24
LOC_933	23	23	24	24	24	25	25	24	24
LOC_934	27	25	24	29	28	26	27	25	24
LOC_935	18	17	17	17	17	17	17	17	17
LOC_936	22	23	24	22	22	25	24	26	23
LOC_937	25	26	25	25	26	24	24	24	24
LOC_938	17	17	16	17	17	17	17	17	17
LOC_939	18	19	20	19	20	19	19	19	19
LOC_940	19	19	18	19	19	18	18	18	19
LOC_941	14	15	14	13	14	14	12	12	14
LOC_942	24	24	25	23	23	25	23	25	24
LOC_943	20	17	19	21	20	20	20	20	20
LOC_944	18	16	16	18	18	16	16	16	18
LOC_945	16	16	17	19	17	18	19	19	17
LOC_946	23	24	24	23	22	22	23	22	24
LOC_947	27	28	25	28	25	24	24	24	24
LOC_948	20	20	20	21	20	20	20	20	20
LOC_949	23	24	23	24	26	24	24	24	23
LOC_950	25	25	23	23	23	25	22	23	24
LOC_951	22	20	19	20	19	20	23	25	20
LOC_952	22	20	20	23	23	20	20	18	20
LOC_953	23	23	23	23	23	24	26	24	24
LOC_954	22	23	25	22	22	23	22	22	22
LOC_955	24	25	24	24	23	25	25	25	24
LOC_956	21	21	25	22	21	24	23	25	24
LOC_957	24	24	25	25	25	28	28	27	24
LOC_958	16	16	16	16	16	17	17	18	16
LOC_959	18	20	18	21	19	18	18	19	18
LOC_960	28	26	22	24	26	23	23	23	24
LOC_961	25	24	23	25	25	23	26	23	25
LOC_962	24	24	25	24	22	25	25	26	24
LOC_963	23	24	24	24	24	25	24	26	24
LOC_964	16	16	16	16	16	16	16	16	16
LOC_965	22	21	26	22	24	25	24	28	23
LOC_966	18	19	20	18	18	22	22	22	20
LOC_967	24	25	24	23	23	24	26	24	24
LOC_968	22	25	25	25	25	24	25	27	24
LOC_969	18	20	18	20	19	18	20	20	18
LOC_970	19	19	19	19	18	19	19	19	19
LOC_971	24	26	24	24	25	25	27	25	24
LOC_972	22	23	24	23	23	23	26	24	24
LOC_973	27	30	27	27	27	28	28	28	30
LOC_974	14	14	14	14	14	14	14	14	14
LOC_975	14	14	15	14	14	14	14	14	14
LOC_976	27	28	28	28	29	27	28	29	29
LOC_977	17	18	20	17	17	18	18	18	17
LOC_978	17	16	17	18	19	15	18	19	17
LOC_979	27	27	25	29	27	26	28	28	25
LOC_980	16	16	16	16	16	16	16	16	16
LOC_981	23	24	21	27	25	21	22	22	22
LOC_982	14	14	14	13	14	14	14	14	14
LOC_983	23	25	24	23	23	24	18	22	24
LOC_984	24	23	26	24	23	24	24	25	24
LOC_985	14	15	15	14	14	15	16	15	14
LOC_986	17	17	17	17	16	17	17	17	17
LOC_987	25	25	25	22	23	24	24	22	24
LOC_988	18	18	18	19	18	20	25	22	18
LOC_989	28	23	24	22	22	24	23	24	24
LOC_990	22	23	23	23	23	26	25	26	24
LOC_991	15	15	15	15	16	15	15	17	15
LOC_992	23	22	22	25	24	23	23	23	23
LOC_993	17	17	19	18	18	18	19	19	19
LOC_994	24	25	26	26	24	26	26	25	24
LOC_995	25	23	26	24	25	23	24	24	24
LOC_996	26	26	23	27	28	24	24	24	24
LOC_997	23	24	25	24	23	25	26	24	24
LOC_998	14	14	14	15	14	14	14	15	14
LOC_999	23	24	24	25	21	24	24	26	24
LOC_1000	21	21	22	22	22	21	19	19	21
LOC_1001	19	19	19	19	21	21	25	21	19
LOC_1002	23	23	25	23	23	27	24	26	24
LOC_1003	23	23	25	22	22	27	30	28	24
LOC_1004	17	18	17	19	17	17	17	17	17
LOC_1005	7	7	7	7	6	7	7	8	7
LOC_1006	23	23	25	23	23	25	24	24	24
LOC_1007	18	20	18	20	20	18	19	20	18
LOC_1008	21	19	21	22	21	21	21	21	21
LOC_1009	24	23	23	25	25	22	22	22	24
LOC_1010	15	15	14	16	15	14	14	13	15
LOC_1011	23	23	23	23	22	23	22	23	24
LOC_1012	22	21	24	23	23	20	21	23	24
LOC_1013	26	24	23	24	24	23	25	24	24
LOC_1014	23	24	22	22	25	22	22	22	23
LOC_1015	17	16	16	17	17	15	16	16	16
LOC_1016	14	13	12	14	13	14	14	14	14
LOC_1017	25	22	23	24	25	24	24	23	24
LOC_1018	24	25	25	26	27	23	22	25	24
LOC_1019	15	15	15	15	15	15	16	16	15
LOC_1020	22	23	23	23	23	22	22	22	23
LOC_1021	16	16	15	17	18	15	15	15	15
LOC_1022	23	26	23	24	24	24	23	23	24
LOC_1023	24	21	24	25	25	24	23	23	24
LOC_1024	30	26	26	32	30	27	30	29	29
