names	Run1_C_2	Run1_C_5	Run1_C_7	Run1_C_8	Run1_C_9	root
LOC_1	19	19	20	19	20	19
LOC_2	21	22	22	22	23	20
LOC_3	7	7	7	7	7	7
LOC_4	7	7	7	7	7	7
LOC_5	7	7	8	8	8	7
LOC_6	18	16	16	16	17	16
LOC_7	13	13	13	13	13	13
LOC_8	20	24	27	28	27	22
LOC_9	15	15	15	15	15	15
LOC_10	17	17	19	17	17	17
LOC_11	23	23	23	23	22	23
LOC_12	17	17	17	17	17	17
LOC_13	17	18	18	16	16	17
LOC_14	18	18	18	18	18	18
LOC_15	28	26	30	29	27	27
LOC_16	14	14	15	14	14	14
LOC_17	15	15	15	16	15	15
LOC_18	24	23	23	22	22	23
LOC_19	21	22	22	22	22	22
LOC_20	14	15	16	15	16	15
LOC_21	14	14	13	14	14	13
LOC_22	21	21	21	20	21	21
LOC_23	16	16	17	16	16	16
LOC_24	23	23	22	21	22	23
LOC_25	22	21	22	22	22	22
LOC_26	15	15	15	15	15	15
LOC_27	17	17	17	17	17	17
LOC_28	22	21	21	21	21	21
LOC_29	24	26	25	27	28	25
LOC_30	19	20	21	21	21	19
LOC_31	25	24	25	25	25	26
LOC_32	19	22	22	22	23	20
