names	Run1_C_2	Run1_C_6	Run1_C_8	Run1_C_12	Run1_C_13	Run1_C_15	Run1_C_16	Run1_C_17	Run1_C_18	Run1_C_19	root
LOC_1	19	19	19	20	18	19	18	19	20	19	19
LOC_2	20	22	21	19	20	21	20	20	22	22	20
LOC_3	7	5	7	7	8	7	7	7	7	7	7
LOC_4	6	7	7	7	7	7	7	7	7	7	7
LOC_5	7	7	7	7	7	7	7	7	6	7	7
LOC_6	15	16	16	16	18	17	16	16	17	17	16
LOC_7	13	13	15	13	13	14	14	14	15	15	13
LOC_8	22	22	22	22	21	23	23	25	23	23	22
LOC_9	15	15	15	15	15	15	15	16	15	14	15
LOC_10	17	16	16	23	22	22	22	22	19	16	17
LOC_11	23	23	28	24	22	20	20	20	26	25	23
LOC_12	17	18	18	20	20	21	15	21	20	18	17
LOC_13	17	17	18	17	17	17	17	17	19	18	17
LOC_14	18	18	17	18	18	17	18	18	16	17	18
LOC_15	27	25	25	26	25	26	27	25	24	24	27
LOC_16	14	13	14	14	14	14	14	13	14	14	14
LOC_17	15	17	17	15	15	15	15	15	17	17	15
LOC_18	23	23	23	23	21	25	23	23	23	23	23
LOC_19	22	20	20	22	21	21	21	21	21	20	22
LOC_20	16	15	15	15	15	16	15	15	15	15	15
LOC_21	13	13	13	13	13	13	13	13	12	13	13
LOC_22	20	19	20	21	19	21	23	20	19	17	21
LOC_23	16	17	17	17	17	17	20	20	17	17	16
LOC_24	23	20	21	21	21	22	22	23	21	21	23
LOC_25	22	22	23	22	22	22	23	21	21	21	22
LOC_26	15	12	15	15	15	15	15	17	15	13	15
LOC_27	17	17	18	17	17	19	19	19	18	18	17
LOC_28	21	21	22	22	22	22	22	23	22	22	21
LOC_29	25	24	25	24	25	31	32	32	25	26	25
LOC_30	19	18	17	20	18	19	18	18	18	18	19
LOC_31	25	24	24	28	24	25	26	25	23	24	26
LOC_32	20	21	20	23	22	22	21	20	21	21	20
LOC_33	15	15	16	13	16	15	17	15	17	18	15
LOC_34	14	14	14	14	14	14	14	14	14	16	14
LOC_35	19	19	18	18	15	18	18	18	18	19	19
LOC_36	19	21	21	20	20	20	20	20	20	21	20
LOC_37	20	21	21	21	21	20	21	20	21	24	21
LOC_38	16	16	15	16	16	16	16	16	15	15	16
LOC_39	20	20	19	19	19	20	19	20	20	20	20
LOC_40	14	14	14	14	14	14	19	16	13	13	14
LOC_41	22	22	22	20	21	20	20	20	22	22	21
LOC_42	21	21	21	18	18	20	20	19	20	22	21
LOC_43	18	18	18	18	18	17	18	18	19	16	18
LOC_44	18	18	18	18	18	17	18	18	18	18	18
LOC_45	21	21	18	18	18	21	18	18	20	20	18
LOC_46	20	19	19	20	20	20	18	18	19	19	20
LOC_47	15	15	16	14	14	15	15	15	16	17	15
LOC_48	17	13	17	17	17	17	17	17	17	17	17
LOC_49	15	15	15	15	14	14	14	14	15	15	15
LOC_50	16	14	17	16	16	17	15	15	19	17	16
LOC_51	20	21	24	20	19	19	19	18	22	22	20
LOC_52	19	20	20	18	18	17	16	18	20	20	19
LOC_53	22	25	23	22	21	22	23	22	23	23	23
LOC_54	20	22	20	18	20	21	20	20	17	20	20
LOC_55	20	22	21	21	20	21	21	19	25	22	20
LOC_56	19	19	18	17	18	18	18	19	19	19	19
LOC_57	23	27	26	25	27	23	23	22	25	23	23
LOC_58	21	23	24	21	21	21	23	21	24	24	21
LOC_59	9	9	9	13	13	13	12	12	9	9	9
LOC_60	21	20	21	20	20	20	19	19	19	19	20
LOC_61	25	24	25	23	23	23	22	23	26	26	24
LOC_62	17	18	18	18	18	18	18	18	18	18	18
LOC_63	17	18	18	19	19	17	17	17	18	18	17
LOC_64	17	18	17	17	17	17	17	17	17	19	17
