names	Run1_C_12	Run1_C_13	Run1_C_18	Run1_C_19	Run1_C_21	Run1_C_22	Run1_C_23	Run1_C_24	Run1_C_25	Run1_C_27	Run1_C_28	Run1_C_29	Run1_C_30	Run1_C_33	Run1_C_34	Run1_C_35	Run1_C_36	Run1_C_38	Run1_C_39	Run1_C_40	Run1_C_41	root
LOC_1	21	19	19	18	19	18	19	19	19	19	19	19	19	19	19	19	19	20	20	20	21	19
LOC_2	20	20	19	18	20	21	21	19	20	23	22	23	25	20	21	23	25	25	26	21	21	20
LOC_3	8	8	7	7	7	7	7	7	7	7	7	7	7	7	7	7	7	7	7	8	8	7
LOC_4	7	7	7	7	7	7	7	7	7	7	7	7	7	7	7	7	7	7	7	7	7	7
LOC_5	7	7	7	6	7	7	8	7	7	7	7	7	7	7	7	7	7	7	7	7	7	7
LOC_6	15	15	16	17	17	16	16	17	17	16	16	16	16	16	19	16	16	16	17	15	16	16
LOC_7	13	13	13	13	13	13	13	14	14	15	13	13	15	14	14	14	15	15	15	13	13	13
LOC_8	22	22	22	22	22	25	27	22	22	23	23	24	23	23	23	22	24	25	24	22	21	22
LOC_9	15	15	19	17	14	15	15	14	14	15	15	15	15	15	15	15	13	13	13	15	15	15
LOC_10	17	17	18	18	17	17	17	17	17	19	18	18	18	17	16	16	20	18	18	16	16	17
LOC_11	23	23	23	23	23	27	26	22	22	26	27	27	26	24	24	24	24	24	24	24	25	23
LOC_12	17	19	16	16	15	18	17	16	16	15	17	17	17	17	17	16	17	17	18	17	18	17
LOC_13	18	18	15	16	16	16	17	16	16	17	18	18	18	18	17	17	17	19	19	18	18	17
LOC_14	18	18	18	19	18	18	18	18	18	18	18	18	18	18	18	18	18	18	18	17	17	18
LOC_15	26	26	28	27	26	26	26	27	26	26	31	27	29	26	24	26	27	26	26	25	24	27
LOC_16	14	14	14	14	14	15	15	14	14	14	15	15	14	15	15	15	14	14	15	13	13	14
LOC_17	15	15	15	15	15	16	16	15	16	16	16	16	16	16	14	15	16	16	16	15	17	15
LOC_18	24	24	23	19	23	26	26	21	23	23	24	24	23	24	24	24	25	22	23	23	24	23
LOC_19	24	23	22	22	20	24	22	19	19	22	20	22	21	23	22	22	20	20	20	23	23	22
LOC_20	15	15	14	14	15	16	16	15	15	16	16	14	16	16	16	16	16	16	16	16	16	15
LOC_21	14	14	13	12	13	13	13	13	14	14	13	13	13	13	13	13	13	13	13	13	13	13
LOC_22	21	21	21	21	23	25	23	21	21	24	24	24	24	22	22	23	24	23	24	22	22	21
LOC_23	15	15	19	16	16	15	15	16	16	15	15	15	15	16	19	16	15	12	13	15	14	16
LOC_24	21	21	24	23	21	21	23	21	21	22	22	22	21	24	23	23	21	21	22	24	25	23
LOC_25	22	22	22	24	23	22	23	22	22	23	22	22	24	23	22	23	23	23	22	22	20	22
LOC_26	16	16	16	16	16	13	13	16	16	13	12	13	13	13	14	13	13	13	13	16	17	15
LOC_27	18	18	17	17	17	18	20	17	18	17	15	16	15	16	16	16	17	17	17	17	17	17
LOC_28	21	21	24	23	21	21	22	22	22	23	21	21	21	21	22	21	22	23	22	21	21	21
LOC_29	25	25	25	25	23	26	26	22	22	22	23	22	24	24	24	24	23	22	23	29	27	25
LOC_30	19	20	18	19	19	17	19	19	19	19	18	17	19	19	19	19	19	19	19	18	19	19
LOC_31	25	25	26	28	26	27	24	24	24	25	25	24	25	27	25	27	25	25	27	26	25	26
LOC_32	22	23	19	19	21	20	20	21	21	21	21	20	21	19	20	20	21	21	21	21	21	20
LOC_33	17	16	19	18	15	15	15	15	15	15	15	15	15	16	15	15	15	15	15	17	16	15
LOC_34	15	14	14	14	14	15	17	14	14	16	15	15	17	14	14	14	17	17	16	14	14	14
LOC_35	18	21	19	19	19	19	18	19	21	18	16	18	19	16	22	22	19	21	19	18	20	19
LOC_36	20	20	21	20	23	19	19	21	20	20	20	20	20	20	20	20	21	21	21	21	21	20
LOC_37	23	21	21	21	23	21	23	22	21	23	22	22	23	24	24	23	23	23	23	25	23	21
LOC_38	11	12	14	14	16	12	12	17	17	12	14	12	12	12	12	14	11	11	11	13	12	16
LOC_39	21	21	20	20	19	21	20	21	20	20	20	19	20	20	20	20	20	20	20	20	20	20
LOC_40	14	14	14	14	14	14	14	14	14	12	14	14	14	14	14	14	14	15	15	14	14	14
LOC_41	22	22	24	23	23	26	25	23	23	24	27	27	25	22	18	18	27	28	27	21	22	21
LOC_42	21	19	20	20	20	21	21	20	19	20	21	22	21	22	22	20	21	21	20	21	21	21
LOC_43	18	18	19	19	19	19	19	20	20	18	18	18	18	18	19	21	18	18	18	18	19	18
LOC_44	18	18	18	18	18	21	21	18	19	19	15	17	18	18	18	17	17	16	16	19	18	18
LOC_45	18	18	18	18	18	20	20	17	17	20	20	20	22	20	21	20	22	23	22	18	18	18
LOC_46	21	20	20	21	20	20	20	20	20	21	19	21	20	18	18	18	21	21	21	21	20	20
LOC_47	13	14	15	15	15	13	12	15	15	13	13	13	14	13	13	13	13	14	13	12	12	15
LOC_48	19	19	17	17	16	18	18	17	17	19	19	19	18	19	19	19	18	18	18	19	19	17
LOC_49	16	16	16	16	16	18	18	16	16	18	18	18	16	17	16	16	15	16	16	16	16	15
LOC_50	16	16	16	16	16	16	16	16	16	16	16	16	16	17	17	16	16	16	15	16	16	16
LOC_51	20	20	20	20	20	22	21	21	20	20	19	21	21	20	21	22	21	21	21	21	22	20
LOC_52	19	19	19	20	20	19	19	20	20	19	19	19	19	19	19	19	19	19	20	19	19	19
LOC_53	22	23	21	23	21	24	24	21	20	22	23	22	22	21	20	20	22	23	21	22	22	23
LOC_54	19	19	20	19	22	20	20	22	23	20	21	23	21	20	20	20	21	20	20	21	21	20
LOC_55	22	22	20	20	22	21	21	21	21	20	21	21	20	20	21	21	23	21	21	20	20	20
LOC_56	16	19	19	19	19	19	19	19	19	19	18	18	18	19	19	20	19	19	19	19	19	19
LOC_57	21	22	23	23	23	24	24	22	23	22	24	23	25	24	20	22	26	25	25	22	22	23
LOC_58	21	21	21	21	22	24	25	21	20	25	23	23	25	24	24	23	24	25	27	22	22	21
LOC_59	9	9	11	11	9	10	10	9	9	9	9	9	9	9	9	9	9	9	10	9	9	9
LOC_60	21	20	20	20	19	19	19	20	19	20	21	21	21	19	20	20	21	21	21	22	22	20
LOC_61	22	22	24	25	25	23	22	26	26	24	24	25	23	24	25	25	23	23	23	21	22	24
LOC_62	18	18	19	19	18	18	18	18	18	18	18	18	18	18	19	18	18	18	18	17	18	18
LOC_63	15	17	17	17	17	18	20	17	17	18	18	18	18	16	15	16	19	16	18	17	18	17
LOC_64	18	18	16	17	17	18	18	17	17	18	17	17	18	18	17	17	18	18	18	18	18	17
LOC_65	17	17	16	16	16	18	18	18	17	17	17	17	17	17	17	16	17	18	18	20	19	17
LOC_66	18	18	21	21	21	21	21	21	21	21	21	21	21	20	19	20	20	21	21	19	19	21
LOC_67	22	22	22	23	22	25	22	22	23	23	21	21	22	22	22	22	23	23	23	22	22	22
LOC_68	15	15	16	18	16	15	15	15	16	15	16	16	14	16	19	19	14	14	14	16	17	16
LOC_69	21	21	21	21	20	18	18	22	22	21	21	21	21	22	25	25	21	20	20	19	19	21
LOC_70	23	25	24	22	23	23	23	24	24	23	23	25	23	24	24	23	24	24	25	23	23	23
LOC_71	17	17	16	16	16	16	16	16	16	16	16	16	16	16	19	17	14	16	16	17	18	16
LOC_72	26	27	18	20	20	24	24	21	21	21	20	20	21	17	20	20	21	20	20	21	22	20
LOC_73	17	18	22	21	21	18	16	21	21	19	18	18	18	18	16	18	19	18	18	20	21	19
LOC_74	22	21	23	23	22	28	27	22	22	26	25	23	28	24	23	23	28	27	25	20	20	22
LOC_75	24	26	23	23	22	24	25	23	19	27	28	25	27	26	25	26	27	27	27	25	27	23
LOC_76	21	21	19	19	21	23	23	21	21	22	22	21	22	22	22	22	20	22	20	21	20	21
LOC_77	17	14	14	14	14	14	14	15	14	14	13	14	13	14	14	12	13	15	11	15	16	14
LOC_78	21	22	23	22	22	20	20	22	22	19	20	21	19	22	24	22	19	19	20	21	21	22
LOC_79	16	16	15	15	16	19	17	15	15	16	15	15	17	15	15	15	17	17	17	15	15	15
LOC_80	24	22	20	20	25	24	24	25	25	23	26	24	24	27	26	28	26	25	25	23	23	24
LOC_81	17	19	16	16	16	18	18	17	16	17	17	17	17	18	21	19	22	19	19	15	15	16
LOC_82	20	20	19	19	21	21	21	19	20	19	20	20	20	22	21	20	20	17	20	19	20	20
LOC_83	18	18	19	18	18	22	22	15	16	20	19	19	20	18	18	18	20	21	19	19	17	18
LOC_84	16	16	16	18	16	16	16	19	19	18	13	13	19	16	14	16	18	18	18	16	16	16
LOC_85	20	20	22	21	22	23	23	21	21	23	22	22	23	23	20	20	24	23	23	23	21	21
LOC_86	16	16	18	17	17	16	16	17	18	18	16	16	16	16	16	16	14	14	14	16	16	16
LOC_87	20	20	20	20	20	20	19	20	20	19	19	19	18	20	20	20	18	18	18	21	20	20
LOC_88	22	22	21	23	23	21	21	24	23	20	19	19	20	18	20	20	20	20	20	22	21	22
LOC_89	26	24	23	24	23	27	27	23	23	28	27	28	28	28	26	28	26	29	26	26	26	26
LOC_90	20	19	20	20	20	21	20	21	20	19	21	21	20	20	18	20	20	20	20	19	17	20
LOC_91	16	17	17	17	17	17	17	16	17	22	17	17	19	17	17	17	19	19	19	16	16	17
LOC_92	19	19	23	21	20	17	17	20	20	20	19	19	20	19	18	19	18	20	19	20	20	19
LOC_93	13	13	13	13	12	13	13	12	12	13	12	13	14	13	13	13	14	14	14	13	13	12
LOC_94	18	17	13	14	17	14	15	15	15	15	15	15	14	15	14	14	15	15	15	15	13	15
LOC_95	13	13	13	13	13	13	13	13	13	13	13	13	14	14	15	16	13	13	13	13	14	13
LOC_96	18	18	20	19	20	21	21	21	19	21	21	21	21	21	21	22	20	21	21	20	20	20
LOC_97	21	20	19	20	25	21	22	22	22	22	20	20	22	20	20	20	22	21	21	21	21	20
LOC_98	17	17	15	15	15	18	18	15	16	17	17	17	17	18	16	16	17	18	17	17	17	15
LOC_99	16	17	17	17	16	17	17	15	15	17	17	17	17	16	16	16	17	18	18	15	16	16
LOC_100	14	14	14	14	14	14	14	14	14	14	14	14	14	14	14	14	14	14	14	14	14	14
LOC_101	21	21	21	21	20	19	19	21	21	22	22	22	20	22	24	24	20	19	19	21	21	21
LOC_102	19	19	19	20	18	17	17	19	19	18	18	19	17	18	18	18	18	18	17	17	18	19
LOC_103	14	14	14	14	14	14	14	14	14	17	14	14	13	14	15	15	14	13	15	14	14	14
LOC_104	20	21	22	22	18	26	20	18	18	22	22	23	20	21	21	20	20	20	20	22	23	21
LOC_105	13	13	17	17	17	14	14	18	18	14	13	13	14	13	13	13	14	14	14	13	13	16
LOC_106	28	29	28	29	31	26	25	27	28	26	24	24	32	27	26	26	31	32	32	28	29	28
LOC_107	15	15	15	15	15	16	16	15	15	16	16	16	16	15	15	17	16	16	16	15	15	15
LOC_108	23	22	21	23	23	25	25	23	23	25	23	23	25	23	22	24	25	27	25	23	23	23
LOC_109	15	14	15	15	14	14	14	14	14	14	14	15	15	14	14	14	14	14	14	14	14	14
LOC_110	16	16	16	16	14	16	16	14	14	16	16	16	16	17	17	17	16	16	18	15	16	16
LOC_111	18	17	15	16	14	15	15	14	14	15	15	15	15	15	16	15	15	15	16	17	17	15
LOC_112	21	21	21	21	21	20	20	21	21	20	19	19	19	21	22	22	21	19	19	21	22	21
LOC_113	17	17	15	15	14	14	14	14	14	14	14	14	13	14	14	14	14	13	13	16	16	14
LOC_114	17	17	18	19	16	19	19	18	18	19	18	18	19	18	17	17	20	22	20	17	17	17
LOC_115	14	15	14	14	16	13	13	15	15	13	14	15	13	14	14	14	13	13	13	14	16	14
LOC_116	19	19	14	14	14	17	18	14	14	17	17	17	16	16	16	15	16	16	16	19	19	14
LOC_117	16	18	23	23	22	20	19	22	21	16	22	19	16	19	19	19	16	16	16	19	17	19
LOC_118	16	16	16	16	16	13	13	18	16	13	13	13	12	16	17	16	12	12	12	16	16	16
LOC_119	24	24	24	23	21	20	19	19	20	20	20	20	19	22	25	25	20	21	21	23	24	23
LOC_120	18	17	19	19	20	19	19	19	17	19	19	19	19	18	19	18	19	19	19	18	17	18
LOC_121	23	22	18	18	19	21	21	18	18	21	21	21	20	21	21	22	22	21	21	21	21	18
LOC_122	19	18	17	19	17	19	16	17	17	19	18	18	19	19	21	22	19	19	19	19	19	19
LOC_123	24	23	25	24	25	24	24	23	23	25	25	26	23	24	25	24	25	24	24	24	24	24
LOC_124	25	26	17	20	22	22	22	22	20	24	23	24	24	24	23	23	25	26	25	22	22	22
LOC_125	27	27	26	26	30	25	25	29	27	29	27	28	29	29	30	31	30	28	28	29	30	27
LOC_126	14	14	14	14	14	14	14	15	14	14	14	14	14	14	14	12	16	16	16	15	15	14
LOC_127	21	24	22	22	23	20	20	22	23	20	19	19	20	21	24	21	21	20	20	23	22	22
LOC_128	20	20	22	20	20	21	21	20	17	21	22	21	21	20	21	21	18	18	18	18	18	20
LOC_129	22	22	18	18	19	17	17	18	18	16	18	18	17	17	17	17	20	18	18	23	22	19
LOC_130	24	23	22	22	23	27	26	25	24	26	24	24	25	22	25	24	31	29	29	24	24	24
LOC_131	17	17	18	16	16	15	15	16	16	15	16	15	17	15	15	15	15	15	15	17	17	15
LOC_132	23	21	23	23	21	21	21	21	21	21	18	20	21	20	24	23	22	22	24	21	22	21
LOC_133	21	24	25	23	24	22	23	24	24	25	25	22	24	23	23	23	24	25	25	24	28	22
LOC_134	23	22	23	23	23	21	23	23	25	22	23	22	22	21	22	22	22	24	23	22	24	23
LOC_135	13	13	14	14	15	15	15	16	15	14	14	14	14	14	14	15	14	11	11	13	13	14
LOC_136	15	14	15	15	14	16	16	15	15	18	15	15	15	15	15	15	15	16	16	15	15	15
LOC_137	26	25	22	20	21	28	26	22	23	27	26	27	23	24	24	24	26	27	27	28	26	24
LOC_138	19	20	21	19	21	21	23	21	21	20	21	22	22	21	21	21	21	21	19	22	22	21
LOC_139	17	17	16	17	17	16	16	17	17	16	17	17	17	17	17	17	16	16	16	17	17	17
LOC_140	17	17	18	16	16	16	16	16	16	17	16	16	17	16	17	16	17	19	19	16	16	17
LOC_141	15	15	17	17	17	15	16	17	16	15	17	16	15	17	15	15	15	15	15	15	15	15
LOC_142	30	30	28	28	30	31	30	27	26	30	28	29	32	28	26	26	31	31	32	31	32	27
LOC_143	23	23	20	21	21	22	22	21	22	22	22	22	22	21	21	20	22	21	18	22	21	21
LOC_144	16	17	16	16	16	19	17	15	16	17	17	17	17	16	18	16	17	17	17	19	20	16
LOC_145	20	20	23	20	19	20	19	17	19	18	20	20	19	20	20	20	20	19	19	20	20	20
LOC_146	20	19	20	20	21	20	20	20	23	23	20	19	23	21	22	22	22	22	22	20	20	20
LOC_147	21	19	22	22	22	20	20	20	20	20	20	21	20	20	23	20	21	22	22	19	20	21
LOC_148	15	14	14	14	13	15	14	14	14	14	14	14	15	14	16	14	14	14	14	14	14	14
LOC_149	20	20	19	19	20	18	18	18	18	19	19	19	21	18	20	18	19	18	18	19	21	18
LOC_150	15	15	15	15	15	17	18	15	15	15	15	15	16	17	15	15	14	14	14	15	15	15
LOC_151	13	13	16	15	16	16	16	16	16	16	16	16	16	17	17	17	16	16	16	16	16	16
LOC_152	20	21	20	21	21	19	19	18	18	19	20	19	19	19	20	20	18	17	18	19	20	20
LOC_153	19	19	17	18	17	22	19	18	18	20	18	20	18	20	20	20	19	16	16	22	21	20
LOC_154	18	17	19	19	20	18	18	19	19	19	18	18	18	18	19	19	18	19	18	18	18	18
LOC_155	23	23	21	20	23	21	21	25	24	21	22	22	20	22	22	22	21	21	21	21	20	21
LOC_156	18	20	17	17	17	14	14	17	17	14	15	15	14	13	13	13	15	11	14	17	17	17
LOC_157	18	18	17	16	17	17	17	17	17	18	18	18	18	18	18	18	18	18	18	18	18	17
LOC_158	23	23	22	22	22	21	22	21	22	21	21	21	21	22	22	22	21	20	20	24	24	22
LOC_159	15	12	15	15	15	14	15	15	15	14	15	15	15	15	15	15	15	15	14	18	15	15
LOC_160	21	21	19	19	19	21	21	20	19	21	22	21	23	21	21	21	21	21	21	21	21	19
LOC_161	21	21	20	21	21	20	20	21	21	21	22	22	20	20	21	21	21	21	21	22	22	21
LOC_162	20	20	23	22	21	19	19	20	20	19	19	19	20	20	20	20	17	17	16	19	20	20
LOC_163	21	21	18	18	18	18	18	18	18	19	18	18	21	18	18	18	19	19	19	20	20	18
LOC_164	19	20	19	19	19	20	20	19	19	19	22	22	20	20	20	18	21	23	22	17	17	20
LOC_165	15	15	15	15	16	15	15	14	16	15	15	17	15	14	15	15	16	16	17	15	15	15
LOC_166	17	17	17	17	17	16	16	17	17	14	16	14	17	17	17	17	19	16	17	17	17	17
LOC_167	17	16	16	16	16	16	16	16	18	16	16	16	16	18	16	16	16	16	16	16	16	16
LOC_168	30	29	26	26	28	29	31	29	30	30	28	28	28	27	28	29	28	24	25	30	30	28
LOC_169	22	23	28	27	22	25	27	23	22	27	26	26	23	25	23	24	28	26	25	19	21	23
LOC_170	19	19	19	19	19	19	19	18	19	19	17	18	16	19	19	19	18	18	18	18	18	19
LOC_171	24	22	22	21	21	23	22	21	22	22	19	21	20	25	24	24	20	21	21	23	22	23
LOC_172	22	21	22	21	23	23	22	23	24	24	22	25	24	23	22	23	24	24	23	23	23	22
LOC_173	15	16	17	15	18	14	15	18	22	15	15	16	16	15	15	15	16	15	15	15	15	16
LOC_174	26	23	24	24	24	23	23	24	24	25	24	24	25	26	23	25	25	24	24	23	21	22
LOC_175	25	24	31	30	27	24	25	24	33	24	23	22	27	25	25	25	27	28	27	25	24	27
LOC_176	14	14	17	15	15	14	14	15	15	14	14	14	15	15	14	14	16	17	17	14	14	14
LOC_177	22	22	22	23	24	24	25	23	24	24	23	26	23	25	25	25	25	25	27	23	21	24
LOC_178	22	22	22	23	21	22	23	24	25	21	24	23	22	22	21	23	19	19	20	22	22	23
LOC_179	27	31	24	24	24	26	24	23	23	25	25	25	24	24	24	24	25	25	25	26	28	23
LOC_180	21	22	23	21	20	22	22	20	20	22	22	21	22	23	23	23	25	26	25	22	22	22
LOC_181	18	17	17	17	17	18	19	18	17	18	18	19	16	20	23	20	16	16	16	18	22	18
LOC_182	25	25	23	22	21	24	26	25	25	24	24	24	25	24	21	23	21	21	21	25	25	23
LOC_183	27	28	28	28	27	22	22	29	29	22	21	22	22	23	23	23	22	22	22	24	25	25
LOC_184	16	16	16	16	14	16	16	16	17	16	16	16	16	16	16	17	16	16	16	16	16	16
LOC_185	20	21	20	20	20	20	20	20	20	18	18	19	23	20	19	19	24	23	24	20	20	20
LOC_186	16	17	17	17	16	16	16	15	15	16	16	17	16	16	16	16	16	16	16	18	15	16
LOC_187	21	21	23	20	21	19	19	22	22	20	22	21	19	24	24	22	18	18	21	22	21	21
LOC_188	25	25	25	23	28	21	22	25	26	23	23	21	24	23	23	23	25	24	26	27	25	25
LOC_189	14	14	14	14	14	14	14	14	14	14	14	14	14	14	15	14	14	14	14	14	14	14
LOC_190	19	18	23	22	23	20	20	20	20	20	21	21	21	19	22	18	21	21	21	18	19	22
LOC_191	18	18	17	18	16	16	16	17	17	16	17	17	16	16	16	16	16	16	16	18	20	17
LOC_192	19	22	20	20	22	22	22	25	21	22	22	21	22	21	21	22	22	22	22	22	21	21
LOC_193	15	15	16	16	15	16	16	14	15	15	15	15	15	15	16	16	15	15	15	15	15	15
LOC_194	18	18	19	19	18	19	19	18	18	20	18	19	16	18	18	18	18	17	17	18	18	18
LOC_195	20	20	18	18	18	19	18	18	18	19	19	19	20	19	19	19	17	18	18	18	19	18
LOC_196	24	24	22	24	22	26	25	20	21	26	25	25	25	25	26	24	25	23	24	24	24	22
LOC_197	21	21	21	21	19	21	21	23	21	21	22	21	21	22	20	20	21	20	20	21	22	21
LOC_198	32	34	26	27	23	29	29	24	26	28	28	29	28	27	28	27	26	24	24	27	31	27
LOC_199	14	14	14	14	14	14	14	13	13	14	14	14	14	14	14	14	14	14	14	14	14	14
LOC_200	26	26	22	23	22	20	20	22	21	20	20	20	20	19	18	18	19	20	20	23	22	23
LOC_201	23	25	24	25	24	18	18	24	24	18	20	20	18	18	18	18	17	18	18	23	23	24
LOC_202	16	16	16	16	18	20	20	17	17	20	19	19	20	18	18	18	20	20	20	16	19	17
LOC_203	17	19	19	18	18	19	19	19	18	20	19	21	19	18	19	19	19	19	19	18	18	18
LOC_204	19	19	18	18	22	18	18	18	18	17	20	18	16	17	18	18	16	16	16	19	19	18
LOC_205	17	15	14	14	14	15	15	15	15	15	15	15	17	16	16	16	15	15	15	14	14	14
LOC_206	20	18	20	20	20	20	21	20	19	22	19	19	22	19	20	22	22	22	23	20	20	20
LOC_207	18	18	14	14	14	17	16	16	16	17	15	15	16	15	16	15	16	17	16	15	15	14
LOC_208	13	13	14	14	14	14	14	15	15	14	15	15	14	14	14	14	14	14	14	13	13	14
LOC_209	19	19	17	17	17	17	16	17	17	17	17	17	16	17	17	17	17	17	17	18	16	17
LOC_210	22	24	26	26	26	20	20	25	25	20	20	20	20	21	20	20	22	22	22	22	22	22
LOC_211	23	26	24	24	27	24	25	28	27	21	24	24	22	27	26	26	21	22	22	24	26	24
LOC_212	24	23	24	25	26	22	23	25	23	23	23	22	23	23	23	22	23	23	24	24	24	24
LOC_213	21	21	19	19	19	20	20	19	19	20	20	20	20	19	19	20	20	20	20	21	21	19
LOC_214	18	18	17	17	17	16	16	17	17	16	18	18	16	17	17	17	16	16	16	17	17	17
LOC_215	15	15	18	18	15	15	15	13	16	15	16	15	15	15	14	15	15	13	15	16	15	16
LOC_216	20	20	21	20	20	21	24	21	22	21	21	21	21	22	21	21	21	21	20	20	21	20
LOC_217	28	28	22	21	24	27	28	28	27	29	27	25	29	29	26	26	30	28	27	26	27	25
LOC_218	17	17	17	17	17	19	18	21	21	18	16	16	18	16	16	16	18	18	18	17	17	17
LOC_219	15	15	15	15	15	16	16	15	15	16	16	16	16	16	16	16	16	16	16	15	15	15
LOC_220	14	14	17	17	16	19	19	16	16	19	18	18	17	18	16	18	17	17	17	14	14	18
LOC_221	22	22	21	23	26	22	24	26	27	22	23	23	23	20	22	23	23	22	24	23	23	24
LOC_222	26	28	24	23	26	28	27	25	27	27	27	26	25	31	28	26	30	28	27	22	25	28
LOC_223	14	14	14	14	14	14	14	14	14	14	14	14	14	13	14	13	14	14	15	15	14	14
LOC_224	16	16	20	22	16	16	17	17	17	17	16	16	17	16	16	16	17	19	17	15	15	16
LOC_225	22	22	21	21	21	20	20	20	20	21	22	20	21	21	21	20	21	20	20	21	21	21
LOC_226	16	16	16	17	16	16	16	16	16	16	16	16	15	16	18	18	16	16	16	17	17	16
LOC_227	8	8	7	8	7	8	8	7	7	8	8	8	8	8	8	8	8	7	7	8	8	7
LOC_228	16	16	18	15	16	19	21	16	18	19	16	15	19	15	16	17	18	17	18	16	16	16
LOC_229	19	18	17	17	17	17	17	17	17	17	16	16	18	17	17	17	17	19	17	17	17	17
LOC_230	19	19	20	21	19	18	20	19	19	18	18	18	18	19	19	19	18	18	18	20	20	19
LOC_231	18	18	19	19	18	20	20	19	19	20	19	17	22	19	19	19	22	22	22	18	18	19
LOC_232	22	24	14	14	14	20	18	14	14	18	20	19	18	18	18	18	17	16	16	20	20	18
LOC_233	15	16	15	15	15	14	15	16	16	15	15	15	14	14	15	15	14	14	12	15	15	15
LOC_234	15	16	16	16	17	15	15	17	17	15	15	15	16	17	15	15	16	16	16	18	15	15
LOC_235	22	22	21	21	22	23	22	25	25	22	21	21	21	22	22	22	21	21	22	25	23	22
LOC_236	17	19	17	16	17	17	17	18	18	17	17	17	17	18	18	18	17	17	17	17	17	17
LOC_237	20	20	20	20	20	17	17	19	20	17	16	17	17	20	19	19	16	17	17	20	20	20
LOC_238	22	22	21	19	21	20	20	21	21	23	23	23	24	22	22	22	24	23	20	23	23	21
LOC_239	22	22	25	22	22	23	21	23	22	20	21	22	24	22	21	22	23	22	23	21	23	22
LOC_240	14	14	14	14	14	15	14	14	14	15	15	15	16	15	15	16	16	16	16	14	14	14
LOC_241	18	18	21	21	21	18	18	21	21	18	18	17	17	18	18	18	18	18	19	18	18	18
LOC_242	19	19	15	16	16	16	16	16	16	16	18	18	16	16	16	17	16	16	16	19	18	17
LOC_243	19	19	18	18	19	19	19	19	19	19	19	20	19	19	19	21	21	20	19	20	19	19
LOC_244	14	15	14	14	16	14	13	15	15	14	14	14	14	14	15	14	16	14	14	14	14	14
LOC_245	24	25	24	25	27	21	23	27	27	26	25	26	23	27	29	27	23	24	24	24	25	24
LOC_246	23	22	24	24	25	23	23	25	24	23	23	22	22	25	23	23	22	23	22	24	23	24
LOC_247	17	16	16	16	16	19	20	16	16	20	16	16	20	16	16	16	21	19	20	16	16	16
LOC_248	18	18	18	18	20	21	21	20	20	18	18	17	18	20	19	19	18	18	18	18	18	18
LOC_249	23	23	24	24	24	22	22	24	24	22	22	22	22	21	21	22	23	24	22	23	23	24
LOC_250	26	27	25	25	24	25	26	26	28	26	25	25	25	28	26	27	26	25	25	24	24	27
LOC_251	17	17	17	16	17	17	17	19	18	16	17	17	17	17	18	18	17	18	17	17	17	17
LOC_252	24	27	22	22	23	26	27	23	22	27	27	27	25	26	24	26	30	32	29	27	28	22
LOC_253	14	14	14	14	12	13	13	14	14	13	14	13	13	13	13	13	12	12	12	14	14	14
LOC_254	16	15	17	18	17	16	16	16	17	16	16	17	16	16	16	16	16	16	17	16	16	16
LOC_255	25	23	22	23	22	22	22	23	23	20	22	22	21	22	22	21	20	20	20	23	23	23
LOC_256	21	22	19	19	19	20	20	18	19	20	20	20	24	21	22	20	23	24	25	21	24	19
LOC_257	21	20	17	17	19	21	21	17	19	20	19	20	20	19	19	19	20	20	21	19	18	20
LOC_258	14	14	13	13	13	16	16	14	15	16	15	15	16	14	14	14	16	16	16	14	14	13
LOC_259	20	20	20	20	20	20	20	20	19	20	20	20	17	20	20	20	20	19	19	20	18	20
LOC_260	23	23	23	22	21	19	18	21	21	21	22	21	22	21	20	21	22	24	22	22	22	22
LOC_261	15	15	17	17	15	15	15	17	16	15	15	13	15	14	14	14	15	15	15	16	19	15
LOC_262	12	12	13	13	13	13	13	13	13	13	13	13	13	13	13	13	13	13	12	12	12	13
LOC_263	15	15	15	18	17	16	15	15	15	15	17	17	15	17	16	16	15	16	15	15	15	16
LOC_264	21	21	23	23	22	22	23	22	22	21	23	22	20	21	22	21	24	20	20	20	21	22
LOC_265	21	22	21	22	25	22	22	27	24	23	23	23	23	26	24	21	23	22	23	26	26	24
LOC_266	18	19	19	19	22	18	18	21	21	18	16	16	16	18	18	18	16	17	16	18	19	19
LOC_267	18	18	18	18	16	23	23	18	18	22	22	24	22	20	20	19	22	20	20	18	18	18
LOC_268	16	18	17	18	18	17	16	19	18	17	17	17	19	21	20	20	19	19	18	17	15	17
LOC_269	16	16	16	16	14	16	16	13	13	16	15	17	17	16	16	17	17	17	17	16	16	16
LOC_270	18	18	19	19	19	17	17	20	20	16	17	17	16	20	19	18	16	18	18	19	19	19
LOC_271	25	24	25	23	24	25	24	29	30	24	23	22	24	25	23	24	23	24	22	19	21	24
LOC_272	21	21	23	24	23	22	21	23	23	21	21	21	22	18	18	18	22	22	22	24	25	23
LOC_273	27	25	23	24	25	24	23	26	26	26	24	23	24	25	27	27	22	25	25	27	26	24
LOC_274	19	20	23	23	22	24	25	22	21	23	21	21	25	22	21	22	21	22	21	20	20	22
LOC_275	15	15	15	14	15	15	15	15	15	15	15	15	15	15	15	16	15	15	15	15	16	15
LOC_276	20	21	20	20	20	21	22	20	20	20	20	22	20	20	20	20	20	21	21	21	20	20
LOC_277	14	14	14	14	14	14	14	14	14	16	14	14	15	14	14	14	14	14	14	14	14	14
LOC_278	14	15	14	14	14	14	14	14	14	15	14	14	15	14	13	13	15	14	15	14	14	14
LOC_279	15	15	15	15	17	15	15	16	16	15	15	14	15	15	15	15	15	15	13	17	16	15
LOC_280	21	20	21	22	18	21	20	24	26	20	21	21	17	21	21	21	17	17	17	20	20	20
LOC_281	19	20	23	22	20	19	19	21	22	19	19	19	19	20	22	20	19	19	19	20	20	20
LOC_282	17	18	13	13	15	18	16	15	15	15	14	15	15	15	15	15	16	16	16	17	17	15
LOC_283	14	14	14	14	14	14	14	14	14	14	14	14	14	14	14	14	14	14	14	14	14	14
LOC_284	14	14	15	14	14	14	14	14	17	14	14	14	14	14	14	14	14	14	14	14	14	14
LOC_285	28	29	27	28	28	29	29	28	27	29	29	30	31	30	32	30	32	32	30	25	28	29
LOC_286	18	18	18	19	18	20	20	17	17	20	21	20	19	21	21	21	20	20	20	18	18	18
LOC_287	27	27	28	28	27	25	26	29	29	27	26	26	25	23	22	23	28	31	31	25	25	28
LOC_288	17	17	17	17	17	19	19	17	17	18	13	13	17	18	20	19	16	18	18	17	17	17
LOC_289	16	16	15	15	14	15	15	14	13	15	15	15	15	15	15	15	15	15	15	15	17	15
LOC_290	17	17	22	21	19	22	21	20	18	20	20	20	20	20	20	20	19	19	19	17	18	19
LOC_291	18	18	19	19	19	23	24	19	19	19	19	19	19	16	16	16	19	19	19	18	19	18
LOC_292	19	19	19	20	18	19	20	20	19	19	19	19	19	19	19	19	19	21	20	21	21	19
LOC_293	16	16	16	16	16	15	15	15	15	15	15	15	15	15	15	15	16	16	16	14	14	15
LOC_294	31	30	25	25	26	25	26	25	25	26	24	24	24	29	30	28	25	23	23	28	26	25
LOC_295	19	18	20	19	20	19	19	19	18	19	18	18	19	18	18	18	20	19	19	17	19	18
LOC_296	14	14	14	14	14	14	14	14	14	14	14	14	14	15	14	14	14	14	14	14	14	14
LOC_297	16	16	15	15	15	16	16	14	14	16	16	15	16	16	16	16	16	16	16	16	16	15
LOC_298	17	17	18	18	18	17	17	18	18	17	17	17	17	17	17	17	17	19	19	17	17	17
LOC_299	16	16	16	16	16	17	15	16	16	17	13	16	17	16	15	12	17	17	17	16	16	16
LOC_300	17	17	16	16	17	17	17	17	16	17	17	17	17	18	16	17	16	17	17	17	17	17
LOC_301	18	18	20	21	23	22	23	22	22	19	21	20	20	19	18	19	21	21	21	20	20	20
LOC_302	26	24	27	25	22	22	20	23	23	25	24	25	23	24	23	25	23	23	24	24	24	24
LOC_303	18	21	18	18	19	18	18	21	21	18	19	19	18	18	18	18	18	18	18	18	18	18
LOC_304	14	14	15	14	14	15	15	14	14	14	14	14	15	14	14	14	15	15	15	13	14	14
LOC_305	14	14	17	17	17	17	17	18	18	19	17	17	17	17	17	19	17	17	17	19	19	17
LOC_306	26	27	24	24	25	26	25	26	27	25	26	25	26	26	23	24	24	25	25	23	23	26
LOC_307	24	24	22	22	23	20	20	23	23	19	21	21	19	23	24	25	19	19	19	26	24	22
LOC_308	22	24	22	22	21	24	24	22	22	25	24	23	24	24	21	23	24	25	23	24	24	22
LOC_309	21	22	25	23	22	21	20	23	23	20	22	22	20	21	21	21	20	19	19	21	22	22
LOC_310	15	15	15	15	16	14	14	16	16	14	15	15	14	15	17	16	13	13	15	15	17	15
LOC_311	18	18	18	18	18	17	16	18	18	17	17	17	17	16	17	17	17	17	17	17	17	18
LOC_312	18	17	19	18	18	21	20	18	18	20	22	19	20	18	18	18	20	20	19	18	18	18
LOC_313	16	16	16	16	15	20	20	16	14	19	18	18	19	17	16	17	22	23	21	16	16	16
LOC_314	15	15	15	14	15	14	14	15	16	14	16	16	15	15	15	15	17	17	17	15	15	15
LOC_315	13	13	15	15	15	15	15	15	15	17	16	17	17	16	16	17	17	16	16	14	14	15
LOC_316	26	27	24	24	28	27	27	29	27	28	28	27	27	26	31	24	27	27	27	26	27	26
LOC_317	21	21	21	19	21	22	22	21	21	23	22	22	22	22	22	22	22	22	23	21	21	21
LOC_318	22	22	22	21	21	23	25	21	21	22	22	22	23	21	22	22	23	25	23	27	26	22
LOC_319	22	21	23	22	23	18	19	23	23	19	21	20	19	20	20	20	19	19	20	22	22	22
LOC_320	22	21	21	21	22	22	20	20	20	21	23	22	21	22	22	21	19	19	19	21	21	21
LOC_321	16	15	17	22	16	16	16	15	15	16	16	16	16	15	16	16	16	16	16	16	16	16
LOC_322	13	13	13	12	12	13	13	13	12	13	12	13	13	12	12	12	12	13	13	13	13	12
LOC_323	16	16	14	14	15	14	14	15	15	13	13	14	13	13	13	13	13	13	13	14	14	14
LOC_324	21	20	21	21	21	22	22	21	22	21	21	21	21	21	21	21	21	23	21	21	22	21
LOC_325	19	19	17	17	17	17	16	17	19	17	16	15	16	16	17	16	16	17	16	16	16	16
LOC_326	16	16	17	17	16	16	17	15	15	18	16	16	17	17	18	18	17	17	16	16	16	16
LOC_327	14	13	14	15	16	15	15	16	18	15	15	15	15	14	16	16	14	14	15	15	15	15
LOC_328	19	20	20	19	17	21	21	18	18	18	21	21	18	20	20	19	19	18	18	21	21	20
LOC_329	23	24	25	23	23	23	22	26	24	22	20	22	23	25	24	24	18	21	21	27	26	23
LOC_330	23	23	22	22	22	25	23	21	23	27	23	20	27	22	22	23	26	25	28	24	24	22
LOC_331	23	23	21	22	23	22	21	22	21	22	23	23	23	23	23	23	22	19	23	22	24	23
LOC_332	15	15	15	15	15	17	15	14	14	16	15	15	16	16	16	16	17	18	19	15	15	15
LOC_333	14	14	15	15	15	13	15	15	15	15	15	15	15	15	15	13	15	15	15	13	13	14
LOC_334	18	18	18	18	18	17	19	18	18	19	19	19	19	20	18	18	19	19	19	19	20	19
LOC_335	21	21	22	22	22	23	23	21	22	24	20	21	23	23	23	23	23	23	23	20	20	23
LOC_336	27	26	23	24	23	27	26	24	23	26	25	25	26	26	26	26	25	27	28	24	25	24
LOC_337	22	22	20	20	20	20	20	20	20	19	21	19	17	18	20	20	18	18	18	21	21	20
LOC_338	20	19	20	19	19	18	17	19	19	18	21	20	18	20	20	19	19	17	17	20	20	19
LOC_339	19	13	16	16	18	17	17	18	18	17	18	17	17	17	17	17	18	18	18	17	17	17
LOC_340	13	13	14	13	13	11	11	13	13	12	10	10	11	13	13	13	11	11	11	12	13	13
LOC_341	20	21	19	19	21	22	21	22	23	22	20	20	20	22	21	21	20	20	20	20	20	20
LOC_342	14	14	14	14	14	12	12	14	14	12	14	14	12	14	13	14	12	12	12	14	14	14
LOC_343	13	13	19	19	23	18	18	25	23	18	19	18	18	18	19	18	19	19	19	13	13	20
LOC_344	17	17	18	18	17	16	16	17	17	16	17	17	17	17	18	19	16	16	16	17	17	17
LOC_345	15	15	13	13	14	15	15	15	16	15	15	15	15	15	17	17	14	17	16	15	15	15
LOC_346	22	22	22	23	23	23	23	24	24	24	26	27	24	23	23	23	25	23	22	20	20	23
LOC_347	20	20	19	20	22	19	20	20	20	19	20	20	21	19	18	18	21	20	20	20	20	20
LOC_348	19	19	20	21	21	20	20	20	20	21	20	20	20	19	20	20	20	20	19	20	20	20
LOC_349	17	17	15	15	15	14	14	13	15	14	14	14	14	14	14	15	14	15	14	15	15	15
LOC_350	26	23	17	17	17	18	18	17	17	16	16	16	16	18	18	20	17	18	18	20	19	17
LOC_351	28	28	28	29	29	26	26	32	30	24	25	25	22	28	25	26	21	22	21	25	27	26
LOC_352	20	18	20	19	20	20	20	22	22	24	19	20	19	20	20	20	21	21	22	21	21	20
LOC_353	18	18	19	17	16	20	19	17	14	18	18	18	20	18	18	17	19	19	19	19	19	18
LOC_354	17	17	17	17	16	16	16	17	17	16	16	16	17	16	16	16	17	17	18	15	15	15
LOC_355	14	14	14	14	14	14	14	15	15	14	14	14	14	14	14	14	16	15	16	14	14	14
LOC_356	17	16	17	19	19	17	16	19	19	17	17	17	16	15	16	16	18	17	17	17	17	17
LOC_357	16	16	18	16	16	16	16	16	16	16	16	16	16	16	16	16	16	19	19	16	16	16
LOC_358	9	9	7	7	7	9	9	7	7	9	9	9	9	9	9	9	9	9	9	9	9	7
LOC_359	15	17	19	22	19	18	18	20	20	19	18	18	18	18	19	18	18	20	18	17	17	19
LOC_360	24	25	23	23	24	21	21	24	26	20	20	20	20	21	21	21	20	20	20	25	26	24
LOC_361	25	24	19	20	20	22	22	20	20	22	22	22	22	23	23	22	21	22	22	21	21	21
LOC_362	21	21	25	25	23	23	21	23	24	21	25	25	21	23	23	23	21	22	22	22	21	22
LOC_363	8	11	8	8	8	8	8	10	8	8	8	8	9	8	8	8	9	10	10	8	8	8
LOC_364	14	14	16	15	16	15	15	15	15	15	15	17	15	15	15	19	15	15	15	14	14	14
LOC_365	23	24	30	27	28	24	25	27	26	30	25	26	28	23	22	23	28	26	26	27	27	25
LOC_366	17	17	17	17	19	15	16	19	20	15	16	16	16	16	16	16	17	18	17	18	18	17
LOC_367	16	16	17	17	19	16	16	19	18	16	16	15	18	16	17	17	17	16	17	16	16	16
LOC_368	23	23	24	24	23	21	23	24	22	21	22	22	21	22	19	19	21	23	21	23	23	24
LOC_369	28	28	27	26	28	29	29	27	28	26	26	28	23	26	26	29	23	22	23	30	29	28
LOC_370	18	18	18	18	18	18	19	17	18	22	18	19	22	18	18	16	22	24	24	18	18	18
LOC_371	23	24	23	22	23	23	23	23	23	26	25	24	24	24	23	24	23	22	21	22	22	23
LOC_372	21	20	21	21	21	21	21	21	21	21	22	21	21	21	21	21	21	19	20	21	21	21
LOC_373	14	14	14	14	14	14	14	13	13	14	14	14	14	15	15	15	14	14	14	14	14	14
LOC_374	15	15	15	14	15	16	18	16	15	16	16	14	16	15	15	16	16	16	16	15	15	15
LOC_375	17	17	19	18	19	18	18	21	22	18	18	18	18	18	18	18	15	16	16	18	19	18
LOC_376	24	24	20	20	20	27	25	18	20	21	22	22	23	24	24	25	23	22	22	23	23	20
LOC_377	22	21	23	23	22	24	24	27	23	21	23	23	21	22	22	22	20	20	23	22	22	23
LOC_378	24	24	21	21	27	25	24	27	26	24	25	24	21	23	24	24	22	22	22	22	22	23
LOC_379	18	18	18	18	20	18	19	18	18	18	18	18	16	18	18	18	17	16	15	24	22	18
LOC_380	17	17	18	17	18	17	17	18	18	17	18	17	17	16	18	16	17	17	17	16	17	18
LOC_381	15	15	14	14	14	13	13	12	12	13	13	13	13	14	15	14	13	13	13	15	15	14
LOC_382	18	18	18	18	18	21	21	18	19	18	18	19	18	18	18	18	21	18	18	18	18	18
LOC_383	18	18	16	17	17	15	15	15	16	16	15	15	16	16	19	18	15	15	15	17	17	17
LOC_384	13	13	14	14	14	16	16	14	14	19	14	14	22	14	14	14	21	21	21	13	13	14
LOC_385	18	18	19	20	19	17	19	19	19	18	18	18	18	18	16	17	16	18	18	18	18	18
LOC_386	19	19	17	20	20	18	18	19	20	18	19	19	19	18	17	17	19	20	19	17	18	19
LOC_387	17	17	17	16	16	18	18	18	17	18	18	18	17	18	18	16	17	17	17	18	18	17
LOC_388	26	26	27	28	30	27	26	28	33	25	28	28	26	26	28	26	24	26	25	27	26	28
LOC_389	17	17	18	18	18	17	17	18	18	17	18	19	17	18	17	17	16	16	16	17	17	18
LOC_390	7	7	7	7	7	7	7	9	9	7	7	7	7	7	8	8	8	8	8	7	7	7
LOC_391	21	22	22	21	23	23	24	22	21	24	24	24	24	25	23	23	23	23	23	22	21	22
LOC_392	23	21	24	22	24	21	21	24	24	20	20	20	20	21	21	21	22	21	24	21	21	22
LOC_393	15	15	15	15	15	16	15	17	16	10	15	15	12	15	16	15	12	12	12	19	15	15
LOC_394	14	14	17	17	17	14	14	15	17	14	14	14	14	14	14	15	15	14	14	14	14	16
LOC_395	21	21	21	21	21	19	19	21	22	19	19	19	19	19	22	20	19	19	19	20	20	20
LOC_396	18	18	17	17	17	18	18	17	17	18	18	18	18	20	18	18	18	18	18	18	18	17
LOC_397	19	19	17	20	19	18	20	20	20	18	20	21	18	22	19	19	18	17	17	19	18	19
LOC_398	17	17	18	18	18	20	18	18	18	18	16	16	20	17	18	17	20	22	22	18	18	17
LOC_399	30	29	31	30	30	31	29	31	33	29	30	32	28	31	30	31	26	26	28	29	29	29
LOC_400	14	14	18	18	17	15	16	16	19	15	15	15	14	15	16	16	15	15	15	15	15	15
LOC_401	13	13	13	13	13	13	13	14	14	13	13	13	13	13	13	13	13	13	13	13	13	13
LOC_402	14	14	15	15	13	14	14	13	13	13	14	14	14	15	14	15	14	12	14	14	14	14
LOC_403	12	12	14	12	14	14	14	14	14	14	14	13	14	14	14	14	14	14	14	16	14	14
LOC_404	11	11	10	10	10	11	11	10	10	11	11	12	11	11	12	12	11	11	11	12	12	10
LOC_405	16	16	16	16	16	17	16	16	16	16	17	16	19	16	16	16	15	17	16	16	16	16
LOC_406	19	19	18	18	18	20	18	17	17	19	19	19	19	19	19	20	22	19	19	19	17	19
LOC_407	17	17	18	18	18	21	18	18	18	18	16	18	19	22	17	16	20	19	19	17	17	17
LOC_408	14	14	15	15	14	14	14	15	15	14	14	14	14	14	14	14	13	13	13	14	14	14
LOC_409	16	16	15	15	16	16	16	15	15	16	17	17	15	16	13	13	16	17	15	17	17	15
LOC_410	16	16	16	16	16	16	16	16	16	17	15	16	16	16	16	17	16	15	15	16	16	16
LOC_411	14	17	12	12	14	14	14	14	14	13	15	14	15	14	13	14	15	15	15	14	14	14
LOC_412	20	22	19	19	19	20	20	18	19	18	20	21	17	20	20	19	19	18	18	19	19	19
LOC_413	18	18	19	20	18	20	20	19	19	19	21	20	19	20	20	20	19	20	19	19	19	20
LOC_414	15	15	15	16	16	15	15	16	17	16	13	13	16	15	15	15	16	17	16	15	15	15
LOC_415	15	19	13	13	13	14	14	15	13	14	14	14	12	15	14	14	14	14	14	14	15	14
LOC_416	19	19	17	17	16	18	19	17	17	17	17	19	17	18	18	18	17	16	16	18	18	17
LOC_417	15	15	15	14	14	15	15	15	15	15	14	14	14	14	16	14	13	13	13	14	14	14
LOC_418	14	14	14	14	13	14	14	13	13	14	14	14	14	14	14	14	14	14	14	14	14	14
LOC_419	15	15	15	15	15	15	15	14	14	15	15	15	15	15	15	15	15	15	15	17	16	15
LOC_420	13	13	13	13	16	13	13	18	17	13	13	13	13	13	13	13	14	14	14	14	13	13
LOC_421	17	17	17	17	17	21	19	17	17	19	19	19	19	19	21	22	19	19	19	17	17	17
LOC_422	25	25	24	24	24	24	24	24	27	24	24	25	24	24	25	23	23	26	25	23	24	23
LOC_423	9	9	11	11	11	10	9	11	11	9	9	9	9	9	10	9	9	8	9	9	9	9
LOC_424	22	20	19	20	20	21	21	21	17	21	21	21	21	20	20	19	22	21	21	20	20	20
LOC_425	16	16	12	12	16	16	14	16	16	14	16	16	16	17	17	17	16	16	16	17	17	16
LOC_426	16	18	17	17	17	16	19	16	17	17	14	14	16	17	17	17	16	16	15	18	18	17
LOC_427	20	20	21	20	20	23	23	20	20	21	21	21	21	21	21	21	21	22	21	20	20	20
LOC_428	15	16	16	16	16	15	15	16	15	15	16	16	15	15	16	16	16	15	15	17	16	16
LOC_429	17	19	18	16	18	19	19	17	18	18	18	18	19	19	19	19	18	18	17	19	18	19
LOC_430	17	17	18	18	17	21	22	19	19	22	21	23	21	19	19	18	21	21	21	19	19	19
LOC_431	19	19	20	18	19	18	20	20	20	22	19	17	22	18	17	17	22	23	22	19	19	19
LOC_432	15	14	14	14	14	15	15	14	13	15	14	14	15	14	14	15	15	17	17	14	15	14
LOC_433	23	23	22	21	22	23	24	22	23	24	24	23	23	22	25	25	23	24	23	24	23	23
LOC_434	19	19	20	20	19	19	19	19	19	19	19	19	19	19	19	19	19	18	18	19	19	19
LOC_435	24	24	25	25	23	23	23	24	23	25	25	23	24	23	26	26	22	21	21	25	27	25
LOC_436	23	23	24	25	26	21	20	22	23	21	21	22	22	24	23	23	20	21	21	22	23	24
LOC_437	23	23	23	23	23	24	23	20	20	23	22	23	23	23	23	25	23	24	24	23	23	22
LOC_438	22	22	24	25	22	24	24	24	24	23	23	22	24	20	21	21	24	24	25	24	22	23
LOC_439	16	16	16	16	16	16	16	16	16	16	16	16	16	16	16	16	16	16	16	17	17	16
LOC_440	22	21	20	19	19	21	22	23	24	21	21	21	21	21	22	21	22	23	21	25	20	20
LOC_441	16	16	17	16	17	17	17	16	17	17	19	18	17	17	17	17	18	17	17	16	16	16
LOC_442	24	23	24	23	22	21	21	23	21	23	23	22	22	25	22	22	22	21	21	21	21	22
LOC_443	20	17	16	16	16	19	19	16	13	17	18	19	17	18	18	18	17	17	17	18	18	18
LOC_444	21	21	21	20	20	20	20	21	19	20	22	24	19	20	20	20	21	22	21	23	23	20
LOC_445	21	22	23	21	22	19	19	21	22	17	19	19	16	19	20	19	16	16	16	21	22	22
LOC_446	18	18	18	18	18	20	20	18	18	22	19	17	17	18	18	18	18	17	17	18	18	18
LOC_447	18	19	18	20	18	18	18	18	18	18	20	19	18	18	18	18	19	17	17	18	17	18
LOC_448	26	26	27	28	26	21	20	26	26	21	22	22	21	20	20	22	21	22	21	29	26	28
LOC_449	16	17	19	20	19	17	17	19	19	17	19	17	17	17	17	17	17	17	17	17	17	17
LOC_450	20	20	20	20	20	19	19	20	20	19	20	19	20	18	16	16	21	21	19	20	20	20
LOC_451	13	14	14	14	14	13	14	14	14	13	13	13	13	13	13	13	13	14	14	13	13	14
LOC_452	23	23	20	20	20	27	29	21	21	26	25	24	28	22	18	20	27	29	28	19	22	19
LOC_453	18	18	18	21	18	18	18	19	18	18	21	20	19	19	17	17	19	21	19	18	19	18
LOC_454	22	21	20	21	19	21	21	18	18	19	21	21	20	21	20	20	19	19	19	21	21	21
LOC_455	17	16	16	17	17	17	17	16	16	17	15	17	16	17	16	17	20	16	16	18	18	16
LOC_456	19	19	15	15	15	15	15	15	15	15	14	14	15	16	15	14	15	15	15	19	19	15
LOC_457	21	22	22	22	23	21	21	23	23	22	17	19	21	22	21	21	22	22	22	20	20	22
LOC_458	15	16	16	16	16	15	15	16	16	16	15	15	15	15	15	15	15	15	15	15	15	16
LOC_459	7	7	7	7	7	7	7	7	7	7	7	7	7	7	7	7	7	7	7	6	6	7
LOC_460	19	19	18	18	20	18	18	18	18	20	18	18	18	18	18	18	19	19	19	19	17	18
LOC_461	16	14	14	14	14	16	15	13	13	13	15	14	17	14	14	14	14	14	14	14	14	14
LOC_462	20	21	22	21	21	22	22	19	20	23	20	20	22	18	21	20	22	22	23	24	25	21
LOC_463	24	24	26	25	24	24	25	25	25	24	25	25	25	26	26	27	24	24	22	27	29	25
LOC_464	18	17	21	20	18	19	18	20	20	19	20	22	19	19	19	19	19	19	19	17	18	18
LOC_465	25	26	26	26	24	24	23	26	28	23	22	22	23	23	23	23	24	22	23	23	23	25
LOC_466	21	24	23	24	23	24	25	22	23	25	23	23	23	23	24	22	27	25	27	23	24	24
LOC_467	20	20	19	18	19	20	21	19	19	20	21	19	20	21	21	20	21	20	20	20	21	19
LOC_468	14	14	14	14	14	14	15	14	14	14	14	14	14	14	14	15	14	14	14	14	14	14
LOC_469	25	25	24	23	26	21	21	24	24	22	25	25	23	21	23	23	22	22	24	24	24	23
LOC_470	23	23	21	21	22	21	23	21	21	24	23	23	23	23	23	23	23	24	24	23	23	23
LOC_471	19	18	18	18	21	19	17	21	20	17	19	19	18	19	18	17	19	18	18	19	19	19
LOC_472	15	15	20	17	16	16	16	15	16	16	15	16	16	16	17	18	17	17	17	15	15	16
LOC_473	20	20	21	21	21	21	23	18	21	26	22	22	22	23	23	23	22	22	22	20	21	21
LOC_474	17	17	15	15	15	18	18	15	17	19	17	17	18	17	17	17	18	18	14	17	18	15
LOC_475	18	18	17	16	18	16	16	18	18	17	16	16	18	17	16	16	18	18	18	21	21	16
LOC_476	17	17	16	16	16	16	16	17	16	16	17	16	16	16	16	16	17	17	17	16	16	16
LOC_477	19	19	17	21	19	18	19	18	18	19	18	18	19	19	18	19	19	19	19	20	20	19
LOC_478	15	15	19	18	17	17	17	17	17	17	16	16	17	16	16	16	17	18	17	13	15	16
LOC_479	17	19	17	17	17	16	18	17	17	17	16	15	16	17	17	17	16	15	16	17	17	17
LOC_480	18	19	17	17	16	17	17	18	18	18	17	15	18	17	15	15	18	18	20	20	20	17
LOC_481	13	13	16	16	16	13	13	16	16	13	13	13	13	13	13	13	13	13	15	13	13	16
LOC_482	20	18	17	17	18	18	18	16	16	18	18	18	18	18	18	18	18	18	18	18	18	17
LOC_483	25	25	23	26	23	22	19	25	25	22	24	23	22	23	25	24	22	22	22	25	24	24
LOC_484	26	26	27	26	24	25	23	26	25	22	24	27	22	21	22	21	25	26	28	26	27	25
LOC_485	16	16	17	17	17	18	19	17	17	17	17	16	19	17	18	18	22	19	20	16	16	17
LOC_486	22	23	24	23	22	22	22	23	23	20	24	22	20	22	21	22	20	20	20	22	23	23
LOC_487	20	17	17	15	19	15	15	17	17	16	16	16	16	18	16	16	16	16	16	17	17	17
LOC_488	27	23	23	24	22	23	21	23	23	26	24	24	31	25	24	27	28	29	28	24	24	23
LOC_489	17	18	19	19	19	18	18	20	20	18	18	19	17	16	18	18	15	15	15	17	17	18
LOC_490	14	14	14	14	14	15	14	14	14	14	15	15	15	15	16	16	15	15	15	14	14	14
LOC_491	21	22	24	24	21	20	21	21	21	23	21	21	21	22	22	20	21	20	22	21	21	21
LOC_492	17	17	22	20	20	20	20	20	20	20	20	20	21	19	19	19	20	20	20	21	20	20
LOC_493	29	27	32	26	30	21	25	28	29	26	27	26	21	25	27	28	25	24	24	27	24	27
LOC_494	17	17	17	17	16	18	19	18	17	18	18	18	19	18	19	18	19	17	17	18	17	17
LOC_495	22	23	23	23	21	27	24	23	23	25	24	24	24	24	26	25	23	25	25	21	21	23
LOC_496	22	21	22	22	20	22	22	17	20	22	21	22	25	22	23	22	22	21	21	21	22	22
LOC_497	20	19	20	20	20	24	24	20	20	21	22	20	20	24	20	18	19	19	19	21	19	20
LOC_498	8	8	8	8	8	8	9	8	8	8	8	8	8	8	8	8	8	8	8	8	8	8
LOC_499	22	22	19	20	21	22	22	20	20	23	22	22	22	22	22	22	22	22	22	22	22	21
LOC_500	19	18	19	19	20	18	18	20	21	18	17	17	18	17	16	16	18	20	20	18	18	19
LOC_501	17	17	18	18	17	20	20	17	17	17	17	16	18	17	17	17	18	21	18	17	17	17
LOC_502	25	25	25	25	27	23	26	25	26	25	25	25	26	24	24	24	24	23	24	25	25	27
LOC_503	7	6	7	7	7	7	6	7	7	7	7	7	7	8	8	8	8	7	6	6	6	7
LOC_504	19	19	16	16	16	16	16	15	16	15	19	19	16	19	19	19	15	15	15	18	18	15
LOC_505	21	22	21	21	21	25	24	21	21	23	24	20	24	24	25	24	24	23	24	23	23	21
LOC_506	14	14	15	15	14	14	14	15	15	14	14	14	14	14	14	14	14	14	14	14	14	14
LOC_507	14	14	14	14	14	15	14	14	14	14	14	14	14	14	14	14	14	13	13	13	15	14
LOC_508	20	20	19	19	17	18	18	18	19	19	18	18	18	18	18	19	18	18	19	20	23	18
LOC_509	19	19	20	20	19	22	21	19	19	21	21	21	23	19	19	19	22	22	22	19	19	19
LOC_510	19	20	21	21	20	20	20	20	20	19	21	21	21	21	21	20	21	21	22	19	19	20
LOC_511	21	21	20	20	17	21	21	18	18	21	21	21	23	21	22	23	23	24	24	21	20	20
LOC_512	21	21	22	23	22	21	21	22	22	21	21	22	21	22	23	20	20	20	20	21	21	23
LOC_513	17	17	18	18	17	14	16	17	17	14	16	16	14	17	16	16	14	14	14	17	17	16
LOC_514	14	14	14	14	14	14	14	13	14	13	14	14	13	15	13	13	13	15	15	15	15	14
LOC_515	18	18	19	18	19	20	19	19	19	18	17	17	18	18	20	18	19	18	18	17	17	18
LOC_516	18	20	18	18	18	20	21	19	18	22	19	19	22	19	19	21	21	21	23	17	17	18
LOC_517	20	21	19	18	19	20	20	19	19	20	20	20	20	20	20	20	19	20	20	22	20	19
LOC_518	21	20	19	21	17	26	23	17	20	21	21	23	21	21	21	22	23	21	21	20	21	21
LOC_519	18	18	17	17	17	16	16	17	17	16	18	16	16	17	16	16	16	16	16	18	21	17
LOC_520	18	20	18	18	22	21	22	18	18	20	20	19	21	20	20	19	21	21	22	21	20	20
LOC_521	16	16	16	16	16	16	19	16	18	16	16	17	16	18	15	16	16	16	16	16	16	16
LOC_522	20	19	19	20	19	20	20	19	19	19	20	18	19	19	21	18	19	19	19	19	20	19
LOC_523	17	18	18	18	19	17	17	18	18	17	17	17	17	17	19	16	18	17	17	20	20	18
LOC_524	27	25	22	21	22	23	23	22	22	23	21	21	24	25	24	24	23	21	21	24	24	22
LOC_525	18	18	18	19	19	18	18	20	20	18	18	18	18	14	18	18	19	19	19	18	18	18
LOC_526	14	14	15	15	15	15	15	15	15	15	17	15	15	14	14	14	15	15	15	13	13	14
LOC_527	21	19	18	18	17	20	20	15	15	18	17	17	19	20	21	19	18	18	18	18	18	18
LOC_528	17	17	20	20	21	20	20	20	20	19	18	17	20	17	17	16	19	19	19	17	15	18
LOC_529	16	16	15	17	16	14	14	15	16	14	16	16	14	16	17	17	14	14	14	16	17	16
LOC_530	17	17	14	14	14	14	15	14	14	14	14	14	14	14	14	14	14	15	15	14	15	14
LOC_531	20	21	22	22	23	24	22	23	23	23	20	20	24	22	22	22	25	23	25	21	21	22
LOC_532	19	17	16	16	15	16	16	16	16	18	17	17	19	18	17	17	20	18	19	18	17	16
LOC_533	18	20	19	19	19	19	19	18	14	19	19	19	19	19	19	19	19	20	20	20	21	19
LOC_534	18	18	17	19	17	18	18	17	17	19	18	18	18	19	19	19	18	18	18	18	15	18
LOC_535	17	17	16	16	20	19	19	16	19	19	18	19	19	19	20	20	20	21	21	17	17	20
LOC_536	16	16	16	16	16	18	18	16	16	18	18	18	18	16	16	16	18	20	18	16	16	16
LOC_537	21	21	20	20	19	19	20	20	19	21	22	23	23	22	22	21	21	21	21	21	21	21
LOC_538	20	21	18	18	18	23	23	19	18	22	22	22	25	22	21	22	21	23	23	21	21	21
LOC_539	31	28	26	26	27	31	32	27	29	32	32	32	29	31	31	31	28	29	26	30	30	30
LOC_540	28	28	26	26	23	28	25	23	24	25	27	28	22	26	27	27	24	23	22	30	27	27
LOC_541	18	18	14	14	14	16	16	15	14	16	16	16	19	16	15	16	19	20	20	18	18	14
LOC_542	17	17	17	17	17	15	16	17	17	18	19	19	18	21	18	18	15	15	16	17	17	17
LOC_543	22	21	20	20	20	20	20	20	20	19	21	21	18	21	21	21	19	19	19	20	20	20
LOC_544	12	12	13	13	13	16	16	13	14	12	12	12	12	12	13	13	12	12	12	12	12	12
LOC_545	17	17	16	16	17	16	17	18	19	16	16	15	16	17	17	16	16	16	16	19	20	17
LOC_546	19	19	17	17	18	20	20	19	18	20	20	20	23	20	19	19	23	23	23	18	19	18
LOC_547	22	21	21	21	22	23	23	21	21	27	22	22	24	21	23	23	24	23	22	22	23	22
LOC_548	26	25	25	25	27	28	27	27	27	26	26	26	25	28	28	27	25	24	25	26	26	28
LOC_549	16	16	15	15	17	16	16	17	17	14	17	16	16	16	16	15	16	16	17	16	16	16
LOC_550	25	28	23	23	23	27	25	23	23	26	29	28	27	29	26	26	28	26	27	24	24	24
LOC_551	15	14	15	15	15	15	12	13	14	15	15	15	15	15	15	15	15	14	14	15	15	15
LOC_552	16	16	15	15	16	15	16	16	15	16	16	16	16	16	16	18	16	17	16	16	16	16
LOC_553	20	19	19	20	18	19	19	18	18	16	19	18	19	18	16	18	18	18	18	19	19	18
LOC_554	14	14	17	15	16	17	15	15	16	17	18	17	17	14	14	14	17	16	16	14	14	14
LOC_555	19	19	25	24	23	21	23	23	23	21	21	23	21	21	21	21	19	21	20	21	19	22
LOC_556	17	17	17	17	20	16	16	19	19	18	17	17	18	17	17	17	18	18	18	20	22	17
LOC_557	23	20	24	21	22	21	21	22	22	21	21	21	21	23	21	20	21	20	21	21	21	21
LOC_558	15	15	18	18	17	19	19	18	18	18	19	19	18	18	18	18	18	20	20	15	15	18
LOC_559	17	16	16	16	15	16	16	15	15	16	16	16	16	14	18	18	14	17	17	16	16	16
LOC_560	20	19	21	21	18	22	22	19	18	22	23	22	22	20	23	22	23	22	22	20	20	21
LOC_561	27	27	24	25	27	23	23	23	22	23	22	23	24	24	21	21	23	23	23	26	25	24
LOC_562	23	24	23	22	23	26	26	21	25	26	26	22	28	24	25	26	28	27	27	20	24	22
LOC_563	26	28	26	26	26	29	27	26	26	28	27	27	28	28	28	29	29	26	26	26	26	27
LOC_564	21	21	18	18	18	19	18	18	18	17	18	18	18	19	20	18	17	17	18	23	22	18
LOC_565	21	20	18	17	17	20	20	16	16	21	20	20	20	21	20	20	21	21	21	19	21	19
LOC_566	14	14	15	15	14	15	15	17	15	17	15	16	16	15	15	15	16	16	16	15	15	15
LOC_567	22	24	24	25	25	23	23	25	26	23	23	22	22	20	20	21	23	22	23	23	22	23
LOC_568	20	20	18	18	18	16	16	18	19	16	16	16	16	19	18	18	16	16	16	18	18	18
LOC_569	17	17	17	17	17	16	16	17	17	16	16	16	16	16	16	17	17	16	16	17	17	17
LOC_570	19	19	20	20	20	19	20	20	20	19	19	19	19	20	18	18	19	19	19	19	21	19
LOC_571	17	19	17	19	17	17	18	20	18	18	17	19	18	17	15	18	18	18	18	19	17	17
LOC_572	17	17	15	15	17	17	17	17	17	17	17	17	17	17	17	17	17	17	16	17	20	17
LOC_573	19	18	19	18	19	19	19	18	19	20	20	19	19	19	17	19	21	19	19	18	19	19
LOC_574	20	19	19	19	22	22	22	24	23	24	21	21	22	24	20	20	24	20	21	19	19	21
LOC_575	20	20	18	17	17	19	19	18	18	20	17	19	21	18	18	19	20	20	21	17	18	17
LOC_576	18	20	18	18	19	18	18	19	19	17	18	18	18	19	18	18	18	18	18	19	19	18
LOC_577	13	12	10	11	12	12	12	11	12	13	12	12	12	12	12	12	12	12	12	12	12	12
LOC_578	16	14	14	14	14	16	16	14	14	18	17	16	16	14	14	13	16	16	16	14	13	14
LOC_579	21	22	20	20	20	21	20	20	20	19	19	19	19	19	20	19	19	19	19	19	20	20
LOC_580	14	14	14	14	17	14	14	14	14	14	14	14	14	15	14	14	17	12	15	14	12	14
LOC_581	19	20	19	19	16	16	16	17	17	19	18	18	20	18	18	17	20	19	19	19	19	18
LOC_582	18	18	18	18	18	18	18	18	18	18	18	18	17	21	21	20	17	16	17	18	18	18
LOC_583	13	14	14	15	14	16	16	11	15	17	17	16	17	17	17	17	17	17	17	14	14	14
LOC_584	20	20	20	20	20	21	21	21	21	21	20	21	21	20	21	20	20	19	20	20	20	20
LOC_585	14	14	14	14	15	15	15	15	15	15	15	15	15	14	14	14	15	15	15	14	14	14
LOC_586	22	20	19	19	18	20	20	19	19	20	19	21	20	20	19	19	20	20	20	19	19	20
LOC_587	12	12	12	12	12	12	12	11	11	12	13	13	13	13	11	11	13	12	12	12	12	12
LOC_588	30	26	25	24	24	30	31	24	22	27	25	27	27	29	25	26	26	27	25	29	28	28
LOC_589	8	8	8	8	8	8	8	8	8	8	7	8	8	8	8	8	8	8	9	8	8	8
LOC_590	14	15	14	14	15	14	14	15	15	16	14	15	16	13	14	14	16	16	16	17	17	14
LOC_591	17	17	17	17	17	17	17	17	17	17	17	17	17	17	18	16	16	17	15	17	17	17
LOC_592	12	12	11	11	11	12	12	11	11	12	11	7	12	12	12	13	11	15	12	13	13	11
LOC_593	14	14	14	14	14	15	15	14	14	16	15	15	15	14	14	14	15	15	15	14	14	14
LOC_594	25	26	29	26	26	26	25	28	29	25	26	25	28	25	27	26	24	24	26	28	26	26
LOC_595	18	18	18	16	19	18	19	20	24	18	18	17	17	18	21	20	17	17	18	19	19	18
LOC_596	25	25	25	25	26	26	26	26	26	24	26	25	22	24	25	25	21	23	23	25	28	26
LOC_597	19	18	18	18	19	20	21	19	18	19	19	19	21	20	20	20	19	20	20	21	21	20
LOC_598	25	20	22	21	22	22	23	25	23	23	21	24	24	19	21	20	23	22	23	21	21	21
LOC_599	24	26	29	27	26	28	26	26	26	25	25	25	24	25	25	31	23	25	27	25	25	29
LOC_600	23	22	28	27	29	25	25	26	27	23	28	24	22	23	23	23	23	24	23	24	24	26
LOC_601	15	14	19	14	14	13	13	14	14	13	13	13	13	13	13	13	13	13	13	17	14	14
LOC_602	16	14	14	14	14	14	15	15	15	14	14	14	14	14	14	12	14	14	14	14	14	14
LOC_603	19	19	17	17	17	19	19	17	17	20	18	18	19	19	19	16	17	20	19	17	17	17
LOC_604	26	25	27	25	27	22	22	28	28	23	22	24	27	24	23	24	21	20	21	26	27	26
LOC_605	23	21	23	25	23	21	21	21	21	23	23	24	23	23	23	24	23	21	21	24	23	23
LOC_606	15	15	14	14	14	15	14	14	14	14	13	13	14	14	14	14	14	14	14	13	13	14
LOC_607	18	18	18	23	20	20	20	20	21	20	22	21	21	19	18	18	19	19	19	15	18	19
LOC_608	22	21	24	23	24	21	21	24	23	22	18	18	24	22	23	21	23	23	23	23	23	24
LOC_609	31	29	28	28	29	31	34	31	33	28	29	28	30	32	33	30	26	28	28	28	29	30
LOC_610	16	16	16	15	16	18	16	16	16	17	16	16	18	16	17	17	17	17	17	14	17	16
LOC_611	22	22	22	23	22	21	20	22	23	22	19	20	23	22	22	22	24	23	23	21	21	22
LOC_612	15	16	16	16	16	12	12	15	15	12	11	12	12	14	14	14	12	12	12	15	15	15
LOC_613	27	26	26	26	26	27	24	30	27	23	26	25	23	24	28	23	21	23	22	27	27	27
LOC_614	27	28	27	31	28	27	26	30	29	25	27	27	24	28	27	28	25	27	24	28	27	29
LOC_615	19	19	17	18	18	20	20	18	18	21	20	20	22	20	20	20	21	23	21	20	19	18
LOC_616	23	23	23	22	22	22	23	23	22	24	23	23	26	23	25	23	26	26	26	23	22	22
LOC_617	33	31	31	32	30	28	29	31	30	28	29	30	26	27	27	26	28	30	29	29	30	29
LOC_618	18	17	21	21	19	17	18	19	19	17	18	18	17	16	17	17	19	18	19	20	19	19
LOC_619	21	21	21	21	21	24	24	20	22	24	25	25	24	22	22	21	24	24	24	21	21	21
LOC_620	24	24	24	23	23	23	24	25	26	25	24	24	21	24	24	25	23	22	22	24	24	24
LOC_621	24	24	27	26	24	26	26	27	27	24	25	23	24	26	26	25	24	24	24	24	23	25
LOC_622	23	23	22	19	24	21	22	22	22	21	20	21	21	21	23	21	19	20	20	25	23	23
LOC_623	23	24	23	23	25	23	23	22	23	20	24	24	21	23	23	23	24	23	23	23	23	23
LOC_624	20	20	21	21	19	21	20	20	19	19	21	20	20	20	20	21	20	21	20	20	20	20
LOC_625	14	14	14	14	14	14	14	15	15	16	14	14	16	14	14	14	16	16	17	14	14	14
LOC_626	16	16	15	15	15	17	17	18	18	17	16	16	17	16	15	16	16	16	16	16	16	16
LOC_627	14	14	14	14	14	16	16	15	14	16	15	16	16	16	16	16	16	17	16	14	14	14
LOC_628	16	16	17	17	17	17	17	17	17	17	17	17	15	17	18	18	17	16	17	19	17	17
LOC_629	22	22	24	23	22	23	23	22	23	23	23	23	23	23	22	23	23	25	26	22	22	20
LOC_630	17	17	13	13	16	17	16	16	16	17	17	17	17	18	19	16	17	18	17	18	17	16
LOC_631	19	19	18	19	19	21	25	18	19	22	20	18	20	18	18	18	21	18	21	18	17	19
LOC_632	16	16	15	15	15	16	16	16	15	16	16	16	15	16	16	16	16	16	16	16	14	16
LOC_633	20	20	20	20	20	20	20	19	20	20	20	20	20	21	20	18	22	20	20	20	19	20
LOC_634	22	18	20	23	19	22	20	21	20	22	21	21	18	21	21	21	17	17	17	23	25	22
LOC_635	18	18	18	18	19	18	15	18	18	20	18	19	17	18	18	18	19	19	19	18	18	18
LOC_636	17	18	16	17	19	16	18	19	19	17	17	17	17	17	17	17	16	17	17	17	14	17
LOC_637	15	15	15	15	15	16	16	14	16	15	15	15	15	15	17	16	15	17	17	15	18	15
LOC_638	18	18	18	18	19	18	18	18	18	18	18	18	18	19	19	19	18	19	18	18	18	18
LOC_639	26	26	24	23	26	26	26	26	27	25	28	27	24	27	28	25	25	26	22	23	24	24
LOC_640	19	19	20	20	20	22	24	19	19	22	20	18	23	20	20	21	23	23	23	20	20	20
LOC_641	20	20	21	20	20	20	20	22	19	20	20	20	20	19	19	19	20	19	19	20	21	20
LOC_642	25	26	26	28	27	27	27	26	28	28	29	29	25	23	26	27	29	28	27	25	26	28
LOC_643	21	21	22	22	21	24	20	23	23	21	20	20	21	21	22	22	21	21	23	21	21	22
LOC_644	22	24	21	20	23	20	19	22	22	19	21	21	21	21	21	18	21	21	21	22	21	22
LOC_645	18	18	21	18	18	18	18	13	16	18	16	17	18	17	18	19	18	18	18	18	18	18
LOC_646	16	17	16	16	16	17	17	14	16	15	15	15	15	16	17	18	15	15	15	16	16	16
LOC_647	14	14	14	13	14	14	14	14	14	14	14	14	14	13	13	11	14	14	14	14	14	14
LOC_648	15	12	14	14	15	16	15	15	15	15	15	15	17	15	16	15	16	16	16	15	15	15
LOC_649	16	16	17	17	17	15	15	16	17	15	16	16	15	16	16	16	15	18	18	16	18	17
LOC_650	23	22	25	25	25	22	22	23	25	25	23	23	25	22	21	22	23	23	23	22	25	24
LOC_651	15	15	15	15	14	15	15	15	15	18	15	15	16	15	16	16	17	17	17	15	15	15
LOC_652	16	16	18	17	19	16	16	19	19	16	16	16	16	16	16	19	16	17	16	16	15	16
LOC_653	24	25	25	24	23	25	24	23	24	24	25	23	24	26	26	26	25	26	25	24	24	24
LOC_654	22	24	20	21	22	22	21	22	20	23	21	21	23	21	21	24	24	23	24	21	21	21
LOC_655	27	25	23	24	22	23	25	22	22	25	24	24	24	23	25	28	26	25	25	24	25	24
LOC_656	15	15	16	15	15	14	14	16	15	14	17	14	14	14	14	14	14	13	15	15	15	15
LOC_657	14	14	16	16	16	14	14	16	17	14	14	14	14	14	14	14	14	14	14	14	14	16
LOC_658	29	29	25	26	23	27	23	25	23	23	24	23	26	22	22	24	26	26	26	23	24	25
LOC_659	17	17	18	18	21	18	18	20	19	20	18	18	18	18	17	18	18	18	18	18	18	18
LOC_660	16	16	16	17	16	16	15	16	16	18	17	16	18	17	17	17	18	18	18	16	16	16
LOC_661	9	9	9	9	9	11	11	9	9	11	11	11	11	11	9	11	11	11	11	9	9	9
LOC_662	16	16	17	17	17	16	16	17	17	16	16	16	18	16	14	14	15	16	16	16	16	16
LOC_663	17	17	20	23	18	20	20	18	18	20	18	18	19	17	17	17	22	20	19	17	18	18
LOC_664	25	25	24	24	25	21	22	23	24	21	23	23	22	24	24	24	22	26	23	23	23	26
LOC_665	12	12	12	12	12	11	11	12	12	11	13	12	11	12	12	12	11	11	11	12	12	12
LOC_666	23	22	26	25	24	26	25	23	24	24	25	26	24	27	27	27	25	29	26	25	24	23
LOC_667	17	17	17	17	17	17	17	17	17	17	17	17	16	17	17	17	16	16	18	17	17	17
LOC_668	20	19	20	20	20	21	21	20	19	20	20	20	20	20	20	21	21	21	21	20	20	20
LOC_669	23	23	22	21	25	23	23	23	23	23	22	22	23	21	24	22	23	25	22	22	22	23
LOC_670	14	14	13	13	13	15	15	13	13	15	17	15	15	15	15	15	15	15	15	14	14	14
LOC_671	16	16	16	16	16	16	16	16	15	16	16	16	16	16	17	16	16	16	16	16	16	16
LOC_672	21	22	20	24	21	22	22	23	23	22	23	23	20	22	22	22	19	20	20	20	21	21
LOC_673	21	22	21	21	24	20	20	17	20	20	20	20	20	21	21	21	21	21	21	21	22	21
LOC_674	21	22	21	21	21	21	21	21	21	21	22	22	23	22	21	22	20	21	21	23	19	21
LOC_675	18	18	17	18	19	17	17	18	18	22	18	17	18	18	18	18	19	19	19	18	18	18
LOC_676	23	20	21	22	20	19	18	20	21	19	20	21	17	23	19	20	17	19	19	21	19	20
LOC_677	17	17	16	16	16	16	16	16	16	16	14	14	16	18	19	18	16	16	16	16	16	16
LOC_678	20	19	20	20	20	18	18	20	19	20	20	19	19	19	19	21	21	22	22	20	19	20
LOC_679	17	16	16	16	16	16	16	15	15	16	16	16	17	16	16	16	17	18	17	16	16	15
LOC_680	18	19	19	17	20	17	18	16	18	19	18	18	19	18	17	14	18	18	18	18	18	18
LOC_681	16	16	16	16	16	17	17	16	16	16	16	16	16	16	18	18	16	16	16	16	17	16
LOC_682	15	13	15	14	15	14	14	15	15	17	14	15	18	15	15	15	17	17	17	15	15	14
LOC_683	21	21	23	21	23	21	21	22	23	22	21	20	20	22	21	21	21	21	21	20	21	22
LOC_684	29	30	26	29	29	34	31	27	28	29	31	31	29	27	25	28	26	27	29	30	28	28
LOC_685	22	22	23	22	23	24	24	20	20	27	23	25	29	24	24	24	25	25	24	23	23	23
LOC_686	18	18	17	17	17	16	16	17	17	16	15	15	16	16	16	18	16	16	16	17	18	17
LOC_687	20	22	21	21	20	22	22	20	20	24	22	22	22	22	22	22	21	21	22	21	21	21
LOC_688	23	24	22	22	24	22	23	24	23	23	23	23	22	23	25	26	23	23	23	24	26	24
LOC_689	24	23	26	23	20	23	24	21	21	23	24	24	23	21	21	21	24	24	23	23	23	23
LOC_690	21	21	21	20	21	26	26	19	20	23	23	23	26	22	23	22	26	23	24	22	22	21
LOC_691	20	20	21	21	20	22	23	20	20	21	22	21	19	19	19	19	20	20	20	20	23	20
LOC_692	20	20	19	20	21	20	20	21	21	22	20	20	22	21	21	22	24	21	21	19	19	19
LOC_693	19	19	19	19	19	17	17	17	19	17	19	19	17	19	20	19	16	16	16	19	19	19
LOC_694	16	16	16	16	17	15	15	17	17	14	16	16	14	16	15	16	14	15	14	16	17	16
LOC_695	17	17	17	16	17	17	15	17	17	17	16	16	17	17	17	17	14	16	16	18	17	17
LOC_696	23	23	23	21	23	22	23	24	22	23	24	24	24	24	24	24	24	24	26	23	21	23
LOC_697	25	24	21	22	21	25	27	21	21	22	21	21	24	23	23	24	24	25	25	25	25	22
LOC_698	26	31	28	28	20	25	28	25	27	27	29	29	27	27	24	26	26	27	30	31	30	28
LOC_699	15	15	15	15	16	14	14	18	20	14	14	14	16	15	15	15	16	15	15	15	15	15
LOC_700	17	18	17	17	17	22	17	17	17	19	17	17	18	17	17	17	18	18	18	17	17	17
LOC_701	18	18	16	16	16	17	17	16	16	18	17	16	17	16	16	16	19	20	19	17	17	16
LOC_702	23	22	21	21	21	19	20	22	21	18	20	20	18	22	22	22	21	19	19	23	22	21
LOC_703	31	33	29	29	27	27	24	31	31	27	27	28	27	29	31	29	28	28	27	29	28	29
LOC_704	29	27	26	26	31	28	33	30	29	32	30	28	28	30	30	28	26	31	29	29	32	28
LOC_705	18	19	18	18	19	20	20	20	19	19	19	20	20	21	22	21	17	19	20	18	18	19
LOC_706	22	22	21	21	22	22	22	22	22	20	21	20	22	22	20	19	22	25	22	21	21	21
LOC_707	19	19	17	17	21	15	17	18	18	17	18	17	17	18	18	18	18	18	18	21	21	18
LOC_708	28	27	27	29	30	27	31	25	27	27	27	26	28	29	24	26	28	27	26	25	30	30
LOC_709	30	30	26	26	29	28	28	31	31	27	29	27	26	32	33	32	26	27	25	29	31	29
LOC_710	22	20	22	23	21	20	21	21	22	20	19	19	20	19	19	20	19	19	18	20	20	20
LOC_711	12	12	13	12	12	12	12	18	13	12	12	12	12	12	11	12	13	12	12	12	12	12
LOC_712	23	23	23	23	25	21	21	25	25	21	21	21	22	23	22	22	22	20	21	24	28	23
LOC_713	27	26	24	22	25	24	24	27	28	23	23	23	25	24	23	24	22	22	22	25	24	23
LOC_714	15	15	15	15	15	15	16	17	17	16	15	15	15	17	15	15	15	15	15	16	16	15
LOC_715	14	15	16	15	16	17	17	17	17	17	17	17	17	17	17	17	16	16	16	17	17	16
LOC_716	30	25	29	26	28	28	30	28	28	29	27	29	29	27	27	26	32	33	33	29	27	28
LOC_717	33	31	28	30	30	28	29	31	33	29	31	30	30	31	32	34	28	27	28	29	28	30
LOC_718	19	20	17	17	17	17	17	17	17	17	18	18	17	17	18	18	17	19	19	20	19	17
LOC_719	26	24	26	26	26	26	25	26	29	26	28	29	26	27	26	27	22	22	20	27	28	29
LOC_720	29	27	33	33	31	31	33	29	29	32	32	32	29	30	28	30	32	30	33	34	27	30
LOC_721	26	27	30	27	29	27	26	26	26	28	25	25	25	28	31	26	29	27	26	27	27	28
LOC_722	17	17	17	16	16	16	16	15	16	14	16	16	16	14	14	14	16	16	16	17	16	16
LOC_723	21	19	21	20	23	23	21	19	19	22	25	23	22	21	22	21	21	22	24	21	20	21
LOC_724	31	29	29	28	27	26	26	29	25	30	26	28	29	28	28	27	34	30	31	28	28	28
LOC_725	17	17	22	18	22	17	17	22	21	16	18	18	16	20	18	18	17	18	17	17	17	19
LOC_726	23	21	22	22	23	19	21	24	24	22	23	24	22	26	26	25	21	21	19	24	23	23
LOC_727	23	23	21	23	21	17	17	21	21	16	17	17	16	19	21	21	16	17	16	22	22	21
LOC_728	18	17	18	18	18	19	19	19	19	18	18	18	18	19	18	18	18	15	15	17	17	18
LOC_729	30	27	27	28	26	26	26	28	32	30	28	26	28	28	28	30	26	26	26	30	31	27
LOC_730	29	32	29	30	27	25	25	27	28	22	29	27	23	33	28	28	22	25	25	31	31	30
LOC_731	23	23	27	28	28	21	23	28	29	26	25	25	27	25	24	23	28	28	29	24	22	27
LOC_732	15	16	19	19	18	16	18	17	19	16	16	16	16	17	17	17	16	16	16	16	18	17
LOC_733	22	23	22	22	20	22	22	20	19	22	22	22	22	21	23	22	22	23	23	22	22	22
LOC_734	30	28	30	31	30	26	24	28	29	28	23	25	27	26	29	28	26	25	25	25	27	27
LOC_735	30	30	28	29	27	30	28	30	29	30	30	28	29	28	28	28	27	28	29	30	28	28
LOC_736	20	21	18	20	20	21	21	20	20	20	22	22	21	20	19	21	21	20	20	19	21	20
LOC_737	24	23	17	17	17	18	19	17	17	19	22	22	20	20	19	19	21	19	19	22	22	17
LOC_738	25	25	28	28	28	24	24	32	27	22	23	24	24	30	32	32	24	24	25	31	30	27
LOC_739	16	16	16	16	16	17	17	17	16	17	21	17	17	16	16	16	17	15	17	16	16	16
LOC_740	18	21	21	21	18	17	17	20	20	18	19	18	18	20	21	21	18	20	18	21	21	21
LOC_741	24	25	27	27	26	20	23	25	23	22	25	25	23	23	23	22	25	23	22	26	23	25
LOC_742	22	22	23	22	22	23	22	22	23	22	22	22	21	22	22	22	22	22	22	23	22	22
LOC_743	20	21	20	20	20	19	21	20	19	20	20	20	20	20	20	19	21	20	20	20	19	20
LOC_744	14	14	14	14	14	15	15	14	14	15	15	15	13	14	15	15	13	14	14	14	14	14
LOC_745	16	18	16	16	16	18	18	16	16	16	19	19	18	15	16	16	19	19	19	15	15	16
LOC_746	27	27	25	26	26	24	25	30	26	24	24	25	25	24	26	27	24	25	26	28	28	28
LOC_747	17	17	16	16	16	16	16	16	16	16	17	18	16	16	17	17	16	16	16	18	16	16
LOC_748	14	14	15	15	15	14	15	17	17	16	17	16	17	15	14	15	17	16	16	14	14	15
LOC_749	21	23	22	22	23	20	19	21	21	19	18	18	20	21	21	21	17	20	18	24	26	21
LOC_750	22	21	20	22	21	20	21	23	22	20	20	19	21	21	21	21	23	23	23	22	21	22
LOC_751	19	19	19	19	18	21	22	20	19	20	22	21	21	20	18	19	21	21	21	17	18	18
LOC_752	21	23	25	25	23	22	23	25	23	23	25	25	23	25	26	26	24	25	28	24	23	23
LOC_753	22	22	23	21	20	21	22	20	20	21	22	22	22	22	23	21	22	23	24	22	22	22
LOC_754	28	24	26	25	27	22	25	27	26	26	28	26	24	28	28	25	24	23	23	26	26	27
LOC_755	16	15	16	16	15	17	17	15	15	17	17	17	16	16	16	16	17	17	17	16	16	16
LOC_756	16	16	16	16	16	17	17	16	16	22	16	16	21	18	19	18	20	20	20	16	16	16
LOC_757	18	16	16	17	16	13	13	16	16	13	13	13	13	12	12	12	13	13	13	16	16	16
LOC_758	13	13	13	13	13	13	13	12	13	13	13	13	13	13	13	13	13	13	13	14	13	13
LOC_759	21	21	19	19	19	16	16	19	19	17	18	18	17	20	18	19	17	17	18	19	19	19
LOC_760	16	16	16	16	16	17	18	19	19	16	16	17	17	18	16	16	20	17	16	16	16	16
LOC_761	20	20	20	20	20	20	20	20	20	21	21	21	20	20	21	21	22	20	20	20	20	20
LOC_762	16	17	16	16	18	15	15	18	18	15	16	16	15	16	16	16	15	15	15	16	15	16
LOC_763	23	23	25	24	25	31	31	26	22	30	29	26	30	29	26	26	27	26	25	22	22	26
LOC_764	22	22	22	22	22	30	29	22	23	27	26	26	27	24	24	24	27	28	27	21	20	22
LOC_765	29	28	27	28	25	29	29	25	26	28	29	30	29	30	31	29	31	28	28	31	26	27
LOC_766	13	13	15	16	16	14	14	17	18	14	13	13	14	14	14	14	14	14	14	15	15	15
LOC_767	18	16	18	19	19	18	19	19	19	19	17	18	20	18	18	18	20	20	20	16	16	18
LOC_768	25	25	29	28	27	24	25	27	27	23	24	23	24	25	26	29	25	22	24	25	24	26
LOC_769	21	20	23	24	24	23	23	26	25	21	23	24	23	23	21	22	21	21	21	22	22	25
LOC_770	26	28	24	24	24	28	26	25	26	27	25	24	30	27	30	32	29	29	29	27	25	26
LOC_771	22	23	25	25	25	23	23	27	26	22	23	24	24	20	24	24	24	25	25	23	22	23
LOC_772	21	21	21	21	21	23	26	24	22	22	21	21	21	21	21	21	23	21	21	20	21	21
LOC_773	16	16	16	16	16	15	15	16	16	15	16	16	15	17	16	16	11	11	11	16	16	16
LOC_774	26	26	24	25	24	24	23	23	23	23	25	24	24	27	25	26	24	22	22	26	26	25
LOC_775	20	22	20	20	21	19	19	21	20	19	19	19	19	19	20	18	20	19	19	22	21	20
LOC_776	21	22	20	19	20	18	18	21	19	18	18	18	20	21	19	21	19	19	19	21	22	21
LOC_777	23	25	27	26	25	23	24	25	26	25	25	25	27	24	25	26	26	27	28	26	27	26
LOC_778	16	15	16	16	16	15	16	16	17	15	15	15	15	16	16	16	15	15	15	16	16	16
LOC_779	18	20	23	23	21	20	20	21	21	20	23	23	21	20	20	20	22	20	22	20	20	20
LOC_780	24	26	29	27	28	26	27	26	27	25	26	24	27	26	29	27	28	26	27	26	28	26
LOC_781	24	25	24	23	24	26	27	28	30	26	24	25	28	25	22	25	29	31	29	25	25	26
LOC_782	14	14	14	14	15	14	14	14	14	14	14	14	14	15	14	16	14	15	14	14	14	14
LOC_783	27	27	29	29	27	23	24	28	28	24	26	24	24	25	25	25	26	26	26	27	27	26
LOC_784	25	25	23	24	26	26	25	26	27	24	25	24	23	25	27	24	22	21	22	26	25	26
LOC_785	23	25	24	25	25	22	21	27	26	24	23	23	24	22	22	21	23	24	24	25	24	24
LOC_786	27	26	26	27	25	29	28	26	25	28	28	27	30	26	25	26	29	28	27	24	23	26
LOC_787	20	20	21	21	21	20	20	21	20	20	21	20	20	19	19	19	19	19	19	19	19	21
LOC_788	25	24	25	25	27	27	26	25	25	26	25	24	25	25	23	27	27	24	24	28	27	26
LOC_789	15	18	19	19	19	19	19	18	18	19	17	18	20	19	19	19	19	21	21	18	18	18
LOC_790	26	25	26	29	27	24	24	27	27	24	23	24	24	24	21	24	25	22	26	26	25	26
LOC_791	24	27	23	24	27	28	27	26	26	28	29	29	28	25	27	27	29	30	26	26	26	26
LOC_792	16	15	16	16	16	15	17	16	16	16	16	16	16	16	16	15	16	15	16	16	16	16
LOC_793	20	20	20	19	19	19	19	19	19	20	19	19	20	19	19	19	20	21	20	20	19	19
LOC_794	20	20	19	18	21	20	20	20	20	19	21	19	19	19	16	17	19	19	19	20	20	20
LOC_795	21	21	23	22	23	22	23	24	23	23	25	24	22	24	23	20	24	23	23	23	23	21
LOC_796	18	18	16	17	16	22	21	17	16	22	20	20	21	18	19	20	21	21	21	18	18	18
LOC_797	23	24	25	29	26	31	29	26	28	29	29	30	29	28	28	30	30	29	28	26	25	27
LOC_798	29	29	30	29	25	33	31	24	26	33	29	28	34	26	25	25	31	30	32	28	29	26
LOC_799	28	28	24	24	24	25	26	24	24	27	28	30	28	24	26	28	28	28	27	25	28	26
LOC_800	9	9	9	9	9	11	12	9	9	10	9	9	10	9	10	9	10	10	10	9	9	9
LOC_801	27	29	26	26	25	25	24	25	28	26	22	22	25	25	25	24	24	26	27	24	27	26
LOC_802	27	27	27	28	26	23	24	25	24	22	23	25	25	24	24	25	22	22	22	27	27	26
LOC_803	20	20	19	19	20	22	19	20	20	20	20	20	18	20	20	22	20	21	16	20	20	20
LOC_804	17	16	15	16	15	19	19	16	15	16	16	16	16	16	16	16	16	16	16	17	16	16
LOC_805	16	16	16	16	16	16	16	16	16	16	16	16	17	16	17	16	17	16	17	16	17	16
LOC_806	17	17	17	17	17	17	16	17	17	16	17	18	17	18	18	18	16	16	16	17	17	17
LOC_807	15	18	16	16	17	17	17	17	17	17	17	17	19	16	16	16	17	17	17	16	18	16
LOC_808	17	18	19	19	21	19	19	18	18	18	22	23	20	19	20	19	20	20	20	18	18	20
LOC_809	25	27	26	26	26	28	27	24	24	30	26	28	28	27	27	25	28	26	28	26	26	26
LOC_810	16	16	17	18	17	17	17	16	17	18	17	18	15	17	17	17	17	17	17	17	17	17
LOC_811	19	19	17	17	18	19	19	18	18	17	19	19	17	19	19	20	17	17	17	19	19	19
LOC_812	19	19	19	19	19	19	19	19	18	19	19	21	19	19	19	19	20	20	20	19	19	19
LOC_813	27	26	24	24	25	28	27	26	28	26	27	26	26	25	25	25	24	24	24	28	27	26
LOC_814	27	26	24	24	23	24	26	24	24	26	23	27	26	28	24	23	27	28	26	29	29	26
LOC_815	24	25	26	27	29	25	24	27	28	26	25	25	26	24	24	23	27	26	27	26	26	26
LOC_816	14	14	17	17	16	14	14	15	16	14	14	14	14	13	14	14	15	14	14	14	14	16
LOC_817	22	22	23	22	26	23	24	21	22	22	22	22	23	23	22	23	22	23	23	22	22	22
LOC_818	21	22	25	25	26	21	21	25	26	21	22	21	18	23	23	26	19	19	18	24	24	25
LOC_819	7	7	7	7	7	7	7	7	7	7	7	7	8	7	7	7	9	8	8	7	7	7
LOC_820	16	16	16	16	17	16	16	18	18	16	16	16	16	16	16	16	16	16	16	16	16	16
LOC_821	26	30	28	29	33	25	27	30	31	29	26	26	27	26	26	29	28	26	27	25	25	28
LOC_822	25	26	25	24	25	27	24	27	26	22	23	24	22	25	25	26	22	21	21	22	28	25
LOC_823	15	15	16	14	15	18	18	15	15	16	16	16	18	15	15	15	16	16	16	15	15	15
LOC_824	21	21	23	21	21	24	23	21	18	23	22	23	21	21	21	22	22	22	22	21	24	21
LOC_825	24	26	23	23	26	25	23	24	23	23	24	24	26	24	24	23	25	30	27	24	26	25
LOC_826	17	17	18	18	18	20	20	18	18	20	20	19	19	17	17	17	19	18	18	18	17	18
LOC_827	21	21	21	21	22	20	20	21	22	20	20	20	20	19	19	18	20	21	21	21	21	21
LOC_828	20	20	18	18	19	21	19	19	19	19	19	19	19	19	19	19	20	19	19	17	20	19
LOC_829	17	16	17	17	17	17	17	16	16	17	17	17	17	17	17	17	19	18	18	17	16	16
LOC_830	24	26	25	27	23	25	27	28	27	26	25	26	24	26	24	23	26	26	25	26	27	25
LOC_831	26	25	25	23	23	28	27	23	23	26	28	30	27	25	29	26	28	25	25	26	25	25
LOC_832	16	16	16	17	16	17	17	17	16	17	17	17	17	17	17	17	18	17	17	16	16	16
LOC_833	13	13	14	14	14	13	13	14	14	13	13	13	14	13	13	13	13	13	13	12	12	14
LOC_834	21	21	21	21	20	21	21	18	18	18	21	22	19	21	21	21	19	19	19	20	18	21
LOC_835	23	24	27	26	23	27	26	23	23	27	23	24	25	25	23	26	24	26	27	23	24	25
LOC_836	16	16	15	15	15	16	16	15	15	16	17	16	17	16	16	16	17	17	17	16	16	15
LOC_837	12	12	12	12	12	12	12	12	12	12	12	12	12	12	10	13	12	12	12	12	12	12
LOC_838	25	25	23	23	22	22	21	23	23	22	24	22	22	22	24	24	23	22	20	24	23	23
LOC_839	18	19	18	18	18	19	20	18	18	20	18	20	20	19	19	19	20	20	20	19	19	18
LOC_840	24	20	21	21	23	20	21	24	23	20	21	20	20	20	20	20	22	22	22	21	21	20
LOC_841	15	15	14	14	14	14	14	15	14	14	14	14	13	15	15	15	14	14	14	14	14	14
LOC_842	24	25	26	26	25	25	26	25	26	23	24	22	23	24	25	25	21	21	20	24	24	25
LOC_843	19	18	17	17	17	18	18	18	18	19	18	17	20	18	18	18	19	20	21	18	18	17
LOC_844	25	26	26	24	25	26	28	25	25	24	28	26	29	25	28	29	26	26	22	26	25	26
LOC_845	27	26	25	26	24	30	29	25	25	28	28	26	29	29	28	29	28	28	30	26	27	25
LOC_846	18	19	18	18	18	17	17	18	17	16	19	18	16	19	19	21	16	17	16	19	17	18
LOC_847	26	27	25	26	28	27	26	29	26	27	29	29	26	24	22	22	27	28	27	27	26	25
LOC_848	19	21	19	18	19	18	18	19	19	18	18	18	18	19	21	21	19	19	19	20	20	19
LOC_849	24	23	26	26	24	24	24	27	25	24	25	25	24	25	25	25	23	20	20	24	24	25
LOC_850	17	17	17	17	17	18	20	17	18	20	16	16	20	15	16	16	18	22	22	13	14	17
LOC_851	27	26	23	23	24	21	22	23	23	22	23	22	22	25	21	22	23	22	22	25	25	23
LOC_852	15	15	16	17	16	14	15	16	16	16	15	15	16	15	15	15	17	17	18	15	15	15
LOC_853	25	25	26	25	24	34	34	24	24	29	30	30	33	27	29	30	32	31	34	26	25	25
LOC_854	23	24	24	24	23	26	26	27	25	25	26	25	26	25	25	25	27	24	26	24	26	25
LOC_855	18	18	19	19	19	19	18	19	19	18	18	18	17	18	19	19	17	18	15	18	18	18
LOC_856	27	27	26	26	28	25	24	27	26	24	25	25	24	24	25	25	24	24	24	27	28	26
LOC_857	27	27	28	29	29	28	27	27	28	26	28	28	32	27	28	27	30	29	27	29	31	29
LOC_858	14	14	14	14	14	13	13	14	14	14	14	14	14	12	12	12	14	14	14	14	14	14
LOC_859	14	14	14	15	15	16	14	15	15	17	14	15	15	14	14	13	15	15	15	16	14	14
LOC_860	24	24	22	22	23	26	25	22	24	22	23	22	22	26	25	26	22	23	23	24	22	22
LOC_861	17	17	17	17	18	18	18	18	17	23	18	18	21	18	20	18	22	21	22	17	16	17
LOC_862	16	16	14	14	15	15	15	13	13	14	15	15	14	15	14	15	14	13	14	15	15	15
LOC_863	21	20	21	21	21	21	23	21	20	22	22	21	22	20	21	20	21	21	21	20	20	20
LOC_864	25	26	23	23	24	20	20	23	22	21	22	23	21	25	24	24	20	22	22	25	25	24
LOC_865	24	25	24	24	27	28	27	26	28	28	28	28	27	26	27	27	29	28	28	25	25	25
LOC_866	23	23	26	23	25	26	26	25	26	25	27	23	24	27	27	27	26	29	30	22	23	25
LOC_867	18	18	18	20	18	18	17	18	18	19	21	19	19	19	19	19	19	18	19	18	19	18
LOC_868	28	26	24	24	26	31	31	24	23	31	25	26	29	29	28	30	30	30	29	27	29	25
LOC_869	20	23	21	22	21	21	22	21	21	20	21	20	21	22	23	22	22	22	22	20	21	21
LOC_870	11	11	13	12	15	11	11	13	13	11	10	10	11	13	13	13	11	11	12	11	11	13
LOC_871	14	15	14	14	14	14	14	14	14	14	14	14	14	14	14	14	14	14	14	14	14	14
LOC_872	23	23	25	25	28	23	23	25	26	22	24	23	21	21	24	23	21	21	21	24	24	25
LOC_873	13	16	18	18	17	16	16	17	17	16	17	17	16	17	17	17	16	16	16	16	16	17
LOC_874	24	22	24	24	24	24	25	24	24	24	23	24	25	23	23	23	26	26	26	20	20	24
LOC_875	18	18	18	20	18	19	19	18	18	19	18	17	19	15	16	16	21	20	19	18	18	18
LOC_876	17	17	17	17	17	17	15	17	17	17	17	17	19	17	17	17	16	17	17	17	17	17
LOC_877	24	26	26	25	25	25	25	26	27	24	25	25	26	26	27	29	23	24	24	25	25	25
LOC_878	23	23	23	25	25	25	25	25	25	27	26	26	26	27	27	27	27	26	28	26	25	25
LOC_879	28	27	24	23	23	21	26	24	24	26	27	30	24	28	28	27	24	25	25	27	29	25
LOC_880	26	25	25	22	26	29	27	24	24	27	26	23	27	28	27	27	28	27	27	26	28	25
LOC_881	17	17	17	17	17	18	17	17	17	17	20	18	17	16	16	16	18	20	18	16	16	17
LOC_882	20	20	20	20	20	20	20	19	20	20	20	20	19	20	20	20	21	20	20	22	18	20
LOC_883	25	26	24	23	24	25	24	23	24	24	24	24	25	25	26	25	24	27	26	28	27	25
LOC_884	15	15	15	15	15	15	15	15	15	15	15	15	16	15	16	15	15	15	15	17	15	15
LOC_885	18	17	16	16	16	18	18	16	16	18	17	17	18	17	16	15	18	18	18	19	17	17
LOC_886	30	29	26	26	29	25	26	29	29	25	24	24	24	27	28	28	25	26	26	27	26	25
LOC_887	26	24	24	21	26	29	28	26	26	28	27	26	27	26	25	24	25	24	24	25	23	25
LOC_888	23	24	25	23	24	25	25	27	24	25	22	22	23	24	25	25	22	23	23	21	22	25
LOC_889	25	25	23	23	28	22	23	22	26	23	22	23	23	21	22	23	23	22	23	22	23	23
LOC_890	19	19	23	22	21	22	23	20	22	23	22	25	24	24	22	23	23	23	23	20	20	22
LOC_891	24	23	25	24	23	25	25	23	24	25	25	24	25	25	23	25	24	24	25	24	24	25
LOC_892	23	23	23	23	26	25	25	23	24	25	26	25	29	23	19	21	28	27	28	23	23	22
LOC_893	19	19	19	20	20	18	18	18	18	19	19	19	18	19	19	19	18	18	18	19	19	19
LOC_894	24	26	20	20	20	20	20	20	20	20	20	19	20	21	22	22	20	19	22	24	22	18
LOC_895	24	24	25	25	24	20	20	24	28	25	25	24	24	24	23	24	24	25	26	24	23	24
LOC_896	26	25	26	25	25	24	24	24	20	23	23	23	23	25	26	24	22	22	22	27	26	25
LOC_897	15	15	16	16	17	15	15	17	15	15	16	16	15	15	18	14	15	15	16	15	17	17
LOC_898	24	24	26	25	22	23	24	23	22	24	24	24	24	24	26	26	24	25	25	25	26	25
LOC_899	22	24	25	25	26	26	23	30	25	24	27	26	25	26	27	27	26	25	24	24	24	25
LOC_900	25	23	24	25	27	27	27	23	23	24	22	24	25	24	23	23	24	23	24	22	22	24
LOC_901	25	24	26	24	24	28	28	23	24	29	27	25	29	28	31	31	25	27	27	25	22	25
LOC_902	23	25	21	24	22	27	27	21	24	25	25	26	25	24	23	24	24	24	25	23	25	23
LOC_903	28	24	23	23	22	25	26	22	22	26	27	28	26	26	24	25	27	26	23	28	27	25
LOC_904	15	14	14	14	15	14	14	15	15	17	14	14	17	14	16	14	18	17	15	14	14	14
LOC_905	24	26	23	24	24	21	21	22	27	21	21	20	21	28	28	28	21	19	22	26	24	25
LOC_906	15	15	15	16	15	14	14	15	15	14	14	14	14	14	14	14	14	14	14	15	15	15
LOC_907	18	19	17	18	18	21	21	18	18	20	19	19	20	19	18	20	20	21	21	18	18	18
LOC_908	22	22	24	23	23	22	21	25	27	24	21	23	25	21	22	22	25	25	24	22	22	22
LOC_909	24	24	26	25	25	23	24	25	25	25	22	22	22	25	26	27	26	22	24	26	27	25
LOC_910	17	17	17	17	16	17	17	15	16	18	17	16	17	17	18	19	20	19	20	16	16	17
LOC_911	20	22	19	19	19	21	20	19	19	20	21	21	20	18	17	16	20	20	20	20	20	19
LOC_912	11	11	9	9	11	11	11	11	11	11	11	11	11	11	11	11	11	14	10	11	11	11
LOC_913	18	18	19	20	18	19	20	18	18	20	19	18	20	20	18	18	19	19	19	18	18	18
LOC_914	24	25	27	26	30	24	23	27	26	23	24	24	23	26	24	23	24	22	23	26	22	25
LOC_915	23	22	23	24	25	21	23	23	24	24	23	23	27	27	26	25	29	23	25	25	26	25
LOC_916	19	17	18	18	18	19	20	19	19	19	20	20	20	19	22	20	18	17	18	19	15	18
LOC_917	16	14	15	15	15	17	16	15	15	16	16	16	18	18	18	18	17	17	16	14	14	15
LOC_918	16	16	16	16	16	17	17	16	16	17	16	16	17	16	17	17	17	17	17	18	18	16
LOC_919	16	14	15	15	15	14	14	15	15	15	14	14	15	14	14	14	15	15	15	15	14	14
LOC_920	15	18	16	15	16	17	18	14	17	18	19	19	18	18	19	18	19	19	19	18	18	18
LOC_921	16	16	17	16	16	17	18	16	16	17	17	17	17	16	16	16	18	17	17	16	19	16
LOC_922	23	23	21	21	21	22	21	21	23	22	23	21	22	22	22	22	22	22	22	23	22	22
LOC_923	24	26	25	25	22	29	30	24	23	25	32	29	28	24	27	24	29	29	28	23	23	25
LOC_924	25	24	25	25	25	26	25	25	23	26	26	25	27	25	25	25	27	25	26	24	25	25
LOC_925	14	14	14	14	13	14	14	13	13	14	15	15	14	14	14	14	14	14	14	14	14	14
LOC_926	24	26	27	26	25	23	21	24	26	23	22	23	23	25	25	24	23	24	22	24	24	25
LOC_927	22	23	25	25	23	25	24	26	28	26	24	24	25	26	25	24	25	25	24	24	23	25
LOC_928	25	24	24	26	26	25	24	24	26	25	28	26	25	25	25	27	24	23	24	24	24	25
LOC_929	16	17	17	16	19	15	12	17	16	15	15	15	15	15	15	15	16	15	15	16	16	15
LOC_930	10	10	10	10	10	10	10	10	10	11	11	11	11	10	10	10	11	11	11	10	10	10
LOC_931	23	21	25	23	22	24	22	21	23	19	23	23	21	19	20	20	21	21	21	19	20	24
LOC_932	22	24	24	25	25	25	25	23	25	24	24	25	23	22	22	23	25	24	23	23	23	24
LOC_933	29	29	23	27	23	26	25	22	21	24	24	24	23	24	24	24	23	25	24	28	26	24
LOC_934	23	22	24	25	24	24	23	24	24	23	23	22	23	22	24	24	23	24	22	23	23	24
LOC_935	16	15	17	17	17	16	18	17	17	18	19	18	19	19	19	19	19	18	18	17	16	17
LOC_936	22	22	24	24	24	23	22	26	24	24	25	23	25	22	22	22	23	23	23	21	22	23
LOC_937	23	23	23	23	24	24	24	26	27	25	24	24	24	24	25	24	22	22	20	26	25	24
LOC_938	18	18	15	15	17	18	17	18	18	19	22	17	18	17	16	17	18	18	18	17	17	17
LOC_939	18	21	19	19	19	18	18	22	19	19	19	20	19	19	20	19	22	23	23	20	21	19
LOC_940	20	20	19	19	19	17	17	19	19	17	20	19	17	19	19	19	17	17	19	19	20	19
LOC_941	14	14	13	13	13	14	14	13	13	14	14	14	14	14	14	15	14	14	14	15	15	14
LOC_942	25	25	25	24	25	21	21	24	24	23	23	22	25	25	23	24	25	23	22	21	28	24
LOC_943	22	23	19	19	19	20	20	19	20	21	19	20	21	21	20	21	21	20	20	22	24	20
LOC_944	17	17	19	19	19	16	16	19	19	15	16	16	16	17	16	16	16	15	15	17	19	18
LOC_945	15	15	18	17	16	18	18	14	17	18	18	17	19	17	17	17	18	19	18	14	14	17
LOC_946	23	24	26	25	24	25	24	23	24	25	26	26	24	24	25	24	25	25	24	24	25	24
LOC_947	25	24	27	26	26	25	24	25	26	25	23	25	25	23	23	22	26	26	22	25	23	24
LOC_948	21	21	17	19	21	21	21	22	20	21	20	20	20	19	24	21	20	20	20	20	20	20
LOC_949	23	23	23	23	23	24	22	24	24	22	23	23	23	22	22	22	24	23	23	23	23	23
LOC_950	25	25	24	25	23	30	28	26	25	28	25	25	30	26	26	25	27	27	26	25	25	24
LOC_951	19	19	20	20	20	21	20	20	20	21	18	21	18	20	20	20	21	21	21	19	19	20
LOC_952	19	19	20	19	20	18	18	19	20	18	20	21	18	19	23	24	18	18	18	19	19	20
LOC_953	19	21	23	23	24	24	23	24	24	22	23	22	22	23	21	23	23	23	23	23	23	24
LOC_954	21	22	25	23	25	25	23	24	25	21	22	22	24	22	22	22	25	24	24	19	22	22
LOC_955	25	26	23	23	25	23	23	24	24	22	21	24	24	24	24	24	23	24	22	24	23	24
LOC_956	24	24	24	22	24	25	28	25	25	28	27	29	26	23	21	23	25	25	23	25	24	24
LOC_957	23	23	24	24	24	22	24	26	26	23	25	25	24	23	22	23	23	23	26	23	23	24
LOC_958	19	19	17	17	17	16	16	17	17	16	16	16	16	16	16	16	16	16	16	17	18	16
LOC_959	18	19	15	17	18	18	19	16	16	19	19	19	19	18	18	18	19	19	19	18	18	18
LOC_960	26	25	23	24	23	24	26	24	24	25	26	26	25	24	25	24	24	24	23	23	23	24
LOC_961	27	27	24	25	23	25	24	21	21	25	25	25	25	25	27	27	26	27	26	30	29	25
LOC_962	22	23	24	24	24	24	25	23	23	27	23	24	26	23	22	22	29	27	26	24	24	24
LOC_963	26	25	25	26	23	25	27	24	24	26	23	24	23	24	24	24	26	24	25	26	24	24
LOC_964	13	15	16	17	16	14	14	16	16	14	14	14	13	15	14	14	14	14	14	14	14	16
LOC_965	22	23	23	24	23	23	23	23	23	21	22	22	22	23	23	24	22	22	22	23	22	23
LOC_966	20	20	17	17	17	19	20	17	17	21	20	20	20	21	21	21	18	20	20	19	19	20
LOC_967	23	24	24	24	24	25	25	25	27	26	23	24	25	22	23	24	23	25	25	23	23	24
LOC_968	23	23	25	25	22	24	26	22	23	27	25	25	25	24	24	24	23	23	23	22	23	24
LOC_969	16	17	19	19	18	16	16	18	18	16	18	16	16	18	17	17	15	15	15	16	16	18
LOC_970	21	20	19	19	19	19	19	19	19	19	20	20	19	20	22	21	19	19	21	19	19	19
LOC_971	23	23	24	24	29	21	21	27	25	22	24	23	21	24	22	25	21	21	21	23	23	24
LOC_972	24	24	22	24	23	28	27	22	23	26	29	27	26	23	23	24	26	27	27	23	24	24
LOC_973	27	28	31	29	29	27	28	25	23	28	30	28	26	28	28	28	29	28	28	30	29	30
LOC_974	14	15	15	14	14	17	15	14	14	15	14	14	14	14	14	14	14	14	14	16	16	14
LOC_975	14	14	15	14	14	14	14	14	14	15	14	14	15	14	14	14	15	16	15	14	14	14
LOC_976	24	25	27	28	25	33	28	27	29	32	28	31	29	30	28	28	29	34	32	26	26	29
LOC_977	19	16	17	18	17	17	17	18	16	17	17	16	17	14	17	17	17	17	17	18	15	17
LOC_978	17	16	17	16	17	18	18	17	17	19	16	17	20	18	19	19	20	20	20	18	19	17
LOC_979	29	27	20	21	21	29	26	21	21	25	26	25	25	27	25	26	25	25	25	26	26	25
LOC_980	16	16	16	16	16	16	16	16	16	17	16	16	17	16	16	16	17	17	18	16	16	16
LOC_981	26	27	22	21	21	25	25	21	21	24	24	24	24	24	24	25	23	27	26	20	20	22
LOC_982	14	15	14	14	14	16	14	14	15	15	14	14	13	15	15	15	14	14	14	14	14	14
LOC_983	24	25	23	23	26	24	24	26	26	25	23	25	25	25	24	26	24	25	25	26	25	24
LOC_984	24	26	24	18	23	22	22	23	23	22	22	22	22	24	26	26	22	22	22	23	23	24
LOC_985	15	15	14	14	14	16	16	13	14	16	17	16	16	15	15	16	16	17	16	15	15	14
LOC_986	17	17	17	17	18	17	19	17	17	17	16	17	16	16	17	17	17	17	17	17	17	17
LOC_987	25	25	24	24	24	25	24	25	24	27	28	27	24	24	26	27	24	22	23	26	25	24
LOC_988	17	17	18	18	18	17	16	18	18	17	18	19	17	17	17	17	17	17	18	18	18	18
LOC_989	26	24	25	23	25	21	21	23	24	23	23	23	23	24	26	25	20	21	20	26	25	24
LOC_990	22	23	26	25	26	24	23	24	24	23	25	25	23	22	24	24	23	20	23	24	24	24
LOC_991	16	15	14	14	14	14	14	14	14	17	16	16	15	15	16	17	15	15	17	15	15	15
LOC_992	24	26	21	22	23	23	21	21	21	20	23	23	20	22	21	21	21	21	21	23	23	23
LOC_993	18	18	19	19	20	18	18	19	19	18	18	23	17	18	19	18	18	19	18	18	16	19
LOC_994	29	25	25	25	23	24	24	23	23	23	24	24	22	23	23	23	22	21	22	26	26	24
LOC_995	23	24	23	25	24	27	26	22	22	24	25	27	25	25	23	23	26	25	24	22	21	24
LOC_996	24	25	25	25	25	22	22	23	25	23	22	22	18	23	25	24	21	21	21	23	24	24
LOC_997	21	21	24	25	25	21	21	23	23	21	21	21	22	22	19	19	21	20	23	21	21	24
LOC_998	16	14	14	14	14	17	18	14	13	17	15	15	17	14	13	13	15	15	13	14	14	14
LOC_999	21	23	23	23	23	23	23	25	25	23	23	23	24	25	25	24	18	18	19	23	23	24
LOC_1000	21	21	20	20	20	23	23	20	19	23	21	21	23	23	22	22	23	22	22	21	21	21
LOC_1001	19	19	23	23	22	19	19	22	22	18	19	17	19	19	19	19	17	19	19	19	19	19
LOC_1002	24	24	23	24	23	27	27	24	23	27	29	28	27	25	24	23	26	27	26	23	23	24
LOC_1003	23	24	23	23	23	24	24	23	23	25	24	23	24	24	28	24	25	25	24	23	23	24
LOC_1004	17	17	16	16	18	17	17	17	18	17	17	17	17	17	17	17	18	16	19	18	17	17
LOC_1005	7	7	12	12	7	7	7	8	7	7	8	7	7	7	7	7	7	7	7	7	7	7
LOC_1006	26	25	24	24	25	26	25	27	28	25	22	26	27	23	23	24	26	26	25	24	26	24
LOC_1007	17	17	18	18	18	23	23	18	17	25	20	21	24	18	19	19	23	22	22	18	18	18
LOC_1008	21	20	23	23	21	20	20	22	21	19	20	20	20	20	20	20	22	21	21	21	20	21
LOC_1009	26	25	23	24	24	24	26	24	24	24	25	24	20	25	24	24	21	20	22	26	27	24
LOC_1010	15	15	15	15	15	15	15	15	15	15	15	15	15	15	16	16	15	15	15	15	15	15
LOC_1011	26	28	25	25	24	21	22	23	24	24	21	21	21	23	24	24	23	21	21	26	24	24
LOC_1012	24	24	26	25	26	24	23	26	25	20	23	23	22	22	24	25	22	24	23	23	24	24
LOC_1013	25	24	24	26	23	28	28	24	24	27	24	25	26	25	25	25	32	32	30	25	23	24
LOC_1014	22	23	23	23	22	23	23	21	23	24	22	22	23	22	23	23	24	25	26	23	24	23
LOC_1015	18	18	15	16	17	16	16	17	17	17	16	15	16	16	16	16	17	17	17	17	17	16
LOC_1016	14	13	13	13	14	13	12	15	15	11	13	13	11	14	13	13	11	11	11	14	14	14
LOC_1017	25	25	25	24	23	24	24	23	23	23	24	24	24	23	23	23	25	23	25	25	25	24
LOC_1018	25	25	26	27	23	25	25	23	21	23	23	22	22	24	24	22	25	22	22	26	27	24
LOC_1019	16	16	14	14	15	15	15	15	15	14	15	15	14	15	15	15	16	17	18	16	15	15
LOC_1020	22	23	22	23	23	21	21	23	23	19	21	21	22	22	22	20	22	24	24	24	23	23
LOC_1021	17	17	15	15	15	16	16	16	15	16	16	17	16	16	15	15	16	16	16	16	17	15
LOC_1022	27	27	24	23	23	23	23	25	24	25	23	24	26	22	24	24	25	24	26	26	27	24
LOC_1023	25	24	23	25	24	22	25	25	23	24	24	22	26	25	25	25	27	26	24	23	23	24
LOC_1024	31	33	33	30	26	29	29	28	27	31	27	29	30	29	29	30	28	28	28	28	31	29
