names	Run1_C_3	Run1_C_4	Run1_C_6	Run1_C_7	root
LOC_1	20	19	21	20	19
LOC_2	20	21	21	22	20
LOC_3	7	8	7	7	7
LOC_4	7	7	7	7	7
LOC_5	7	7	7	7	7
LOC_6	16	16	16	16	16
LOC_7	13	13	13	13	13
LOC_8	22	21	21	21	22
LOC_9	15	15	17	15	15
LOC_10	16	17	19	18	17
LOC_11	23	21	22	21	23
LOC_12	17	20	20	20	17
LOC_13	17	17	15	17	17
LOC_14	19	19	18	18	18
LOC_15	27	28	28	28	27
LOC_16	14	14	14	14	14
LOC_17	15	18	14	15	15
LOC_18	22	23	23	23	23
LOC_19	21	23	23	24	22
LOC_20	16	15	17	17	15
LOC_21	13	13	13	11	13
LOC_22	21	22	23	23	21
LOC_23	17	16	16	16	16
LOC_24	22	23	25	23	23
LOC_25	22	22	22	22	22
LOC_26	15	16	16	16	15
LOC_27	16	16	15	15	17
LOC_28	22	23	21	21	21
LOC_29	23	25	26	26	25
LOC_30	19	19	23	23	19
LOC_31	26	26	27	25	26
LOC_32	20	19	19	20	20
LOC_33	15	17	15	15	15
LOC_34	15	14	14	14	14
LOC_35	19	19	19	23	19
LOC_36	20	19	20	20	20
LOC_37	22	22	21	22	21
LOC_38	16	16	19	18	16
LOC_39	23	20	20	20	20
LOC_40	14	14	14	14	14
LOC_41	22	21	23	21	21
LOC_42	21	21	20	20	21
LOC_43	18	18	19	18	18
LOC_44	18	18	18	18	18
LOC_45	18	18	21	21	18
LOC_46	20	22	19	20	20
LOC_47	14	15	15	15	15
LOC_48	17	19	19	19	17
LOC_49	15	15	15	15	15
LOC_50	16	17	16	16	16
LOC_51	20	22	21	22	20
LOC_52	19	19	19	19	19
LOC_53	23	23	23	23	23
LOC_54	20	21	20	21	20
LOC_55	20	20	21	21	20
LOC_56	19	19	20	21	19
LOC_57	23	24	24	24	23
LOC_58	23	21	20	20	21
LOC_59	9	9	9	9	9
LOC_60	20	19	20	21	20
LOC_61	22	24	24	25	24
LOC_62	17	19	19	19	18
LOC_63	18	17	17	17	17
LOC_64	19	17	16	17	17
