names	Run1_C_4	Run1_C_11	Run1_C_12	Run1_C_13	Run1_C_15	Run1_C_16	Run1_C_17	Run1_C_18	Run1_C_19	Run1_C_20	Run1_C_21	root
LOC_1	19	20	19	19	19	18	18	19	19	19	19	19
LOC_2	21	19	20	20	20	20	21	20	19	20	20	20
LOC_3	7	7	7	7	7	7	7	8	8	7	7	7
LOC_4	7	7	9	7	7	7	7	7	7	7	7	7
LOC_5	7	7	7	7	7	7	7	7	7	7	7	7
LOC_6	18	18	16	16	16	17	17	13	16	18	18	16
LOC_7	13	13	13	13	12	12	12	13	12	13	13	13
LOC_8	22	23	24	24	23	22	22	21	21	22	21	22
LOC_9	15	15	15	16	15	15	15	15	15	14	13	15
LOC_10	17	17	17	17	17	16	16	17	17	18	17	17
LOC_11	21	23	23	21	21	23	23	21	20	20	20	23
LOC_12	20	16	21	20	21	17	17	22	20	16	16	17
LOC_13	17	15	18	18	18	17	16	21	20	15	15	17
LOC_14	18	18	19	18	16	19	18	17	17	15	18	18
LOC_15	27	28	26	26	26	28	27	28	27	27	27	27
LOC_16	14	17	14	14	14	15	18	14	14	15	14	14
LOC_17	15	15	15	15	16	15	15	16	16	15	16	15
LOC_18	23	22	23	23	20	22	22	20	19	22	22	23
LOC_19	24	24	21	21	21	27	26	23	23	24	24	22
LOC_20	15	15	18	18	18	15	15	20	19	14	14	15
LOC_21	13	15	13	13	13	15	15	13	13	16	15	13
LOC_22	22	21	23	23	22	21	21	23	23	21	21	21
LOC_23	16	16	16	16	18	16	16	16	17	16	16	16
LOC_24	24	23	24	23	23	23	23	22	23	22	22	23
LOC_25	21	21	24	24	23	22	22	23	23	24	21	22
LOC_26	16	14	16	16	16	16	15	16	16	15	15	15
LOC_27	16	17	14	14	16	17	17	16	16	17	18	17
LOC_28	21	21	20	21	22	21	23	21	21	21	21	21
LOC_29	25	24	24	26	26	25	24	24	24	23	23	25
LOC_30	19	19	19	19	19	19	19	17	19	19	20	19
LOC_31	27	27	25	28	26	29	27	25	27	28	29	26
LOC_32	20	19	19	20	22	21	21	21	21	19	19	20
LOC_33	15	15	16	15	15	14	15	15	15	17	15	15
LOC_34	15	14	12	12	15	14	14	13	15	14	14	14
LOC_35	21	19	19	20	19	19	19	19	19	19	19	19
LOC_36	20	20	20	20	19	20	20	18	20	19	20	20
LOC_37	22	21	22	22	22	21	21	22	21	22	22	21
LOC_38	16	16	16	17	16	16	16	16	16	16	16	16
LOC_39	21	20	22	21	26	20	20	28	26	20	20	20
LOC_40	14	14	14	14	14	14	14	15	15	14	14	14
LOC_41	21	20	21	21	21	18	21	21	21	21	21	21
LOC_42	21	21	19	19	20	22	21	20	20	23	21	21
LOC_43	18	19	15	15	15	18	19	15	15	18	16	18
LOC_44	17	21	18	18	18	18	18	18	18	20	20	18
LOC_45	18	18	18	18	17	18	18	18	18	18	18	18
LOC_46	21	17	20	22	20	17	17	20	20	17	17	20
LOC_47	15	15	15	15	15	15	15	15	15	15	14	15
LOC_48	19	16	19	21	19	16	16	19	19	16	16	17
LOC_49	15	14	15	15	16	15	15	16	16	14	15	15
LOC_50	16	15	19	19	16	17	15	17	16	15	15	16
LOC_51	21	19	22	22	21	20	20	20	22	19	20	20
LOC_52	19	19	18	21	17	19	19	17	17	22	22	19
LOC_53	23	23	23	24	24	22	22	25	21	18	20	23
LOC_54	21	20	21	20	25	19	19	23	23	20	20	20
LOC_55	20	20	21	20	20	20	20	19	19	20	20	20
LOC_56	20	20	19	21	21	20	19	20	21	19	20	19
LOC_57	23	22	23	23	22	22	23	24	26	22	22	23
LOC_58	20	22	20	20	17	22	22	20	20	20	21	21
LOC_59	9	9	9	9	9	9	9	9	9	10	8	9
LOC_60	20	20	19	20	20	20	20	21	21	21	22	20
LOC_61	24	22	25	25	24	25	24	23	22	24	18	24
LOC_62	21	18	19	19	19	18	18	19	19	18	18	18
LOC_63	18	16	18	18	17	18	17	20	19	15	15	17
LOC_64	17	17	17	17	17	17	16	17	17	19	19	17
LOC_65	18	17	18	18	18	18	17	18	18	17	17	17
LOC_66	21	20	22	22	23	18	18	23	23	20	20	21
LOC_67	22	21	22	22	22	20	20	22	23	21	21	22
LOC_68	16	17	17	17	16	16	17	16	16	16	16	16
LOC_69	21	20	22	22	23	20	21	17	17	20	22	21
LOC_70	24	21	22	20	23	23	23	22	21	22	22	23
LOC_71	17	16	15	15	15	17	16	15	15	18	17	16
LOC_72	20	17	20	19	19	18	18	19	19	18	18	20
LOC_73	19	20	18	19	21	20	20	19	19	17	17	19
LOC_74	21	22	21	21	21	22	21	21	21	21	23	22
LOC_75	26	22	23	23	25	23	23	23	20	21	21	23
LOC_76	20	21	21	21	22	21	21	22	22	21	21	21
LOC_77	14	14	14	14	15	14	14	14	14	13	13	14
LOC_78	22	23	25	25	25	21	20	25	24	26	27	22
LOC_79	15	15	15	15	14	15	15	16	16	15	15	15
LOC_80	24	22	25	26	25	24	24	28	26	25	23	24
LOC_81	16	17	16	16	16	15	16	17	16	17	17	16
LOC_82	19	21	20	20	20	20	20	20	22	21	20	20
LOC_83	18	18	18	18	19	18	18	20	20	18	18	18
LOC_84	17	16	17	17	17	16	16	17	16	16	16	16
LOC_85	21	19	22	22	23	21	21	22	22	19	21	21
LOC_86	16	15	16	16	16	16	16	17	19	14	14	16
LOC_87	21	20	21	22	18	20	20	19	19	20	20	20
LOC_88	19	21	20	20	20	24	24	20	20	21	21	22
LOC_89	26	26	24	26	25	28	27	23	27	25	27	26
LOC_90	20	20	20	20	20	20	18	20	19	20	20	20
LOC_91	16	17	17	17	16	12	17	14	14	17	17	17
LOC_92	20	19	20	21	19	20	19	19	19	19	19	19
LOC_93	11	12	11	11	11	10	10	11	11	12	12	12
LOC_94	15	15	15	15	16	15	15	15	15	15	15	15
LOC_95	13	13	12	12	13	13	13	13	13	14	13	13
LOC_96	20	21	20	17	19	20	22	20	20	23	23	20
LOC_97	21	20	20	20	21	21	21	21	22	21	21	20
LOC_98	17	15	14	14	14	15	15	14	14	15	15	15
LOC_99	16	16	16	16	16	16	17	16	16	16	16	16
LOC_100	15	14	14	14	14	14	14	14	14	14	15	14
LOC_101	22	22	22	22	27	22	21	21	22	21	20	21
LOC_102	16	19	19	20	19	17	17	19	19	19	19	19
LOC_103	16	14	16	16	14	15	15	14	14	15	15	14
LOC_104	21	23	22	22	27	24	23	27	26	21	23	21
LOC_105	17	16	20	17	18	16	17	18	19	16	16	16
LOC_106	28	28	29	29	29	27	27	26	26	29	29	28
LOC_107	14	15	15	15	15	15	15	15	15	15	15	15
LOC_108	24	24	22	21	22	24	24	26	26	23	25	23
LOC_109	14	14	15	14	15	14	14	15	15	14	14	14
LOC_110	16	16	16	16	16	16	16	16	16	16	16	16
LOC_111	14	15	11	11	15	15	15	14	12	15	15	15
LOC_112	21	22	22	21	21	22	23	21	21	24	23	21
LOC_113	14	14	14	15	14	14	14	14	14	14	14	14
LOC_114	17	17	15	15	16	17	17	16	13	19	17	17
LOC_115	14	14	14	14	14	13	13	14	14	14	14	14
LOC_116	14	15	14	15	14	14	14	14	14	15	15	14
LOC_117	19	19	18	20	18	19	19	17	18	19	19	19
LOC_118	15	17	16	16	16	18	18	16	16	18	17	16
LOC_119	24	22	27	24	22	22	22	21	22	21	21	23
LOC_120	19	18	19	18	19	18	19	18	19	18	18	18
LOC_121	18	19	17	18	18	18	18	17	18	18	18	18
LOC_122	21	19	21	21	21	18	18	21	21	20	19	19
LOC_123	24	25	24	23	26	24	24	23	24	26	27	24
LOC_124	22	20	22	22	21	20	21	22	21	21	22	22
LOC_125	25	28	24	22	24	26	27	25	25	27	23	27
LOC_126	13	14	13	13	13	14	13	13	13	14	15	14
LOC_127	23	24	26	26	25	23	23	25	25	22	22	22
LOC_128	24	20	22	22	22	20	21	22	23	20	21	20
LOC_129	22	21	20	18	18	21	21	19	21	21	23	19
LOC_130	24	24	26	26	25	22	20	26	25	24	24	24
LOC_131	15	15	15	15	14	13	15	15	17	15	15	15
LOC_132	22	23	23	22	20	21	22	21	21	21	23	21
LOC_133	23	23	24	25	23	23	23	23	23	28	25	22
LOC_134	25	23	23	23	29	24	25	27	27	22	22	23
LOC_135	14	16	15	15	14	15	15	14	14	16	16	14
LOC_136	15	16	15	15	16	16	16	16	15	16	16	15
LOC_137	25	23	25	25	24	22	22	26	26	26	24	24
LOC_138	20	22	21	20	21	22	20	21	21	22	22	21
LOC_139	19	17	17	14	17	17	17	17	17	17	17	17
LOC_140	17	17	17	17	18	17	17	17	17	18	18	17
LOC_141	14	15	14	15	14	15	15	14	14	15	15	15
LOC_142	26	26	25	25	25	28	25	25	25	26	26	27
LOC_143	21	22	21	22	21	21	21	21	23	21	22	21
LOC_144	17	17	16	16	16	17	17	19	16	17	17	16
LOC_145	21	16	22	23	22	20	20	23	21	16	18	20
LOC_146	21	20	21	18	20	20	20	18	19	22	22	20
LOC_147	21	21	22	21	21	21	21	21	21	21	21	21
LOC_148	17	14	17	17	17	14	14	17	15	15	15	14
LOC_149	18	17	18	18	19	17	18	18	19	18	18	18
LOC_150	15	15	15	15	15	15	15	15	18	15	17	15
LOC_151	18	16	18	18	16	16	16	18	20	13	16	16
LOC_152	26	21	20	20	21	20	20	23	23	22	21	20
LOC_153	20	18	22	21	22	20	18	22	22	19	19	20
LOC_154	19	19	18	21	18	18	18	18	18	18	19	18
LOC_155	21	21	21	21	21	21	21	22	22	23	24	21
LOC_156	17	14	17	17	17	15	15	17	17	15	15	17
LOC_157	17	17	18	17	19	17	18	18	18	17	17	17
LOC_158	22	19	21	22	21	19	20	21	21	19	19	22
LOC_159	17	15	17	17	15	16	15	18	18	17	17	15
LOC_160	20	19	20	20	20	20	20	20	20	17	21	19
LOC_161	20	21	21	21	22	22	22	21	21	21	21	21
LOC_162	20	20	20	20	20	19	20	19	18	19	19	20
LOC_163	18	19	19	19	19	18	17	17	20	20	18	18
LOC_164	21	20	22	21	22	20	20	22	24	21	21	20
LOC_165	15	15	15	15	15	15	15	15	15	15	15	15
LOC_166	17	17	15	15	18	18	18	15	17	16	19	17
LOC_167	15	19	16	15	15	15	16	14	15	18	18	16
LOC_168	29	28	29	31	29	30	28	29	28	27	27	28
LOC_169	23	23	24	23	23	22	22	21	24	24	22	23
LOC_170	19	19	19	19	20	18	18	18	19	20	19	19
LOC_171	23	24	23	23	23	23	27	23	23	26	25	23
LOC_172	22	20	22	23	24	21	21	26	25	20	19	22
LOC_173	16	16	16	16	16	15	14	16	16	16	16	16
LOC_174	22	20	21	22	20	20	20	24	22	23	20	22
LOC_175	28	25	26	26	25	25	25	27	26	25	24	27
LOC_176	14	14	14	14	14	14	14	15	14	14	14	14
LOC_177	26	24	24	25	30	23	27	28	28	24	24	24
LOC_178	22	24	25	25	23	22	23	24	24	22	24	23
LOC_179	23	23	23	23	23	24	24	22	22	23	23	23
LOC_180	22	22	23	22	22	20	22	22	21	22	22	22
LOC_181	19	18	20	19	17	18	18	20	20	18	18	18
LOC_182	24	20	24	24	23	20	21	23	23	21	22	23
LOC_183	25	24	25	25	25	24	24	22	23	24	24	25
LOC_184	17	17	17	16	16	17	17	16	16	17	17	16
LOC_185	19	21	20	20	19	21	21	19	18	20	23	20
LOC_186	16	16	18	18	16	16	16	16	16	16	16	16
LOC_187	20	21	21	19	20	21	22	23	21	18	20	21
LOC_188	25	26	24	24	24	25	24	27	26	27	27	25
LOC_189	12	14	16	16	15	14	14	15	15	15	14	14
LOC_190	22	22	22	22	25	23	23	22	22	26	25	22
LOC_191	17	17	17	17	17	17	17	17	17	17	16	17
LOC_192	20	22	21	21	20	21	21	20	21	21	21	21
LOC_193	15	15	15	15	15	15	15	15	15	15	15	15
LOC_194	18	18	17	18	17	18	18	18	18	18	18	18
LOC_195	18	18	19	22	20	19	18	18	19	19	19	18
LOC_196	23	21	21	21	23	23	21	23	25	20	20	22
LOC_197	20	20	19	19	21	20	20	22	21	19	19	21
LOC_198	28	25	28	28	28	24	25	25	25	25	26	27
LOC_199	14	14	14	13	14	14	14	14	14	14	14	14
LOC_200	23	23	24	25	23	22	24	25	23	23	25	23
LOC_201	24	22	22	23	23	24	23	24	24	23	23	24
LOC_202	16	17	17	17	17	17	16	18	17	18	17	17
LOC_203	18	18	16	17	16	18	18	16	16	18	18	18
LOC_204	18	24	21	21	17	21	22	18	19	21	21	18
LOC_205	15	14	15	15	15	12	14	15	15	14	14	14
LOC_206	23	21	21	21	22	21	20	21	22	20	19	20
LOC_207	14	15	11	11	11	16	14	11	11	15	14	14
LOC_208	14	14	14	14	13	14	14	13	13	14	14	14
LOC_209	17	17	18	17	17	16	17	18	17	17	17	17
LOC_210	22	24	23	22	22	23	23	20	21	20	23	22
LOC_211	24	24	23	23	23	21	24	22	20	25	24	24
LOC_212	25	27	26	28	27	25	24	26	24	26	26	24
LOC_213	19	19	20	19	17	19	20	19	19	20	20	19
LOC_214	17	18	16	17	16	18	18	16	16	19	19	17
LOC_215	19	16	19	19	18	16	16	16	16	15	16	16
LOC_216	20	20	24	21	21	20	20	21	21	23	21	20
LOC_217	26	25	26	26	26	26	24	27	26	22	23	25
LOC_218	16	18	18	17	16	17	17	17	17	17	17	17
LOC_219	15	15	15	14	17	15	15	17	17	15	15	15
LOC_220	18	18	18	18	19	18	18	17	18	18	18	18
LOC_221	24	25	23	23	24	25	26	23	24	25	25	24
LOC_222	26	27	26	26	27	30	30	25	26	26	27	28
LOC_223	14	14	14	13	16	14	14	16	15	14	14	14
LOC_224	17	16	16	17	16	16	16	17	16	15	15	16
LOC_225	24	22	25	25	23	23	23	22	21	21	23	21
LOC_226	15	15	16	16	16	16	16	17	17	15	15	16
LOC_227	7	7	7	7	7	7	7	7	7	7	7	7
LOC_228	16	16	16	16	16	16	16	16	16	16	16	16
LOC_229	16	17	17	17	17	17	17	17	17	17	18	17
LOC_230	19	18	20	20	18	19	19	18	19	19	19	19
LOC_231	19	20	19	17	19	20	19	21	19	20	20	19
LOC_232	18	18	17	18	18	18	19	18	18	18	19	18
LOC_233	17	15	16	16	16	18	16	16	16	15	15	15
LOC_234	15	15	15	15	15	15	15	15	15	19	20	15
LOC_235	22	20	22	21	21	21	20	23	20	19	20	22
LOC_236	17	17	18	17	15	17	17	15	15	16	19	17
LOC_237	20	20	17	19	21	20	20	21	21	20	20	20
LOC_238	24	22	21	21	19	21	21	21	22	23	22	21
LOC_239	21	21	22	22	22	23	24	20	19	21	21	22
LOC_240	16	15	17	17	17	13	13	17	18	15	15	14
LOC_241	18	16	18	18	18	18	18	18	18	17	17	18
LOC_242	17	18	15	16	16	17	18	16	16	17	17	17
LOC_243	19	19	19	19	19	19	19	19	19	20	19	19
LOC_244	14	14	14	14	14	14	14	14	14	14	14	14
LOC_245	25	19	23	25	24	25	24	23	24	19	19	24
LOC_246	26	24	26	25	26	23	22	26	25	25	25	24
LOC_247	16	16	16	16	14	17	17	16	16	16	16	16
LOC_248	18	17	19	19	19	17	17	19	19	18	16	18
LOC_249	24	23	22	24	21	23	22	21	20	22	23	24
LOC_250	27	30	24	27	27	26	27	27	28	28	27	27
LOC_251	17	17	18	17	17	16	17	17	19	17	18	17
LOC_252	23	22	24	24	22	24	25	22	22	21	21	22
LOC_253	14	14	12	12	14	14	14	14	14	14	14	14
LOC_254	16	16	16	17	16	16	16	15	15	16	16	16
LOC_255	23	21	23	23	23	23	21	24	23	21	22	23
LOC_256	19	22	18	19	20	19	19	18	19	20	21	19
LOC_257	20	18	21	21	21	21	20	21	21	19	19	20
LOC_258	13	13	12	12	13	13	13	13	15	13	13	13
LOC_259	20	22	21	21	21	21	21	22	21	23	27	20
LOC_260	22	23	24	22	22	26	23	22	20	22	22	22
LOC_261	15	15	16	16	14	15	15	14	14	15	15	15
LOC_262	13	13	12	12	13	13	13	13	13	13	13	13
LOC_263	16	16	17	16	16	16	16	17	18	16	16	16
LOC_264	22	22	26	25	23	22	23	25	25	23	22	22
LOC_265	27	22	25	25	24	23	23	23	23	21	24	24
LOC_266	19	20	21	18	20	20	20	20	20	20	20	19
LOC_267	18	18	18	18	17	18	19	18	18	17	18	18
LOC_268	17	17	17	17	18	18	17	18	18	17	16	17
LOC_269	16	16	16	16	16	16	16	16	16	16	16	16
LOC_270	19	19	21	21	20	19	19	18	20	17	19	19
LOC_271	29	24	25	25	22	25	26	27	26	23	24	24
LOC_272	25	23	24	31	24	25	26	26	24	18	18	23
LOC_273	22	24	24	22	22	23	23	22	22	23	24	24
LOC_274	23	19	22	23	22	21	22	23	22	19	19	22
LOC_275	13	15	13	12	13	15	17	13	13	15	15	15
LOC_276	20	20	20	19	19	21	20	19	20	19	19	20
LOC_277	14	14	14	14	14	14	14	16	14	15	15	14
LOC_278	15	14	14	14	14	13	15	14	13	15	15	14
LOC_279	14	15	13	14	14	15	14	14	14	15	15	15
LOC_280	20	20	21	21	20	20	19	18	20	19	19	20
LOC_281	19	21	19	19	20	20	20	19	19	20	21	20
LOC_282	15	15	16	16	16	15	15	15	16	16	15	15
LOC_283	14	15	14	14	14	14	14	14	14	14	14	14
LOC_284	14	14	14	14	14	14	14	15	15	14	14	14
LOC_285	27	29	29	29	28	22	24	27	29	26	27	29
LOC_286	20	18	22	22	21	17	18	19	20	18	18	18
LOC_287	27	28	29	30	28	25	26	30	29	28	28	28
LOC_288	17	18	17	17	16	17	17	16	16	18	18	17
LOC_289	15	15	15	15	15	15	15	15	15	15	15	15
LOC_290	19	19	19	19	19	21	21	19	19	19	19	19
LOC_291	18	19	18	18	19	19	19	20	20	18	18	18
LOC_292	21	19	20	20	21	20	22	19	19	19	20	19
LOC_293	15	15	15	16	15	15	15	16	15	15	15	15
LOC_294	24	26	23	23	24	29	28	22	23	26	27	25
LOC_295	18	18	15	15	15	18	18	15	15	18	18	18
LOC_296	14	13	14	14	14	13	13	14	14	14	12	14
LOC_297	15	15	17	17	16	15	15	15	15	15	15	15
LOC_298	17	18	17	17	17	17	17	16	16	17	17	17
LOC_299	16	16	20	17	16	16	16	16	16	16	16	16
LOC_300	18	18	18	18	18	19	20	18	18	18	18	17
LOC_301	19	24	18	19	18	20	21	20	20	23	23	20
LOC_302	24	24	25	25	23	24	24	22	23	25	26	24
LOC_303	19	19	19	18	19	21	21	19	19	19	20	18
LOC_304	14	14	14	14	14	14	14	14	14	14	13	14
LOC_305	18	17	16	16	18	17	17	18	18	17	18	17
LOC_306	24	24	28	27	26	26	27	26	28	26	28	26
LOC_307	21	22	25	24	18	19	21	17	16	23	20	22
LOC_308	22	23	19	19	20	22	22	19	18	22	22	22
LOC_309	21	22	19	19	21	22	22	22	21	21	22	22
LOC_310	14	15	15	15	15	15	16	15	15	15	15	15
LOC_311	18	17	18	18	18	18	18	18	20	18	18	18
LOC_312	18	22	18	18	18	22	26	18	18	22	20	18
LOC_313	15	14	18	18	17	16	16	17	17	15	17	16
LOC_314	15	15	15	15	15	15	15	15	15	15	16	15
LOC_315	15	15	15	15	16	15	15	16	16	15	15	15
LOC_316	22	25	24	25	24	23	22	23	23	26	26	26
LOC_317	21	23	20	20	21	23	23	21	21	22	20	21
LOC_318	25	21	20	20	25	22	25	23	24	21	20	22
LOC_319	22	24	22	23	20	22	22	21	22	26	24	22
LOC_320	21	23	22	24	21	23	23	22	23	23	23	21
LOC_321	16	16	16	16	16	16	16	17	16	16	16	16
LOC_322	12	12	12	12	12	13	12	11	11	12	12	12
LOC_323	14	14	14	14	14	14	14	14	14	15	15	14
LOC_324	20	20	21	21	24	21	21	21	21	21	21	21
LOC_325	16	16	17	17	17	15	16	17	17	13	18	16
LOC_326	15	17	15	15	15	17	17	15	15	17	17	16
LOC_327	15	15	15	14	15	15	16	15	16	14	15	15
LOC_328	24	17	21	21	23	20	20	23	22	20	19	20
LOC_329	23	23	20	21	25	22	22	25	25	25	25	23
LOC_330	23	21	22	22	22	21	21	22	22	21	21	22
LOC_331	23	21	18	20	23	23	22	24	24	21	21	23
LOC_332	15	15	15	15	14	16	15	14	14	16	16	15
LOC_333	14	12	11	13	13	14	13	13	13	13	13	14
LOC_334	18	21	18	17	19	19	19	20	19	21	21	19
LOC_335	25	23	23	24	23	23	25	22	22	23	23	23
LOC_336	24	22	24	24	24	24	23	26	25	25	26	24
LOC_337	18	18	18	18	20	20	21	19	19	20	19	20
LOC_338	19	19	19	19	19	18	18	19	19	19	18	19
LOC_339	17	17	17	17	17	17	17	17	19	17	17	17
LOC_340	13	13	13	13	13	13	13	13	13	14	13	13
LOC_341	20	21	19	15	20	21	21	21	22	21	21	20
LOC_342	14	13	14	17	14	13	13	14	15	13	13	14
LOC_343	20	20	22	23	23	20	20	23	23	21	20	20
LOC_344	17	17	17	17	17	17	17	19	17	17	17	17
LOC_345	15	15	15	15	15	16	15	16	14	16	16	15
LOC_346	23	23	24	25	22	25	23	24	24	23	23	23
LOC_347	18	19	17	17	17	20	20	16	17	19	19	20
LOC_348	20	19	19	19	19	20	18	20	18	20	20	20
LOC_349	15	14	15	16	15	15	15	17	17	14	14	15
LOC_350	17	17	16	17	17	18	17	17	17	17	17	17
LOC_351	26	26	23	29	25	25	26	25	25	27	26	26
LOC_352	20	21	19	20	20	20	20	20	19	21	23	20
LOC_353	18	18	19	18	18	20	18	18	19	19	20	18
LOC_354	15	15	15	15	15	15	15	15	15	15	15	15
LOC_355	14	13	14	16	14	13	14	14	14	16	16	14
LOC_356	19	19	18	18	18	17	17	20	23	18	18	17
LOC_357	15	16	15	14	15	16	16	14	14	15	15	16
LOC_358	8	7	9	8	8	7	7	8	8	7	7	7
LOC_359	18	19	17	18	18	19	19	17	17	18	19	19
LOC_360	22	25	23	22	24	24	25	25	23	25	25	24
LOC_361	25	20	24	23	27	21	21	25	23	21	21	21
LOC_362	22	22	22	22	25	21	20	25	22	23	22	22
LOC_363	8	8	8	8	8	8	8	8	8	8	8	8
LOC_364	14	14	14	14	14	14	14	14	14	15	15	14
LOC_365	25	24	27	27	28	25	22	24	26	22	22	25
LOC_366	17	18	17	17	17	16	16	17	17	17	17	17
LOC_367	16	16	17	16	16	16	16	16	16	16	16	16
LOC_368	24	26	26	26	26	26	27	27	26	25	26	24
LOC_369	28	29	27	27	29	30	26	28	28	27	29	28
LOC_370	18	18	18	18	16	19	18	17	16	18	18	18
LOC_371	23	26	25	26	22	26	25	20	21	25	25	23
LOC_372	21	19	21	22	21	21	21	21	21	22	22	21
LOC_373	14	14	14	14	13	14	14	14	14	14	16	14
LOC_374	15	17	15	15	15	16	16	15	15	15	16	15
LOC_375	18	18	18	18	19	18	18	21	19	17	17	18
LOC_376	20	19	21	20	20	20	20	20	20	17	17	20
LOC_377	22	23	21	20	22	22	23	21	22	23	19	23
LOC_378	23	22	23	23	23	23	21	23	24	18	23	23
LOC_379	18	19	18	18	18	13	18	18	18	18	18	18
LOC_380	18	18	18	18	18	18	18	18	18	18	18	18
LOC_381	14	16	14	14	14	16	14	14	14	16	14	14
LOC_382	18	18	18	18	18	18	18	18	18	18	18	18
LOC_383	17	17	18	17	17	18	18	17	17	17	17	17
LOC_384	15	14	14	14	14	14	14	13	14	15	15	14
LOC_385	18	18	18	16	18	18	18	18	18	19	19	18
LOC_386	21	19	19	19	19	19	19	19	19	19	20	19
LOC_387	17	17	17	18	16	17	17	17	18	17	17	17
LOC_388	28	27	30	28	27	28	26	24	23	27	27	28
LOC_389	18	19	19	18	20	19	19	18	18	20	17	18
LOC_390	7	7	8	8	7	7	7	7	7	7	7	7
LOC_391	22	24	22	21	19	24	22	22	23	24	24	22
LOC_392	23	25	26	23	23	24	24	24	23	25	25	22
LOC_393	15	15	15	15	15	15	16	15	15	16	15	15
LOC_394	16	16	16	16	17	16	11	15	17	16	17	16
LOC_395	20	22	19	20	22	20	20	21	19	22	22	20
LOC_396	17	17	14	16	17	17	17	17	17	17	17	17
LOC_397	19	18	18	19	18	18	20	19	19	17	18	19
LOC_398	17	15	16	19	16	16	12	17	17	15	15	17
LOC_399	31	27	27	30	25	26	26	28	26	27	27	29
LOC_400	17	15	16	16	16	17	15	16	16	15	15	15
LOC_401	13	13	13	13	13	13	13	13	13	13	13	13
LOC_402	14	14	14	14	14	14	14	14	14	14	14	14
LOC_403	14	13	14	15	13	14	14	13	13	13	13	14
LOC_404	10	10	10	10	10	10	10	10	10	10	10	10
LOC_405	16	16	18	16	16	16	16	14	16	16	16	16
LOC_406	19	19	19	19	18	19	22	19	19	20	21	19
LOC_407	17	18	17	17	16	17	16	17	17	18	17	17
LOC_408	15	14	14	14	14	14	14	13	14	14	15	14
LOC_409	15	15	15	16	14	15	15	14	14	15	15	15
LOC_410	17	16	16	16	14	15	15	14	14	15	15	16
LOC_411	14	13	15	15	15	14	14	15	15	13	13	14
LOC_412	19	21	19	18	20	19	19	20	20	21	21	19
LOC_413	21	19	18	18	20	20	20	18	20	20	20	20
LOC_414	17	14	15	15	14	16	17	15	15	15	15	15
LOC_415	14	14	15	15	15	14	14	15	15	15	14	14
LOC_416	17	18	18	18	19	17	17	19	19	18	17	17
LOC_417	14	15	14	14	14	14	15	16	12	16	16	14
LOC_418	15	17	12	12	12	19	19	12	12	17	17	14
LOC_419	15	15	16	16	15	16	16	15	15	15	16	15
LOC_420	13	13	13	13	13	15	13	13	13	13	13	13
LOC_421	17	19	17	17	18	19	19	17	16	20	20	17
LOC_422	23	28	23	23	22	23	22	21	20	23	24	23
LOC_423	9	9	9	9	9	8	9	9	9	9	9	9
LOC_424	20	22	20	20	22	21	22	20	23	22	22	20
LOC_425	16	16	16	16	16	15	16	16	16	20	16	16
LOC_426	14	16	18	18	17	15	15	17	17	16	15	17
LOC_427	20	17	22	21	20	20	20	18	19	19	19	20
LOC_428	16	16	16	16	16	16	16	16	16	16	16	16
LOC_429	18	19	21	20	19	19	18	19	19	21	18	19
LOC_430	19	18	18	19	17	19	19	18	18	18	20	19
LOC_431	19	19	18	17	18	20	20	18	18	19	19	19
LOC_432	14	15	14	14	14	14	14	15	15	14	14	14
LOC_433	23	22	24	23	23	23	23	20	19	23	23	23
LOC_434	19	19	18	19	17	21	18	19	17	19	19	19
LOC_435	26	20	27	25	24	23	23	26	25	21	21	25
LOC_436	24	23	25	22	25	26	23	24	28	22	22	24
LOC_437	22	21	21	23	23	22	22	22	22	22	22	22
LOC_438	23	21	24	23	22	24	24	24	23	21	21	23
LOC_439	16	17	17	17	16	16	16	17	17	17	17	16
LOC_440	21	19	21	21	24	19	19	21	21	19	20	20
LOC_441	16	19	16	16	13	16	16	13	12	19	19	16
LOC_442	22	27	22	22	22	21	22	22	22	25	23	22
LOC_443	19	17	18	18	17	18	18	18	18	17	18	18
LOC_444	19	20	20	17	19	20	20	18	19	20	20	20
LOC_445	22	22	19	23	21	21	22	22	22	22	22	22
LOC_446	19	18	18	18	18	17	18	19	17	19	18	18
LOC_447	17	18	17	17	18	19	19	17	19	18	18	18
LOC_448	28	27	28	29	28	27	28	26	29	29	28	28
LOC_449	17	18	18	18	19	18	17	19	19	17	17	17
LOC_450	20	19	18	18	20	20	21	21	20	16	16	20
LOC_451	14	15	15	14	14	14	14	14	14	15	15	14
LOC_452	19	20	18	19	18	20	20	18	18	20	20	19
LOC_453	16	20	20	20	20	18	18	21	21	18	18	18
LOC_454	20	21	21	21	20	22	21	21	21	20	20	21
LOC_455	16	17	19	18	16	16	16	16	16	18	16	16
LOC_456	15	17	14	15	16	17	17	15	15	17	17	15
LOC_457	22	22	22	22	23	24	24	21	22	20	22	22
LOC_458	16	17	16	16	16	16	16	17	19	17	17	16
LOC_459	7	7	7	7	7	7	7	7	7	7	7	7
LOC_460	17	18	20	19	17	18	18	17	17	18	18	18
LOC_461	14	14	14	14	14	14	16	14	14	14	14	14
LOC_462	20	22	21	21	21	23	23	19	20	23	22	21
LOC_463	24	30	27	27	26	30	32	24	21	27	30	25
LOC_464	19	18	19	19	19	18	18	19	18	18	18	18
LOC_465	24	22	25	26	25	23	24	25	25	24	24	25
LOC_466	25	27	25	27	27	25	23	26	26	24	27	24
LOC_467	20	21	20	18	21	21	23	20	20	18	24	19
LOC_468	14	14	14	14	14	14	14	14	14	14	14	14
LOC_469	24	23	24	22	24	25	26	22	23	22	23	23
LOC_470	23	22	24	25	24	21	22	23	23	24	25	23
LOC_471	19	19	20	19	19	19	19	19	20	19	19	19
LOC_472	16	15	17	17	16	16	16	17	16	16	16	16
LOC_473	21	21	22	22	21	23	21	21	21	21	21	21
LOC_474	15	15	16	16	15	15	15	15	18	16	15	15
LOC_475	16	18	17	16	18	13	13	18	18	18	18	16
LOC_476	16	16	15	15	15	16	15	15	15	16	16	16
LOC_477	19	19	20	21	20	19	18	20	20	19	19	19
LOC_478	15	16	15	15	15	16	16	15	15	16	16	16
LOC_479	17	19	14	15	16	16	18	16	16	16	19	17
LOC_480	17	19	17	17	18	16	16	19	19	19	19	17
LOC_481	16	16	17	17	16	16	16	16	16	16	16	16
LOC_482	17	16	19	17	17	18	17	20	20	16	17	17
LOC_483	22	21	19	22	22	25	23	20	20	19	22	24
LOC_484	21	25	24	24	24	25	25	24	24	25	23	25
LOC_485	17	17	17	18	18	17	17	18	17	17	17	17
LOC_486	23	21	22	22	20	22	22	22	22	21	21	23
LOC_487	17	19	17	17	17	17	16	16	17	19	17	17
LOC_488	23	22	23	24	24	22	22	24	23	23	22	23
LOC_489	18	20	18	17	18	17	18	18	18	18	19	18
LOC_490	15	15	14	14	15	15	15	14	14	15	15	14
LOC_491	21	21	23	23	25	23	22	23	24	20	19	21
LOC_492	20	20	20	20	20	19	19	19	19	19	19	20
LOC_493	24	31	26	26	25	26	27	27	26	29	27	27
LOC_494	17	17	16	17	17	17	17	17	17	17	17	17
LOC_495	26	22	24	24	23	23	23	25	25	25	26	23
LOC_496	23	19	25	24	25	21	20	22	23	20	20	22
LOC_497	22	20	19	18	19	20	22	19	19	19	21	20
LOC_498	8	8	8	8	8	8	8	8	8	8	8	8
LOC_499	21	22	21	20	21	21	22	21	21	21	21	21
LOC_500	20	20	20	19	19	20	21	18	19	20	20	19
LOC_501	17	17	18	18	18	18	18	18	18	17	17	17
LOC_502	27	29	29	31	30	27	28	30	29	26	28	27
LOC_503	7	6	7	7	7	6	6	7	7	6	6	7
LOC_504	15	15	15	15	15	16	14	16	15	15	15	15
LOC_505	21	21	21	21	21	23	24	20	20	21	21	21
LOC_506	14	15	14	14	14	14	14	14	14	15	15	14
LOC_507	14	15	14	14	14	15	15	14	14	15	15	14
LOC_508	18	19	18	20	18	21	21	24	22	19	19	18
LOC_509	19	20	21	21	18	20	22	17	17	18	19	19
LOC_510	18	20	19	19	19	20	20	19	20	20	21	20
LOC_511	20	22	16	16	20	19	20	20	20	21	21	20
LOC_512	20	25	21	21	20	24	24	20	20	25	25	23
