names	Run1_C_3	Run1_C_4	Run1_C_6	Run1_C_7	root
LOC_1	19	20	21	21	19
LOC_2	20	22	22	21	20
LOC_3	7	7	7	7	7
LOC_4	7	7	7	7	7
LOC_5	7	6	6	6	7
LOC_6	16	16	16	16	16
LOC_7	13	13	13	13	13
LOC_8	21	22	22	22	22
LOC_9	15	15	16	16	15
LOC_10	17	17	19	19	17
LOC_11	24	27	27	27	23
LOC_12	15	17	17	17	17
LOC_13	17	18	18	18	17
LOC_14	18	18	18	17	18
LOC_15	27	24	26	26	27
LOC_16	14	14	17	14	14
LOC_17	15	16	16	16	15
LOC_18	23	24	23	23	23
LOC_19	22	23	21	21	22
LOC_20	15	15	17	17	15
LOC_21	13	13	13	13	13
LOC_22	21	20	20	20	21
LOC_23	16	16	16	16	16
LOC_24	23	23	21	23	23
LOC_25	21	22	26	23	22
LOC_26	15	15	14	14	15
LOC_27	17	17	18	18	17
LOC_28	21	20	20	20	21
LOC_29	26	18	22	24	25
LOC_30	19	19	22	21	19
LOC_31	26	26	26	26	26
LOC_32	21	20	20	20	20
LOC_33	15	21	17	17	15
LOC_34	14	14	15	15	14
LOC_35	19	20	20	20	19
LOC_36	20	19	21	20	20
LOC_37	21	21	21	21	21
LOC_38	16	16	15	16	16
LOC_39	20	20	20	20	20
LOC_40	14	14	14	14	14
LOC_41	21	22	22	20	21
LOC_42	21	23	23	25	21
LOC_43	18	18	18	18	18
LOC_44	18	18	18	19	18
LOC_45	17	18	18	18	18
LOC_46	20	20	25	25	20
LOC_47	15	15	15	15	15
LOC_48	17	16	16	16	17
LOC_49	15	18	18	19	15
LOC_50	16	16	16	16	16
LOC_51	22	20	21	20	20
LOC_52	19	18	18	20	19
LOC_53	23	22	23	23	23
LOC_54	20	21	20	20	20
LOC_55	20	19	19	19	20
LOC_56	18	19	19	19	19
LOC_57	24	22	25	23	23
LOC_58	21	21	22	21	21
LOC_59	9	9	10	10	9
LOC_60	20	20	21	20	20
LOC_61	27	27	29	30	24
LOC_62	18	20	20	20	18
LOC_63	18	18	19	19	17
LOC_64	17	16	17	17	17
LOC_65	17	17	17	17	17
LOC_66	21	22	23	22	21
LOC_67	21	21	20	21	22
LOC_68	16	16	16	16	16
LOC_69	20	19	21	21	21
LOC_70	23	22	23	23	23
LOC_71	16	15	15	15	16
LOC_72	22	19	19	19	20
LOC_73	18	19	19	18	19
LOC_74	22	22	21	22	22
LOC_75	23	23	23	21	23
LOC_76	21	24	21	21	21
LOC_77	14	13	15	15	14
LOC_78	23	23	22	22	22
LOC_79	15	15	15	16	15
LOC_80	24	27	22	22	24
LOC_81	17	16	17	17	16
LOC_82	20	21	23	23	20
LOC_83	18	17	18	17	18
LOC_84	16	17	17	16	16
LOC_85	19	21	22	22	21
LOC_86	16	15	15	15	16
LOC_87	20	21	22	22	20
LOC_88	22	23	22	22	22
LOC_89	26	25	25	25	26
LOC_90	20	17	19	18	20
LOC_91	17	16	17	17	17
LOC_92	19	19	21	21	19
LOC_93	12	13	12	12	12
LOC_94	15	15	16	15	15
LOC_95	13	13	13	13	13
LOC_96	20	20	20	20	20
LOC_97	20	18	18	20	20
LOC_98	16	15	15	15	15
LOC_99	16	16	16	16	16
LOC_100	14	14	15	15	14
LOC_101	22	20	20	20	21
LOC_102	19	17	17	17	19
LOC_103	14	14	14	15	14
LOC_104	21	20	21	21	21
LOC_105	13	16	17	16	16
LOC_106	27	26	27	28	28
LOC_107	15	15	15	15	15
LOC_108	23	23	23	23	23
LOC_109	14	15	15	15	14
LOC_110	16	17	17	17	16
LOC_111	15	14	15	15	15
LOC_112	21	23	25	23	21
LOC_113	14	14	14	14	14
LOC_114	17	17	16	16	17
LOC_115	14	15	14	15	14
LOC_116	14	15	14	14	14
LOC_117	19	19	19	18	19
LOC_118	16	17	16	16	16
LOC_119	23	23	25	22	23
LOC_120	18	18	18	19	18
LOC_121	18	18	18	18	18
LOC_122	20	18	19	19	19
LOC_123	24	24	24	23	24
LOC_124	22	23	22	21	22
LOC_125	27	27	24	25	27
LOC_126	12	13	13	13	14
LOC_127	22	22	22	22	22
LOC_128	19	20	20	19	20
LOC_129	18	19	17	17	19
LOC_130	25	24	21	21	24
LOC_131	15	15	15	16	15
LOC_132	21	20	20	20	21
LOC_133	22	22	23	21	22
LOC_134	24	23	23	23	23
LOC_135	14	16	14	14	14
LOC_136	15	15	15	15	15
LOC_137	24	24	22	23	24
LOC_138	21	20	22	21	21
LOC_139	17	16	16	16	17
LOC_140	17	18	20	18	17
LOC_141	15	16	16	16	15
LOC_142	27	25	25	25	27
LOC_143	21	21	19	19	21
LOC_144	16	16	16	16	16
LOC_145	18	21	20	20	20
LOC_146	19	20	19	19	20
LOC_147	21	21	21	21	21
LOC_148	10	14	14	14	14
LOC_149	18	20	18	18	18
LOC_150	15	15	15	15	15
LOC_151	16	16	16	17	16
LOC_152	20	20	20	20	20
LOC_153	20	20	20	21	20
LOC_154	18	24	23	23	18
LOC_155	21	21	21	20	21
LOC_156	17	17	17	18	17
LOC_157	17	17	18	18	17
LOC_158	23	21	22	21	22
LOC_159	15	16	16	16	15
LOC_160	19	19	17	18	19
LOC_161	23	21	21	21	21
LOC_162	22	21	20	20	20
LOC_163	20	18	18	18	18
LOC_164	20	20	21	20	20
LOC_165	15	15	15	15	15
LOC_166	17	17	17	17	17
LOC_167	16	16	15	16	16
LOC_168	28	26	27	28	28
LOC_169	23	22	22	24	23
LOC_170	17	18	19	18	19
LOC_171	24	23	24	24	23
LOC_172	22	24	25	24	22
LOC_173	16	18	17	17	16
LOC_174	23	22	23	22	22
LOC_175	27	27	28	24	27
LOC_176	14	14	14	14	14
LOC_177	24	21	22	24	24
LOC_178	22	22	22	21	23
LOC_179	23	23	23	23	23
LOC_180	22	22	22	22	22
LOC_181	18	18	20	18	18
LOC_182	24	25	24	23	23
LOC_183	25	27	28	25	25
LOC_184	16	19	15	16	16
LOC_185	20	20	21	20	20
LOC_186	16	16	17	16	16
LOC_187	21	22	21	21	21
LOC_188	24	24	24	25	25
LOC_189	14	14	14	14	14
LOC_190	20	22	21	21	22
LOC_191	17	18	17	16	17
LOC_192	20	21	23	21	21
LOC_193	15	15	15	15	15
LOC_194	19	18	19	19	18
LOC_195	18	18	18	18	18
LOC_196	22	22	22	22	22
LOC_197	22	21	21	21	21
LOC_198	28	28	26	28	27
LOC_199	14	13	15	13	14
LOC_200	23	23	22	22	23
LOC_201	24	24	24	25	24
LOC_202	18	17	17	17	17
LOC_203	18	18	18	17	18
LOC_204	18	19	19	19	18
LOC_205	14	14	14	14	14
LOC_206	18	20	19	20	20
LOC_207	14	14	14	14	14
LOC_208	14	14	14	14	14
LOC_209	17	17	17	17	17
LOC_210	22	22	23	22	22
LOC_211	24	24	22	23	24
LOC_212	23	22	26	26	24
LOC_213	19	18	18	15	19
LOC_214	17	18	18	18	17
LOC_215	16	16	17	16	16
LOC_216	17	21	22	21	20
LOC_217	24	28	29	27	25
LOC_218	17	17	17	17	17
LOC_219	15	15	15	15	15
LOC_220	18	15	18	18	18
LOC_221	23	23	25	25	24
LOC_222	27	24	28	26	28
LOC_223	14	14	14	15	14
LOC_224	16	16	16	16	16
LOC_225	21	24	24	24	21
LOC_226	16	16	16	16	16
LOC_227	7	7	5	5	7
LOC_228	17	16	16	16	16
LOC_229	17	17	17	14	17
LOC_230	19	19	19	18	19
LOC_231	19	22	22	21	19
LOC_232	18	19	20	20	18
LOC_233	15	16	15	15	15
LOC_234	15	15	15	15	15
LOC_235	22	21	21	21	22
LOC_236	17	17	16	16	17
LOC_237	20	20	20	20	20
LOC_238	21	21	22	21	21
LOC_239	22	22	22	22	22
LOC_240	14	15	14	14	14
LOC_241	18	18	18	18	18
LOC_242	18	15	16	16	17
LOC_243	19	19	19	19	19
LOC_244	14	14	14	14	14
LOC_245	24	24	23	22	24
LOC_246	23	26	27	26	24
LOC_247	17	16	16	16	16
LOC_248	18	18	18	18	18
LOC_249	24	22	21	22	24
LOC_250	27	27	27	27	27
LOC_251	17	17	17	17	17
LOC_252	24	21	20	21	22
LOC_253	14	14	14	14	14
LOC_254	16	16	18	18	16
LOC_255	23	23	22	23	23
LOC_256	19	19	19	19	19
LOC_257	20	19	20	20	20
LOC_258	13	13	13	13	13
LOC_259	21	18	20	20	20
LOC_260	21	21	20	22	22
LOC_261	15	17	19	19	15
LOC_262	13	13	13	13	13
LOC_263	18	16	16	16	16
LOC_264	22	22	23	22	22
LOC_265	22	24	24	24	24
LOC_266	19	19	19	19	19
LOC_267	18	18	18	19	18
LOC_268	17	18	18	18	17
LOC_269	16	16	16	16	16
LOC_270	19	19	19	19	19
LOC_271	24	24	22	24	24
LOC_272	22	23	19	21	23
LOC_273	24	22	22	21	24
LOC_274	20	19	22	22	22
LOC_275	15	15	17	16	15
LOC_276	19	23	21	21	20
LOC_277	14	13	13	13	14
LOC_278	14	14	14	14	14
LOC_279	15	14	14	14	15
LOC_280	20	19	21	21	20
LOC_281	20	20	21	20	20
LOC_282	15	15	15	15	15
LOC_283	16	14	14	14	14
LOC_284	14	17	14	14	14
LOC_285	30	29	30	28	29
LOC_286	18	19	20	20	18
LOC_287	28	29	30	30	28
LOC_288	17	17	17	17	17
LOC_289	15	17	15	15	15
LOC_290	19	20	20	20	19
LOC_291	18	20	19	19	18
LOC_292	19	19	19	19	19
LOC_293	15	15	16	15	15
LOC_294	27	26	25	25	25
LOC_295	18	18	18	18	18
LOC_296	14	14	14	13	14
LOC_297	15	16	16	16	15
LOC_298	17	16	17	17	17
LOC_299	16	16	21	19	16
LOC_300	17	17	17	17	17
LOC_301	20	20	21	20	20
LOC_302	24	25	24	22	24
LOC_303	18	19	18	18	18
LOC_304	14	14	14	14	14
LOC_305	17	17	17	18	17
LOC_306	23	24	24	25	26
LOC_307	22	20	22	19	22
LOC_308	21	21	21	21	22
LOC_309	22	23	21	22	22
LOC_310	15	15	15	15	15
LOC_311	18	17	17	18	18
LOC_312	18	18	18	18	18
LOC_313	16	15	18	15	16
LOC_314	15	15	15	15	15
LOC_315	13	15	15	15	15
LOC_316	26	26	26	25	26
LOC_317	22	21	22	21	21
LOC_318	22	21	24	23	22
LOC_319	23	22	26	25	22
LOC_320	21	16	16	16	21
LOC_321	16	16	15	15	16
LOC_322	13	12	12	12	12
LOC_323	14	14	13	13	14
LOC_324	21	23	23	23	21
LOC_325	16	16	16	16	16
LOC_326	16	16	16	16	16
LOC_327	15	15	15	15	15
LOC_328	20	20	21	21	20
LOC_329	23	23	23	23	23
LOC_330	22	23	21	20	22
LOC_331	23	23	23	24	23
LOC_332	15	15	15	14	15
LOC_333	15	14	14	14	14
LOC_334	19	19	21	21	19
LOC_335	24	23	24	24	23
LOC_336	24	24	24	24	24
LOC_337	20	19	21	19	20
LOC_338	19	19	19	19	19
LOC_339	17	19	17	17	17
LOC_340	13	13	13	13	13
LOC_341	20	21	17	19	20
LOC_342	14	14	14	14	14
LOC_343	20	22	20	20	20
LOC_344	18	17	19	19	17
LOC_345	15	15	15	15	15
LOC_346	23	23	22	22	23
LOC_347	22	24	21	20	20
LOC_348	20	20	19	20	20
LOC_349	15	15	14	14	15
LOC_350	17	17	17	16	17
LOC_351	26	25	27	27	26
LOC_352	20	20	20	19	20
LOC_353	18	17	18	18	18
LOC_354	15	15	15	18	15
LOC_355	14	14	14	14	14
LOC_356	17	17	17	17	17
LOC_357	16	16	17	17	16
LOC_358	7	7	7	7	7
LOC_359	19	20	19	19	19
LOC_360	24	24	23	24	24
LOC_361	21	21	19	19	21
LOC_362	22	22	23	22	22
LOC_363	8	9	8	8	8
LOC_364	14	14	14	14	14
LOC_365	25	24	23	24	25
LOC_366	17	17	16	17	17
LOC_367	16	17	20	18	16
LOC_368	23	24	23	24	24
LOC_369	27	27	27	31	28
LOC_370	18	18	17	17	18
LOC_371	23	24	22	22	23
LOC_372	21	22	22	23	21
LOC_373	14	14	12	10	14
LOC_374	15	15	17	18	15
LOC_375	18	18	19	19	18
LOC_376	20	20	20	20	20
LOC_377	23	24	26	25	23
LOC_378	23	23	23	23	23
LOC_379	18	16	18	18	18
LOC_380	17	18	19	18	18
LOC_381	14	14	14	14	14
LOC_382	18	18	18	18	18
LOC_383	17	17	16	16	17
LOC_384	14	14	14	14	14
LOC_385	21	18	18	19	18
LOC_386	19	19	18	19	19
LOC_387	17	17	17	18	17
LOC_388	29	32	28	28	28
LOC_389	18	19	18	19	18
LOC_390	7	7	7	7	7
LOC_391	21	22	22	21	22
LOC_392	25	22	22	22	22
LOC_393	16	15	15	14	15
LOC_394	16	16	16	16	16
LOC_395	20	21	20	19	20
LOC_396	17	17	16	18	17
LOC_397	19	19	20	21	19
LOC_398	18	17	17	17	17
LOC_399	30	29	29	30	29
LOC_400	15	15	15	15	15
LOC_401	13	13	17	17	13
LOC_402	14	14	14	15	14
LOC_403	14	14	15	14	14
LOC_404	10	10	10	10	10
LOC_405	16	16	18	16	16
LOC_406	19	20	20	19	19
LOC_407	17	17	17	17	17
LOC_408	14	14	14	14	14
LOC_409	15	15	15	15	15
LOC_410	16	16	16	16	16
LOC_411	14	14	14	14	14
LOC_412	19	18	22	20	19
LOC_413	18	21	19	20	20
LOC_414	15	16	16	16	15
LOC_415	15	14	13	13	14
LOC_416	17	17	17	17	17
LOC_417	14	15	15	15	14
LOC_418	14	14	14	15	14
LOC_419	14	14	15	15	15
LOC_420	13	13	13	13	13
LOC_421	17	16	16	16	17
LOC_422	24	22	23	22	23
LOC_423	9	10	9	10	9
LOC_424	20	20	22	22	20
LOC_425	16	16	16	18	16
LOC_426	18	17	17	16	17
LOC_427	20	20	19	19	20
LOC_428	14	16	16	16	16
LOC_429	20	19	20	21	19
LOC_430	19	22	20	20	19
LOC_431	19	18	19	19	19
LOC_432	14	14	15	15	14
LOC_433	23	23	22	24	23
LOC_434	19	19	18	18	19
LOC_435	24	26	26	25	25
LOC_436	23	25	26	25	24
LOC_437	21	22	23	22	22
LOC_438	24	22	25	27	23
LOC_439	16	19	16	16	16
LOC_440	20	19	18	18	20
LOC_441	17	17	16	16	16
LOC_442	23	22	22	22	22
LOC_443	19	19	18	18	18
LOC_444	20	19	21	21	20
LOC_445	22	21	23	22	22
LOC_446	18	18	16	18	18
LOC_447	18	18	16	18	18
LOC_448	27	27	28	27	28
LOC_449	17	17	17	17	17
LOC_450	20	20	20	20	20
LOC_451	14	14	14	14	14
LOC_452	20	19	19	19	19
LOC_453	18	18	18	18	18
LOC_454	21	19	21	20	21
LOC_455	16	15	15	15	16
LOC_456	17	15	15	15	15
LOC_457	25	20	24	23	22
LOC_458	16	16	16	16	16
LOC_459	7	7	7	7	7
LOC_460	18	20	18	18	18
LOC_461	14	14	14	14	14
LOC_462	21	24	21	21	21
LOC_463	25	27	28	25	25
LOC_464	18	19	18	15	18
LOC_465	24	28	25	25	25
LOC_466	24	22	24	24	24
LOC_467	19	19	20	19	19
LOC_468	14	14	14	14	14
LOC_469	23	22	22	22	23
LOC_470	24	23	24	24	23
LOC_471	19	19	21	21	19
LOC_472	16	16	18	18	16
LOC_473	21	22	21	21	21
LOC_474	15	15	15	14	15
LOC_475	16	16	16	16	16
LOC_476	16	16	15	16	16
LOC_477	19	18	18	20	19
LOC_478	16	17	20	16	16
LOC_479	17	18	18	18	17
LOC_480	17	17	18	19	17
LOC_481	16	16	16	16	16
LOC_482	17	18	17	17	17
LOC_483	25	24	24	24	24
LOC_484	24	23	26	24	25
LOC_485	18	17	17	17	17
LOC_486	23	24	23	23	23
LOC_487	17	18	17	17	17
LOC_488	23	22	22	22	23
LOC_489	18	18	18	18	18
LOC_490	15	14	16	15	14
LOC_491	21	20	20	20	21
LOC_492	20	18	20	20	20
LOC_493	28	27	25	26	27
LOC_494	17	18	16	16	17
LOC_495	24	22	21	21	23
LOC_496	22	23	22	24	22
LOC_497	20	21	20	21	20
LOC_498	8	8	8	8	8
LOC_499	21	20	22	21	21
LOC_500	19	19	19	19	19
LOC_501	17	17	17	18	17
LOC_502	28	26	26	25	27
LOC_503	7	7	7	7	7
LOC_504	15	14	13	13	15
LOC_505	22	22	22	22	21
LOC_506	14	14	14	14	14
LOC_507	14	14	15	15	14
LOC_508	18	22	24	22	18
LOC_509	19	19	19	19	19
LOC_510	20	20	20	19	20
LOC_511	20	19	19	19	20
LOC_512	23	23	22	22	23
