names	Run1_C_9	Run1_C_11	Run1_C_15	Run1_C_17	Run1_C_18	Run1_C_19	Run1_C_20	Run1_C_22	Run1_C_23	Run1_C_24	Run1_C_25	Run1_C_26	Run1_C_27	Run1_C_28	Run1_C_29	root
LOC_1	22	17	21	23	19	19	19	21	21	20	19	17	17	16	17	19
LOC_2	20	19	21	20	20	20	22	21	21	21	21	21	20	18	19	20
LOC_3	7	7	7	7	7	7	7	7	7	7	5	7	7	7	7	7
LOC_4	7	7	7	7	7	7	7	8	7	7	6	7	7	7	7	7
LOC_5	7	7	7	8	7	7	7	8	8	7	7	7	7	7	7	7
LOC_6	17	16	16	16	15	16	18	16	16	18	18	16	16	19	19	16
LOC_7	13	13	13	13	13	14	13	13	14	13	13	13	13	13	13	13
LOC_8	23	22	23	23	24	24	20	25	23	20	19	25	24	25	25	22
LOC_9	17	15	17	17	16	16	15	17	17	16	16	17	17	17	17	15
LOC_10	17	17	17	17	16	17	17	17	17	18	18	17	17	17	17	17
LOC_11	25	25	26	25	26	25	24	25	25	22	23	26	26	27	27	23
LOC_12	17	17	19	17	17	17	17	17	17	17	17	17	16	18	20	17
LOC_13	16	16	16	16	16	16	17	16	16	17	17	17	16	16	18	17
LOC_14	19	18	19	18	18	18	18	18	18	18	18	18	18	18	18	18
LOC_15	24	25	26	24	28	28	31	24	24	28	28	24	31	26	26	27
LOC_16	14	14	14	14	14	14	14	14	14	14	14	14	14	14	15	14
LOC_17	18	15	15	15	15	15	17	16	15	16	15	13	15	15	15	15
LOC_18	23	24	22	22	25	26	24	22	22	25	25	23	25	24	24	23
LOC_19	21	21	21	22	21	22	21	22	23	20	21	19	19	20	20	22
LOC_20	15	15	15	13	15	15	14	13	13	13	13	16	16	15	14	15
LOC_21	16	14	14	14	14	13	14	14	14	14	14	14	15	14	14	13
LOC_22	20	22	22	20	22	22	21	22	22	20	21	23	23	23	22	21
LOC_23	14	14	14	14	15	16	16	16	14	15	16	15	14	14	14	16
LOC_24	23	20	21	21	23	22	23	22	21	23	24	22	23	22	23	23
LOC_25	19	22	21	22	21	21	24	21	21	22	21	20	20	20	20	22
LOC_26	16	15	17	17	15	15	15	17	17	15	16	15	15	17	17	15
LOC_27	15	14	16	15	16	16	17	13	16	18	18	16	18	14	16	17
LOC_28	22	25	21	25	21	21	22	22	22	22	21	27	25	27	25	21
LOC_29	26	25	25	27	28	27	24	26	26	24	26	26	27	26	25	25
LOC_30	20	20	19	21	18	18	19	21	21	21	21	20	20	21	20	19
LOC_31	27	24	25	26	29	26	25	25	26	27	27	23	26	25	25	26
LOC_32	20	19	20	20	20	20	19	20	20	19	19	21	22	22	22	20
LOC_33	15	15	15	16	15	15	15	16	16	15	15	15	15	15	15	15
LOC_34	14	14	15	15	14	16	15	15	15	15	14	15	14	14	14	14
LOC_35	20	21	21	21	17	17	20	21	21	21	20	20	22	20	20	19
LOC_36	19	20	20	20	20	20	20	20	20	21	20	19	19	21	22	20
LOC_37	21	21	21	21	21	21	20	22	22	22	22	22	25	24	22	21
LOC_38	16	16	16	16	16	16	16	16	16	17	14	16	16	16	16	16
LOC_39	22	21	23	24	22	21	20	26	25	22	22	20	21	19	21	20
LOC_40	11	12	11	12	12	12	15	12	12	15	15	12	12	12	12	14
LOC_41	20	17	19	19	21	21	21	19	18	21	22	20	20	20	20	21
LOC_42	21	21	22	21	21	21	21	21	21	22	21	21	21	21	21	21
LOC_43	18	18	18	19	18	17	18	18	18	18	17	18	18	18	17	18
LOC_44	18	16	18	21	18	18	18	21	21	18	18	18	18	18	19	18
LOC_45	19	18	18	18	18	18	19	16	16	18	18	20	20	20	20	18
LOC_46	20	23	20	19	20	20	20	20	19	22	21	19	19	20	20	20
LOC_47	15	15	15	19	15	15	15	16	17	15	14	16	15	15	15	15
LOC_48	17	16	16	17	18	20	17	17	16	17	17	15	15	16	16	17
LOC_49	15	16	15	16	15	16	15	16	16	15	15	15	15	15	15	15
LOC_50	15	15	15	15	16	16	16	15	15	16	16	17	17	17	17	16
LOC_51	19	19	18	20	21	21	20	19	19	21	20	19	19	20	18	20
LOC_52	17	19	16	17	19	19	19	17	17	19	19	19	19	19	19	19
LOC_53	22	22	21	21	20	22	24	21	21	24	24	22	19	21	22	23
LOC_54	20	20	21	21	20	20	20	21	21	20	20	20	20	20	20	20
LOC_55	21	19	21	19	17	19	21	18	18	20	20	20	19	19	18	20
LOC_56	19	21	19	20	19	19	19	19	19	21	21	20	20	20	20	19
LOC_57	23	23	25	24	22	22	23	23	25	24	20	24	25	22	24	23
LOC_58	22	21	23	23	21	21	20	23	23	21	21	20	20	20	20	21
LOC_59	9	9	9	9	9	9	9	8	8	9	9	10	10	10	10	9
LOC_60	20	20	20	21	21	20	20	21	20	20	20	19	19	17	17	20
LOC_61	21	23	22	21	24	25	24	24	18	24	24	24	23	23	23	24
LOC_62	17	15	18	19	16	16	19	18	18	19	19	13	14	13	13	18
LOC_63	18	17	17	18	18	17	17	17	17	17	18	15	15	16	17	17
LOC_64	17	16	19	17	17	17	18	16	16	20	18	16	16	17	17	17
LOC_65	18	18	17	19	19	17	17	17	17	17	17	20	21	18	18	17
LOC_66	21	20	20	18	20	20	21	19	20	20	23	18	19	20	20	21
LOC_67	21	21	20	22	23	28	22	20	20	24	22	23	23	20	20	22
LOC_68	16	16	17	17	16	16	14	17	17	16	16	17	14	18	18	16
LOC_69	21	21	19	19	22	21	21	20	21	21	22	19	18	19	19	21
LOC_70	24	25	24	24	25	25	25	23	23	25	25	24	23	25	25	23
LOC_71	14	16	14	14	13	15	16	14	14	16	16	15	15	15	15	16
LOC_72	19	19	19	19	20	20	22	19	19	22	20	19	19	19	19	20
LOC_73	18	20	19	18	19	19	19	18	18	21	21	18	20	20	17	19
LOC_74	22	21	23	24	22	22	22	27	27	20	20	21	21	25	21	22
LOC_75	22	28	25	24	23	23	26	24	24	25	26	21	25	23	22	23
LOC_76	18	18	17	18	19	18	22	18	18	23	22	18	18	21	19	21
LOC_77	13	13	14	14	14	14	14	16	14	13	14	14	13	13	13	14
LOC_78	20	21	20	21	21	21	22	21	22	21	21	20	20	21	21	22
LOC_79	15	15	15	15	15	15	15	14	18	16	15	13	13	14	14	15
LOC_80	23	23	21	20	26	24	25	20	20	25	25	23	23	23	24	24
LOC_81	16	17	16	15	16	16	16	15	15	16	16	18	17	18	17	16
LOC_82	22	22	22	23	22	21	21	22	23	21	21	20	20	20	20	20
LOC_83	21	21	20	19	21	19	18	21	20	21	18	19	19	19	19	18
LOC_84	16	16	17	17	16	16	14	17	17	15	15	16	16	16	17	16
LOC_85	21	22	21	22	21	21	21	22	21	21	21	22	22	20	21	21
LOC_86	16	16	16	17	16	16	17	16	16	17	16	16	16	16	16	16
LOC_87	20	20	16	16	20	19	20	16	16	20	20	22	22	22	23	20
LOC_88	20	20	20	20	19	20	23	20	20	22	23	21	21	21	20	22
LOC_89	24	24	25	24	24	24	28	24	24	24	25	24	24	24	24	26
LOC_90	22	22	22	19	24	25	19	21	22	20	20	25	26	19	23	20
LOC_91	18	20	18	18	19	18	17	20	20	17	18	21	20	18	18	17
LOC_92	18	19	18	18	19	19	19	18	19	17	17	21	20	20	20	19
LOC_93	12	13	12	12	15	12	12	12	12	11	11	13	13	12	11	12
LOC_94	14	15	15	15	13	13	15	15	15	15	15	16	17	16	16	15
LOC_95	13	13	13	13	13	13	13	13	13	13	13	13	13	13	13	13
LOC_96	21	20	21	20	20	20	22	22	23	20	20	20	20	20	20	20
LOC_97	18	17	18	17	18	18	20	17	17	20	20	17	17	17	17	20
LOC_98	15	16	15	15	15	15	16	16	16	16	16	14	16	16	16	15
LOC_99	16	16	16	16	15	17	16	15	14	17	17	17	17	17	17	16
LOC_100	16	18	16	16	14	14	14	16	16	14	14	16	13	16	16	14
LOC_101	19	21	19	19	21	21	22	21	20	20	20	21	21	20	20	21
LOC_102	20	19	19	17	20	21	19	18	18	19	19	20	18	18	19	19
LOC_103	13	13	13	13	14	14	14	13	13	14	14	14	14	14	10	14
LOC_104	21	19	21	21	20	19	21	22	21	21	21	21	21	17	21	21
LOC_105	17	16	16	16	16	16	17	16	16	16	16	16	17	15	15	16
LOC_106	23	26	23	25	25	25	29	26	26	27	27	26	29	26	25	28
LOC_107	15	14	15	15	14	14	16	15	17	15	16	16	16	15	15	15
LOC_108	23	23	23	23	22	23	24	22	23	22	22	23	23	21	21	23
LOC_109	18	15	15	15	13	13	14	15	15	14	14	16	16	15	15	14
LOC_110	17	16	18	18	16	17	16	18	18	16	16	15	15	17	17	16
LOC_111	16	15	18	16	15	15	15	15	15	15	15	15	15	15	15	15
LOC_112	22	20	22	22	21	21	22	22	22	22	22	22	23	19	19	21
LOC_113	14	14	14	14	14	14	14	14	14	14	14	14	14	14	14	14
LOC_114	22	19	23	21	20	19	17	21	23	17	17	19	19	23	22	17
LOC_115	14	14	14	14	14	14	14	14	14	14	14	14	14	14	14	14
LOC_116	14	14	14	14	15	14	14	14	14	12	12	14	14	14	14	14
LOC_117	20	19	19	20	19	19	19	19	19	19	19	19	19	19	19	19
LOC_118	16	17	16	18	16	16	16	17	18	16	16	19	19	17	17	16
LOC_119	22	20	22	24	23	23	24	22	20	23	23	21	19	22	21	23
LOC_120	18	18	18	18	18	18	18	18	18	18	18	18	20	18	18	18
LOC_121	18	14	18	18	18	18	18	18	18	18	18	18	19	17	18	18
LOC_122	20	20	20	20	20	21	18	20	20	15	18	20	19	22	20	19
LOC_123	25	24	23	26	25	25	23	24	24	24	24	24	24	24	25	24
LOC_124	25	25	27	31	25	25	21	29	29	21	21	26	25	28	27	22
LOC_125	25	25	25	24	27	26	27	24	26	27	28	24	25	25	25	27
LOC_126	18	14	14	14	14	8	14	14	14	16	15	14	14	14	14	14
LOC_127	21	22	21	25	20	21	22	21	21	22	22	23	22	21	21	22
LOC_128	21	21	21	20	20	20	22	20	20	21	21	21	19	21	21	20
LOC_129	21	21	20	20	20	18	17	20	20	19	19	20	20	20	20	19
LOC_130	25	24	25	26	23	24	21	26	27	22	22	24	22	24	23	24
LOC_131	16	17	16	15	15	15	15	18	18	13	14	18	18	18	17	15
LOC_132	26	23	25	27	21	21	21	25	26	22	19	20	22	21	21	21
LOC_133	22	22	22	22	20	22	22	22	23	22	22	22	22	22	23	22
LOC_134	22	25	24	24	25	23	23	23	22	22	23	24	25	24	24	23
LOC_135	15	15	15	15	15	15	14	17	17	14	14	15	15	15	15	14
LOC_136	14	14	16	16	15	15	15	16	16	15	15	14	14	14	14	15
LOC_137	22	24	21	21	24	24	23	21	21	23	22	25	25	25	25	24
LOC_138	21	22	21	22	21	22	21	20	22	20	21	22	22	23	22	21
LOC_139	17	17	19	19	17	17	17	18	18	18	18	19	17	17	17	17
LOC_140	17	18	17	17	17	15	17	17	16	17	17	18	17	18	18	17
LOC_141	13	14	14	14	15	15	15	15	15	15	15	13	14	14	14	15
LOC_142	28	31	26	29	27	27	27	31	31	26	25	28	27	34	34	27
LOC_143	21	20	18	19	21	21	21	20	20	20	20	21	21	19	19	21
LOC_144	16	16	16	16	16	16	16	16	16	17	17	17	17	17	17	16
LOC_145	20	21	21	22	20	20	21	21	20	22	21	19	19	19	19	20
LOC_146	21	21	22	21	21	21	21	21	21	23	20	21	22	24	24	20
LOC_147	20	21	20	20	22	22	19	20	22	20	18	20	23	20	20	21
LOC_148	16	15	17	16	14	14	14	15	16	17	14	16	16	17	16	14
LOC_149	18	17	19	19	18	18	18	19	19	20	21	18	18	18	17	18
LOC_150	15	14	15	15	15	15	15	15	15	15	16	15	16	15	15	15
LOC_151	16	17	17	16	16	16	16	17	16	18	16	17	17	17	17	16
LOC_152	21	21	20	21	21	23	21	21	21	21	19	24	28	24	24	20
LOC_153	20	20	20	20	20	21	20	18	18	20	20	20	20	20	21	20
LOC_154	17	19	17	17	17	17	18	17	17	18	18	17	17	17	20	18
LOC_155	21	22	22	24	23	22	21	23	23	20	20	24	23	26	25	21
LOC_156	18	17	19	17	15	16	17	18	18	17	17	18	18	18	18	17
LOC_157	17	17	17	19	17	15	18	19	19	17	17	16	17	17	17	17
LOC_158	21	21	21	21	21	21	22	19	19	22	22	21	20	21	21	22
LOC_159	15	13	14	15	15	16	15	14	14	13	13	15	15	16	15	15
LOC_160	20	21	20	20	22	23	19	21	19	19	19	23	22	23	23	19
LOC_161	22	21	22	25	24	25	21	21	23	21	21	19	20	21	22	21
LOC_162	19	17	20	19	19	19	19	19	19	20	20	19	19	19	19	20
LOC_163	20	19	19	19	20	19	23	19	18	22	22	19	19	19	19	18
LOC_164	20	19	20	20	19	18	22	18	18	22	21	17	17	19	19	20
LOC_165	17	16	16	16	15	15	15	15	15	14	15	15	16	16	16	15
LOC_166	17	16	17	17	18	18	18	19	19	17	17	16	16	16	16	17
LOC_167	16	16	16	15	20	21	17	15	15	16	15	16	16	16	15	16
LOC_168	30	26	28	29	26	28	27	27	27	25	28	25	26	26	25	28
LOC_169	23	23	23	24	22	24	22	24	24	22	22	23	23	27	24	23
LOC_170	19	19	19	19	20	20	19	19	19	20	20	19	19	19	19	19
LOC_171	25	22	23	23	23	24	20	23	23	21	21	24	24	23	23	23
LOC_172	23	22	20	22	23	22	24	24	23	22	22	21	21	19	21	22
LOC_173	17	17	17	17	17	17	16	17	17	16	16	17	17	17	17	16
LOC_174	21	21	22	22	21	21	22	24	25	23	23	21	21	19	19	22
LOC_175	29	30	29	26	29	28	27	26	27	26	26	32	33	27	31	27
LOC_176	14	14	16	15	15	15	16	15	15	18	16	14	14	13	14	14
LOC_177	23	22	22	23	25	26	23	22	22	29	29	23	23	23	22	24
LOC_178	22	22	22	23	25	23	21	22	22	23	23	22	21	21	21	23
LOC_179	22	25	22	24	23	23	24	22	22	24	25	21	21	21	20	23
LOC_180	19	20	19	19	20	20	18	19	19	21	21	22	21	21	21	22
LOC_181	18	18	18	18	18	18	18	20	19	18	18	19	20	19	19	18
LOC_182	22	24	22	24	22	24	25	25	25	25	25	24	25	25	24	23
LOC_183	24	24	23	22	26	25	25	23	23	27	24	24	24	24	23	25
LOC_184	16	16	16	17	16	16	16	17	17	16	16	16	15	15	15	16
LOC_185	21	19	21	22	19	20	20	23	22	20	20	20	20	20	20	20
LOC_186	15	16	16	16	16	16	17	18	18	17	17	16	15	16	16	16
LOC_187	22	23	23	22	22	21	20	22	23	21	21	22	23	23	23	21
LOC_188	27	24	26	27	24	24	25	25	26	25	25	25	25	28	25	25
LOC_189	15	14	15	14	14	14	15	14	14	15	14	14	14	14	14	14
LOC_190	20	20	20	19	19	19	21	19	19	21	21	20	20	20	18	22
LOC_191	17	17	18	18	16	16	17	19	19	17	15	17	16	18	18	17
LOC_192	20	21	22	22	21	23	21	22	22	21	21	20	19	21	21	21
LOC_193	15	15	15	14	15	15	17	14	14	15	15	15	12	16	16	15
LOC_194	16	17	16	16	18	18	18	16	16	19	19	15	15	16	16	18
LOC_195	19	19	19	19	18	19	18	19	18	18	18	20	19	19	19	18
LOC_196	21	21	22	20	22	22	23	20	20	23	24	20	20	20	21	22
LOC_197	21	21	21	21	23	22	20	20	20	21	22	22	22	22	22	21
LOC_198	26	28	28	26	25	28	27	27	26	26	26	28	25	25	28	27
LOC_199	14	13	17	16	17	16	14	16	16	14	14	12	13	13	13	14
LOC_200	25	22	23	26	24	23	23	23	23	23	22	24	24	24	23	23
LOC_201	24	25	25	24	24	24	24	26	25	23	23	23	24	24	23	24
LOC_202	17	17	17	17	17	17	18	17	17	18	17	17	17	17	17	17
LOC_203	18	18	17	18	17	19	18	22	18	18	18	18	18	20	21	18
LOC_204	18	18	18	18	18	18	18	18	17	18	18	18	19	18	18	18
LOC_205	13	13	13	13	13	13	14	14	13	14	14	13	13	15	13	14
LOC_206	20	20	18	20	19	20	20	18	18	20	21	20	20	20	19	20
LOC_207	13	11	13	13	14	15	13	13	13	15	15	15	17	15	15	14
LOC_208	14	14	17	18	15	15	14	18	18	14	14	14	14	14	14	14
LOC_209	17	19	20	23	19	19	17	22	23	18	18	20	22	21	20	17
LOC_210	25	23	24	23	23	23	22	24	24	23	19	24	24	27	24	22
LOC_211	18	18	20	20	25	24	25	21	22	23	23	18	17	18	18	24
LOC_212	26	25	25	24	23	24	24	25	25	24	24	28	26	25	25	24
LOC_213	20	21	20	19	19	19	19	19	19	19	19	21	21	19	18	19
LOC_214	18	19	18	19	17	17	16	19	19	17	18	19	18	18	20	17
LOC_215	15	15	15	15	16	16	16	15	16	15	16	13	13	13	13	16
LOC_216	21	20	20	17	20	20	21	19	18	22	21	20	20	20	20	20
LOC_217	27	28	25	25	26	28	25	25	25	25	25	25	26	25	25	25
LOC_218	17	17	17	18	17	17	18	16	20	18	18	18	18	18	18	17
LOC_219	15	15	17	15	15	15	15	16	15	15	16	16	16	16	16	15
LOC_220	18	19	18	17	18	18	18	15	15	18	18	20	19	19	18	18
LOC_221	24	25	24	22	24	24	24	24	24	24	24	29	30	29	27	24
LOC_222	26	28	27	30	30	32	29	32	33	30	32	29	26	30	30	28
LOC_223	15	14	14	13	14	14	14	13	13	14	14	14	14	14	14	14
LOC_224	16	17	16	16	16	16	16	16	13	16	18	16	16	14	14	16
LOC_225	17	17	17	17	17	17	19	16	17	19	19	17	17	17	17	21
LOC_226	15	17	15	15	15	16	16	15	15	16	16	19	17	19	19	16
LOC_227	7	7	7	7	7	7	7	7	7	7	7	7	7	7	7	7
LOC_228	16	16	16	18	15	15	16	16	16	15	17	14	16	16	16	16
LOC_229	16	17	19	19	17	17	17	18	19	17	17	17	17	17	17	17
LOC_230	19	19	19	19	19	19	18	19	19	16	16	19	19	19	19	19
LOC_231	23	20	25	25	19	20	19	28	27	19	19	21	20	21	21	19
LOC_232	18	19	16	18	19	18	18	17	18	18	18	18	18	18	18	18
LOC_233	16	15	15	15	15	15	15	15	15	15	16	15	15	15	15	15
LOC_234	15	15	15	15	15	15	15	15	15	16	15	15	15	17	15	15
LOC_235	25	25	25	25	22	22	22	24	25	23	26	24	25	23	24	22
LOC_236	17	18	18	18	17	17	17	20	18	16	17	18	18	16	19	17
LOC_237	20	19	20	21	19	21	20	20	20	20	20	20	20	20	20	20
LOC_238	21	23	21	22	21	21	21	22	22	21	21	22	21	22	22	21
LOC_239	25	24	24	24	25	25	23	23	22	23	23	24	23	22	22	22
LOC_240	15	11	16	19	14	16	14	18	18	14	14	14	15	15	14	14
LOC_241	20	17	19	18	18	18	18	18	18	18	18	16	17	17	17	18
LOC_242	18	16	17	17	17	17	19	17	17	18	17	17	17	17	17	17
LOC_243	24	27	23	23	22	23	19	23	22	23	20	22	23	23	23	19
LOC_244	14	14	13	11	14	14	14	14	14	14	14	15	15	15	15	14
LOC_245	22	23	25	23	23	23	24	24	23	23	21	17	22	22	23	24
LOC_246	21	20	21	21	26	26	23	21	21	23	23	21	21	21	20	24
LOC_247	16	17	13	17	16	17	15	16	16	18	18	18	18	21	18	16
LOC_248	17	17	17	19	19	18	17	19	19	19	18	20	17	17	17	18
LOC_249	23	25	24	22	24	23	24	23	23	22	22	25	25	25	27	24
LOC_250	25	27	27	26	26	25	27	26	25	26	26	27	29	27	27	27
LOC_251	20	16	17	17	17	17	17	17	17	17	17	19	19	21	20	17
LOC_252	21	21	20	17	21	21	22	20	20	22	22	19	20	18	18	22
LOC_253	14	15	14	14	14	14	16	15	15	15	15	14	11	15	16	14
LOC_254	16	15	15	17	17	16	17	19	17	16	17	16	16	16	16	16
LOC_255	23	23	18	21	24	24	25	22	22	27	27	22	23	23	23	23
LOC_256	19	18	19	18	17	20	19	18	18	20	19	17	18	19	18	19
