names	Run1_C_8	Run1_C_12	Run1_C_14	Run1_C_15	Run1_C_18	Run1_C_19	Run1_C_20	Run1_C_22	Run1_C_23	Run1_C_24	Run1_C_25	Run1_C_26	Run1_C_28	Run1_C_29	Run1_C_30	Run1_C_31	root
LOC_1	19	19	19	19	19	19	19	18	19	19	19	19	19	18	18	20	19
LOC_2	19	21	19	20	21	21	19	19	19	19	19	20	21	20	19	20	20
LOC_3	7	8	7	7	7	7	7	7	7	8	7	7	7	7	7	7	7
LOC_4	7	7	7	7	9	9	7	7	7	7	7	7	7	7	8	7	7
LOC_5	7	7	7	7	9	7	6	5	5	5	5	7	8	7	7	8	7
LOC_6	15	18	16	16	19	19	16	16	16	17	16	18	18	18	18	16	16
LOC_7	13	13	12	12	13	13	12	12	12	12	13	13	13	13	14	13	13
LOC_8	22	20	18	18	19	20	17	17	17	17	17	20	21	21	22	22	22
LOC_9	15	15	15	15	15	15	14	15	15	15	15	13	15	15	15	15	15
LOC_10	18	17	17	17	17	17	18	18	18	18	18	17	17	17	17	17	17
LOC_11	26	27	26	26	25	23	27	26	25	27	26	24	24	26	23	23	23
LOC_12	17	17	19	20	17	17	17	17	17	17	17	18	17	17	17	17	17
LOC_13	17	17	16	15	19	17	17	17	17	18	19	17	18	16	17	17	17
LOC_14	22	18	23	25	18	18	19	20	21	20	20	18	19	19	19	19	18
LOC_15	26	29	25	21	30	29	26	28	28	25	26	28	28	29	29	32	27
LOC_16	14	14	14	14	14	14	14	15	14	15	14	15	15	15	14	13	14
LOC_17	16	15	17	17	15	15	16	16	16	16	16	17	15	18	15	15	15
LOC_18	23	24	23	24	24	23	21	21	21	21	20	24	27	26	23	24	23
LOC_19	22	23	23	22	20	21	20	22	23	23	23	22	22	22	19	21	22
LOC_20	15	14	16	15	14	14	15	15	16	18	18	14	14	14	15	15	15
LOC_21	13	14	13	13	12	13	14	13	13	13	13	15	15	15	14	14	13
LOC_22	21	21	22	20	21	22	20	19	19	22	19	21	20	21	21	21	21
LOC_23	16	18	16	15	16	17	16	17	18	16	15	16	14	15	17	16	16
LOC_24	23	23	23	23	23	23	23	23	24	22	25	25	22	24	22	24	23
LOC_25	21	22	21	21	21	21	21	19	17	23	21	21	23	24	22	23	22
LOC_26	15	15	17	16	15	15	14	17	17	15	15	15	14	14	15	15	15
LOC_27	17	17	16	16	17	16	17	16	13	17	17	17	17	17	17	17	17
LOC_28	21	22	20	20	23	25	21	21	20	19	18	22	25	24	23	23	21
LOC_29	21	23	25	25	23	25	23	24	24	26	26	23	21	21	25	23	25
LOC_30	20	19	23	23	19	19	22	20	21	23	21	19	20	19	20	20	19
LOC_31	23	25	27	25	26	25	23	29	27	24	26	25	26	25	25	25	26
LOC_32	20	22	22	23	19	19	20	22	20	19	19	21	21	21	21	19	20
LOC_33	15	15	15	15	15	15	15	15	14	15	15	15	15	15	14	14	15
LOC_34	15	15	15	15	15	16	15	15	15	15	15	17	15	15	15	15	14
LOC_35	19	20	16	18	20	20	17	19	19	17	17	20	21	21	19	19	19
LOC_36	20	20	20	20	19	20	18	19	21	18	18	21	21	21	19	19	20
LOC_37	22	20	21	21	20	18	21	24	24	21	21	21	21	21	20	20	21
LOC_38	15	18	15	15	16	16	12	15	15	12	12	16	17	15	13	13	16
LOC_39	20	21	18	18	20	20	18	18	18	18	18	19	19	19	21	21	20
LOC_40	14	16	15	15	15	15	14	14	14	13	13	16	19	16	14	14	14
LOC_41	21	23	23	22	20	23	22	22	22	22	22	23	25	22	21	21	21
LOC_42	22	19	21	21	22	22	20	20	20	20	20	21	20	21	21	21	21
LOC_43	19	18	19	19	18	18	20	21	21	22	21	17	19	18	18	18	18
LOC_44	18	18	18	18	17	17	18	17	17	18	18	19	21	18	18	18	18
LOC_45	18	20	18	18	18	18	18	18	19	19	18	21	19	21	19	19	18
LOC_46	19	18	20	19	19	19	20	20	20	20	22	18	18	19	20	20	20
LOC_47	15	15	16	17	15	15	15	13	13	15	15	15	15	16	15	15	15
LOC_48	17	18	17	15	17	17	17	18	17	17	17	18	18	18	17	17	17
LOC_49	17	15	15	17	15	15	15	15	15	15	15	15	15	15	14	14	15
LOC_50	16	16	16	16	17	16	16	15	15	16	16	16	14	14	16	16	16
LOC_51	20	20	26	25	20	19	24	25	24	25	25	20	21	20	21	21	20
LOC_52	20	19	21	19	19	19	19	20	19	20	19	19	19	20	21	18	19
LOC_53	28	25	24	24	23	23	25	24	24	24	24	27	26	25	24	24	23
LOC_54	21	20	21	21	18	19	21	19	19	21	18	20	21	21	21	22	20
LOC_55	19	20	20	20	20	18	20	19	21	21	21	20	18	18	20	20	20
LOC_56	24	19	22	22	19	19	22	22	22	20	22	20	20	20	20	19	19
LOC_57	23	24	20	20	22	23	21	21	21	21	21	23	22	22	24	24	23
LOC_58	22	21	21	23	19	19	21	22	22	21	21	21	21	22	21	21	21
LOC_59	9	9	9	9	9	9	10	9	9	9	9	9	9	9	9	11	9
LOC_60	20	21	20	18	20	20	20	20	18	20	20	22	23	22	20	19	20
LOC_61	24	25	24	24	23	24	25	23	23	27	27	25	28	24	24	24	24
LOC_62	18	17	19	19	18	18	19	19	19	18	18	20	18	18	18	18	18
LOC_63	18	18	18	18	17	17	18	19	18	18	18	17	19	19	19	21	17
LOC_64	17	19	17	17	18	18	17	17	17	18	16	20	20	21	17	17	17
LOC_65	19	17	20	19	18	18	20	17	17	20	21	17	17	17	17	17	17
LOC_66	20	21	20	20	21	21	20	19	19	19	21	21	21	21	21	20	21
LOC_67	21	22	20	20	20	22	17	18	18	16	16	26	22	22	21	21	22
LOC_68	14	17	14	14	16	18	16	14	14	14	12	17	17	17	16	16	16
LOC_69	21	21	21	21	21	20	19	21	22	23	20	22	20	21	19	20	21
LOC_70	24	23	24	24	24	24	23	24	24	23	23	23	20	22	24	24	23
LOC_71	16	16	14	14	16	16	15	14	14	15	15	19	16	16	15	16	16
LOC_72	20	21	20	21	21	22	18	19	19	27	26	22	22	19	20	20	20
LOC_73	23	19	22	21	19	19	22	21	21	19	24	18	19	19	21	22	19
LOC_74	22	23	21	22	21	21	22	20	20	20	20	23	25	22	22	23	22
LOC_75	21	28	22	21	27	24	25	22	22	26	25	27	25	27	23	22	23
LOC_76	21	24	19	19	20	19	20	18	17	17	19	22	23	22	21	20	21
LOC_77	14	14	13	14	15	15	15	15	15	15	15	14	14	14	16	16	14
LOC_78	22	21	22	20	22	22	23	23	22	22	24	22	22	22	22	22	22
LOC_79	15	15	15	15	15	15	15	15	16	15	15	15	15	15	15	15	15
LOC_80	23	26	22	22	24	24	22	23	23	22	22	28	26	29	23	22	24
LOC_81	16	15	16	16	16	16	17	17	17	17	17	16	16	16	16	16	16
LOC_82	21	21	20	20	21	20	19	20	20	20	20	22	23	23	21	20	20
LOC_83	18	20	16	16	19	18	15	14	16	16	16	20	22	25	19	19	18
LOC_84	16	15	15	15	15	15	16	17	17	13	13	15	14	14	16	16	16
LOC_85	19	21	19	19	20	21	19	19	19	18	18	24	22	21	22	22	21
LOC_86	16	15	18	17	17	18	17	17	17	17	17	15	15	15	16	16	16
LOC_87	21	20	20	20	19	20	20	23	24	20	20	22	20	20	20	20	20
LOC_88	20	24	19	20	23	23	21	21	20	26	24	24	24	24	22	22	22
LOC_89	27	28	28	29	29	26	29	28	31	29	28	28	28	30	27	26	26
LOC_90	18	21	19	19	20	21	19	19	19	19	18	21	20	20	20	19	20
LOC_91	17	17	15	18	18	21	18	17	17	18	18	17	17	17	15	17	17
LOC_92	20	19	18	18	18	19	19	19	19	19	19	19	19	19	19	19	19
LOC_93	15	9	13	15	12	12	15	15	15	15	15	9	9	9	13	13	12
LOC_94	15	14	15	15	15	15	16	16	16	16	16	15	15	17	15	15	15
LOC_95	13	13	14	15	13	13	15	15	15	15	14	13	13	13	11	13	13
LOC_96	21	20	21	21	20	21	21	20	22	21	22	19	20	20	20	20	20
LOC_97	18	20	20	21	20	20	19	17	19	21	21	22	23	23	19	18	20
LOC_98	16	15	16	16	16	14	16	16	16	16	18	15	15	15	15	15	15
LOC_99	16	17	16	15	17	17	16	16	16	18	16	17	18	17	16	18	16
LOC_100	14	14	14	14	14	14	15	14	17	14	16	15	15	14	15	14	14
LOC_101	21	21	22	22	20	21	21	23	24	21	22	24	24	23	21	25	21
LOC_102	19	19	19	20	19	20	19	19	19	21	21	19	18	19	19	19	19
LOC_103	14	14	16	16	14	14	18	17	17	18	17	14	14	14	16	14	14
LOC_104	20	21	21	21	19	18	20	21	20	21	20	22	23	22	21	21	21
LOC_105	18	16	17	17	16	16	23	22	24	22	22	16	16	16	17	17	16
LOC_106	27	28	28	27	27	29	29	27	27	32	32	26	26	27	26	31	28
LOC_107	15	15	15	15	15	16	15	15	15	15	15	15	15	16	15	15	15
LOC_108	23	22	24	25	22	23	28	28	23	29	30	23	22	22	23	22	23
LOC_109	15	14	15	15	14	13	16	15	15	17	15	14	14	14	13	14	14
LOC_110	15	16	16	16	15	16	18	16	17	18	18	16	16	16	14	14	16
LOC_111	15	15	14	12	15	14	12	12	12	12	12	15	15	15	15	15	15
LOC_112	19	21	19	19	23	22	20	17	17	18	18	21	23	22	19	19	21
LOC_113	14	14	15	15	15	15	14	18	18	14	14	14	14	14	14	14	14
LOC_114	17	18	16	14	18	18	17	17	14	19	19	17	18	17	19	16	17
LOC_115	15	14	14	14	15	16	14	14	14	14	14	14	14	14	15	15	14
LOC_116	14	16	13	14	14	14	14	14	14	14	14	15	16	15	14	12	14
LOC_117	19	19	19	19	22	23	19	19	18	20	20	19	21	19	18	18	19
LOC_118	16	16	16	16	16	16	16	15	16	16	16	16	16	16	16	16	16
LOC_119	22	25	23	23	24	24	23	23	22	23	23	24	24	27	27	25	23
LOC_120	18	18	20	19	18	16	17	20	19	17	17	18	18	19	18	18	18
LOC_121	18	18	18	18	18	18	20	18	18	19	19	18	18	18	17	17	18
LOC_122	19	18	19	19	18	19	16	18	18	16	16	18	19	20	19	19	19
LOC_123	24	22	23	22	23	22	23	24	24	22	22	23	21	23	27	29	24
LOC_124	22	22	22	21	22	20	23	22	22	25	24	23	21	21	23	22	22
LOC_125	27	28	27	23	27	27	25	27	25	26	27	27	28	28	26	28	27
LOC_126	14	14	14	14	14	14	14	14	14	14	15	14	14	14	14	14	14
LOC_127	24	22	23	23	22	24	22	22	22	25	25	22	24	22	24	23	22
LOC_128	19	21	19	19	22	20	20	19	19	20	19	20	20	20	18	19	20
LOC_129	19	18	19	19	17	18	21	19	18	20	20	20	20	21	19	19	19
LOC_130	24	24	24	24	23	24	27	24	25	24	23	24	23	23	24	23	24
LOC_131	15	15	15	15	14	14	15	15	15	15	15	16	16	16	15	16	15
LOC_132	21	21	21	21	21	21	21	21	22	22	22	21	20	21	21	21	21
LOC_133	24	20	20	21	23	23	22	22	22	22	21	21	21	21	23	22	22
LOC_134	23	24	23	23	23	24	21	21	23	21	22	23	23	19	24	26	23
LOC_135	14	13	14	14	14	14	14	15	15	14	14	13	13	14	14	14	14
LOC_136	15	15	15	15	15	14	17	15	15	15	15	15	16	15	15	15	15
LOC_137	26	24	26	26	24	24	25	25	25	26	24	24	25	24	25	24	24
LOC_138	19	22	19	19	21	20	19	19	18	19	19	22	22	21	21	21	21
LOC_139	17	17	17	17	17	17	16	16	16	16	16	17	17	17	18	17	17
LOC_140	18	17	17	18	16	16	14	17	17	16	16	14	16	15	17	17	17
LOC_141	16	15	16	16	15	15	16	16	16	15	16	15	15	15	16	16	15
LOC_142	25	27	26	24	27	28	25	24	23	24	26	28	30	29	26	26	27
LOC_143	21	20	23	25	21	21	22	22	23	22	22	20	22	20	21	21	21
LOC_144	16	16	16	16	16	16	17	17	17	17	17	17	17	17	16	16	16
LOC_145	19	21	18	18	20	21	20	18	18	20	21	22	22	22	19	19	20
LOC_146	20	21	20	20	20	20	19	19	19	19	19	20	20	20	20	20	20
LOC_147	22	16	23	23	19	19	23	24	24	27	26	17	18	20	21	20	21
LOC_148	14	14	14	14	14	14	14	14	14	14	14	13	14	14	14	14	14
LOC_149	18	18	18	18	20	17	19	16	16	19	19	15	17	18	18	18	18
LOC_150	16	15	16	16	15	15	14	16	16	16	16	15	15	15	15	15	15
LOC_151	16	16	15	15	18	19	13	16	15	15	15	16	16	16	20	18	16
LOC_152	19	20	17	17	20	21	19	20	19	18	19	20	21	21	19	19	20
LOC_153	19	19	20	20	18	19	19	18	20	20	20	21	20	21	20	21	20
LOC_154	18	18	18	18	18	18	18	19	21	19	19	18	18	18	17	17	18
LOC_155	22	22	23	23	20	20	23	23	23	25	21	21	23	21	25	25	21
LOC_156	17	17	17	17	17	17	17	17	17	18	17	15	17	17	16	17	17
LOC_157	17	19	17	17	16	17	18	17	17	18	18	19	19	18	17	17	17
LOC_158	25	23	25	26	20	21	24	23	24	24	24	22	22	22	22	21	22
LOC_159	14	15	13	14	16	16	15	15	15	15	15	15	15	15	13	13	15
LOC_160	19	20	18	18	17	19	18	17	18	16	18	19	19	19	19	19	19
LOC_161	23	22	23	23	21	21	22	23	22	24	23	22	25	22	21	21	21
LOC_162	21	21	21	21	20	20	21	22	24	22	21	21	22	22	20	20	20
LOC_163	18	20	17	18	21	22	18	18	18	19	18	23	23	21	18	19	18
LOC_164	23	21	21	21	21	21	19	19	19	19	19	23	25	25	24	24	20
LOC_165	14	15	14	14	15	15	14	14	13	14	15	15	15	15	16	13	15
LOC_166	21	17	19	19	18	18	18	19	18	17	20	19	20	20	17	17	17
LOC_167	15	16	17	17	17	16	16	17	17	16	16	16	16	16	16	16	16
LOC_168	27	28	27	29	28	29	26	27	27	24	27	28	27	26	29	28	28
LOC_169	24	21	24	26	23	23	25	24	22	24	24	23	23	24	25	25	23
LOC_170	23	19	21	22	20	20	22	21	21	22	25	19	20	19	25	22	19
LOC_171	22	21	20	20	22	22	22	19	19	23	21	21	21	21	23	23	23
LOC_172	22	22	22	22	23	22	22	21	21	22	22	22	22	22	23	24	22
LOC_173	17	16	18	17	16	15	17	17	17	17	20	15	17	16	17	16	16
LOC_174	23	23	22	22	22	24	24	22	22	21	22	23	27	25	23	20	22
LOC_175	25	27	22	24	27	27	27	28	29	27	24	26	25	26	25	26	27
LOC_176	13	15	13	13	16	15	14	13	13	14	14	16	16	16	14	15	14
LOC_177	23	25	20	20	23	22	21	20	22	21	19	24	23	24	24	23	24
LOC_178	23	23	25	25	23	23	26	24	23	24	28	23	23	23	24	26	23
LOC_179	24	26	24	25	24	24	24	25	24	23	23	26	26	29	24	23	23
LOC_180	23	24	24	25	21	21	23	23	23	24	24	23	21	21	22	23	22
LOC_181	18	18	19	19	18	20	15	17	17	16	16	18	18	18	18	19	18
LOC_182	23	27	23	23	26	25	22	21	21	22	22	28	31	28	23	24	23
LOC_183	25	25	21	22	25	25	24	25	26	23	23	24	22	23	22	23	25
LOC_184	16	16	16	16	16	16	16	17	17	16	16	16	16	17	16	16	16
LOC_185	19	20	19	19	18	20	21	19	19	20	20	20	21	21	22	20	20
LOC_186	18	17	17	17	17	17	18	19	16	18	16	14	14	14	16	15	16
LOC_187	22	22	24	24	21	21	23	24	20	25	23	21	17	21	21	23	21
LOC_188	25	24	24	26	24	26	21	23	23	20	20	24	27	25	25	25	25
LOC_189	14	15	14	14	14	14	13	14	14	13	13	15	15	15	14	13	14
LOC_190	21	21	21	22	22	21	21	25	25	22	21	21	22	21	22	22	22
LOC_191	19	17	17	17	17	17	16	17	17	18	17	18	16	17	17	17	17
LOC_192	21	22	21	21	22	25	21	21	21	21	22	21	21	22	21	21	21
LOC_193	16	15	16	14	15	15	16	16	16	16	16	15	15	15	15	15	15
LOC_194	18	18	17	18	18	20	18	18	19	20	19	18	20	20	18	19	18
LOC_195	18	18	15	15	19	19	19	19	18	20	20	18	17	17	18	19	18
LOC_196	22	25	23	21	23	23	22	22	22	22	23	22	22	23	17	23	22
LOC_197	22	21	21	20	21	21	21	21	20	23	21	21	21	21	22	21	21
LOC_198	29	28	34	33	29	28	32	30	30	31	32	29	30	29	29	29	27
LOC_199	14	14	14	14	14	14	15	15	15	15	14	14	14	14	14	14	14
LOC_200	23	24	22	22	23	21	21	23	24	19	20	23	23	22	23	23	23
LOC_201	24	24	23	23	25	24	23	25	24	23	23	26	25	27	26	23	24
LOC_202	16	18	19	18	17	16	18	18	18	18	18	18	18	18	20	19	17
LOC_203	19	18	21	21	18	19	20	20	20	21	20	18	18	19	18	18	18
LOC_204	18	19	18	18	18	18	19	18	18	20	18	17	18	18	17	18	18
LOC_205	13	16	14	14	14	14	14	14	14	14	14	17	16	16	15	14	14
LOC_206	22	19	23	23	20	20	23	25	26	24	24	20	20	20	21	21	20
LOC_207	14	14	14	14	14	13	13	13	13	13	13	15	14	14	14	16	14
LOC_208	14	14	15	15	14	16	14	14	13	14	14	14	14	14	14	14	14
LOC_209	17	18	16	17	18	18	20	22	21	19	19	19	18	18	17	17	17
LOC_210	21	22	20	21	21	21	23	21	21	25	25	21	22	20	20	20	22
LOC_211	26	24	25	26	27	24	28	26	28	28	28	24	25	24	26	26	24
LOC_212	25	22	22	22	25	24	22	23	20	23	23	23	23	22	26	26	24
LOC_213	22	19	23	21	17	19	23	21	20	23	23	15	19	19	19	19	19
LOC_214	17	20	17	17	16	16	17	16	17	18	18	20	20	20	17	17	17
LOC_215	17	18	16	16	18	16	13	14	14	13	12	17	18	19	16	16	16
LOC_216	21	20	20	19	20	20	22	21	21	25	20	20	20	20	19	20	20
LOC_217	25	27	24	24	25	27	25	24	24	25	25	29	28	29	23	24	25
LOC_218	18	22	17	17	18	17	16	16	19	16	17	18	18	18	17	17	17
LOC_219	15	16	15	15	15	14	13	17	15	13	13	15	15	15	16	16	15
LOC_220	17	19	18	18	18	18	21	18	19	22	21	19	19	19	18	18	18
LOC_221	21	24	20	21	24	23	21	19	19	21	21	24	24	23	23	24	24
LOC_222	26	29	25	26	31	28	29	27	27	26	27	29	31	32	24	24	28
LOC_223	14	14	14	14	14	14	14	14	14	14	14	14	14	14	14	14	14
LOC_224	17	16	16	16	16	16	17	18	18	17	16	16	16	16	16	16	16
LOC_225	23	19	23	23	18	18	23	23	23	22	22	19	20	19	22	22	21
LOC_226	16	16	16	18	16	16	16	16	17	17	18	17	16	16	16	17	16
LOC_227	8	7	8	8	7	7	8	8	8	8	8	7	7	7	7	7	7
LOC_228	16	17	16	16	16	16	14	16	16	14	15	17	17	17	16	16	16
LOC_229	16	17	16	16	16	16	17	16	17	17	17	17	16	16	15	17	17
LOC_230	19	18	19	20	18	18	19	19	19	21	20	18	18	18	19	19	19
LOC_231	19	19	19	21	19	20	18	18	18	19	18	20	19	18	21	21	19
LOC_232	18	18	19	18	20	20	19	18	18	18	18	21	18	19	19	18	18
LOC_233	15	13	15	15	15	15	14	15	15	15	15	14	14	14	13	13	15
LOC_234	15	16	15	16	18	19	15	14	15	15	14	15	16	15	15	15	15
LOC_235	23	23	22	22	23	23	22	22	22	22	22	23	23	23	22	22	22
LOC_236	17	17	17	17	17	18	17	18	17	18	17	17	17	17	16	17	17
LOC_237	19	22	19	19	22	20	20	21	19	19	19	21	21	22	19	19	20
LOC_238	21	21	23	21	22	23	18	19	19	23	23	21	20	21	21	21	21
LOC_239	22	23	22	22	23	23	25	26	25	26	22	23	23	23	22	22	22
LOC_240	14	14	16	14	14	14	14	14	14	14	14	14	16	15	15	15	14
LOC_241	18	18	18	18	17	18	15	18	19	18	18	18	18	19	18	19	18
LOC_242	18	17	18	18	17	17	19	18	18	18	17	17	17	17	18	18	17
LOC_243	19	19	19	19	21	21	18	19	19	18	17	19	20	20	19	19	19
LOC_244	14	14	14	14	14	14	15	16	16	15	15	14	14	14	14	14	14
LOC_245	23	25	22	23	24	24	23	22	20	25	26	25	26	25	23	23	24
LOC_246	24	26	21	23	22	23	26	26	25	25	24	22	23	22	25	24	24
LOC_247	17	15	16	16	16	16	17	16	16	18	20	16	16	15	16	16	16
LOC_248	19	18	19	19	18	18	19	18	19	20	21	17	18	18	17	17	18
LOC_249	29	24	27	26	23	22	24	27	24	21	25	24	22	20	24	24	24
LOC_250	30	23	26	27	26	27	28	28	27	27	28	23	25	23	26	27	27
LOC_251	17	19	16	16	17	16	15	16	17	17	17	17	17	17	17	19	17
LOC_252	22	22	21	21	22	22	23	23	23	24	25	22	24	23	23	22	22
LOC_253	13	15	15	15	15	15	15	15	15	17	15	16	16	16	14	14	14
LOC_254	16	16	16	16	16	16	16	15	15	16	16	16	11	11	16	16	16
LOC_255	23	24	23	25	23	24	22	22	21	22	22	26	22	25	22	22	23
LOC_256	19	19	21	21	19	19	21	23	23	22	22	19	20	19	18	19	19
LOC_257	24	19	24	21	19	19	22	22	22	24	24	19	19	19	20	20	20
LOC_258	12	13	12	12	13	13	13	12	12	13	13	13	14	14	13	13	13
LOC_259	20	20	19	20	21	20	20	19	20	20	20	22	20	19	20	20	20
LOC_260	22	24	22	22	20	20	25	23	24	23	23	25	24	24	23	24	22
LOC_261	15	15	15	16	15	15	15	16	15	15	15	17	20	19	14	15	15
LOC_262	13	14	12	12	13	13	13	13	13	13	13	14	14	14	13	13	13
LOC_263	17	16	12	16	15	15	16	16	16	15	15	16	15	15	20	16	16
LOC_264	21	22	21	21	22	22	21	21	23	20	23	23	22	22	22	24	22
LOC_265	24	25	27	27	26	25	27	25	27	29	26	24	26	27	24	24	24
LOC_266	19	19	22	19	20	19	19	19	20	19	19	22	21	21	18	19	19
LOC_267	20	19	19	19	20	18	19	19	19	20	20	19	19	19	19	19	18
LOC_268	18	17	19	22	17	17	18	18	18	17	16	19	18	18	19	19	17
LOC_269	16	17	17	17	15	17	16	15	15	16	16	15	15	15	16	16	16
LOC_270	18	19	18	18	19	19	18	18	18	18	18	19	19	18	19	19	19
LOC_271	21	23	21	21	24	23	21	21	21	21	22	23	23	23	24	24	24
LOC_272	22	23	21	23	23	23	24	26	26	22	22	23	23	23	24	24	23
LOC_273	25	27	24	25	24	26	24	23	25	23	25	25	25	27	21	26	24
LOC_274	22	25	22	22	23	23	22	23	22	22	22	26	24	25	22	22	22
LOC_275	15	15	15	15	15	16	15	16	16	16	16	15	15	15	15	15	15
LOC_276	21	21	20	20	20	20	19	21	20	20	19	21	21	21	21	21	20
LOC_277	16	13	14	14	14	14	15	14	14	15	15	11	11	11	14	14	14
LOC_278	14	15	14	14	16	14	15	14	14	14	14	12	12	12	16	14	14
LOC_279	16	18	15	15	15	14	15	15	15	15	15	19	19	20	15	15	15
LOC_280	21	18	21	22	18	18	21	24	22	25	22	18	18	18	21	21	20
LOC_281	23	19	24	24	19	19	25	25	25	22	23	19	19	19	23	22	20
LOC_282	13	15	13	13	15	15	13	13	13	13	13	14	14	14	12	13	15
LOC_283	14	15	13	13	14	13	13	13	13	11	13	15	15	17	14	14	14
LOC_284	14	13	14	14	14	14	14	14	14	17	16	16	13	13	14	14	14
LOC_285	29	28	27	27	28	29	27	28	29	27	26	27	25	26	29	29	29
LOC_286	18	20	17	18	18	18	18	19	18	20	19	21	19	20	18	18	18
LOC_287	30	25	30	29	33	31	30	28	27	29	32	25	27	28	28	29	28
LOC_288	17	18	17	18	17	17	18	17	17	19	19	17	18	18	17	17	17
LOC_289	15	15	19	17	15	15	16	15	15	15	14	15	15	15	16	18	15
LOC_290	19	20	17	19	19	21	17	17	17	17	18	19	19	19	19	19	19
LOC_291	18	18	15	15	17	17	17	17	17	17	16	17	18	19	18	18	18
LOC_292	20	19	20	19	19	19	23	19	19	22	16	20	21	20	19	19	19
LOC_293	14	15	16	17	15	15	16	18	18	16	16	15	15	15	16	14	15
LOC_294	25	25	27	26	26	26	26	23	26	22	25	24	24	24	25	25	25
LOC_295	18	19	19	18	19	19	18	18	18	18	18	20	19	19	18	18	18
LOC_296	14	12	15	15	12	12	15	15	15	15	16	12	12	12	14	15	14
LOC_297	15	15	15	14	15	15	15	15	15	16	16	15	15	15	15	15	15
LOC_298	17	18	17	17	15	17	17	17	16	17	17	17	17	17	17	15	17
LOC_299	16	16	16	16	18	16	17	16	17	17	17	16	16	16	16	16	16
LOC_300	17	17	17	17	17	17	19	17	17	18	18	18	20	20	17	17	17
LOC_301	20	20	24	22	20	20	21	18	19	21	21	20	19	20	19	19	20
LOC_302	23	23	23	24	23	20	25	21	22	24	24	21	22	21	25	26	24
LOC_303	15	18	16	17	18	18	17	15	15	15	15	20	20	22	18	18	18
LOC_304	14	14	14	14	14	14	14	14	14	14	14	14	14	14	14	14	14
LOC_305	17	17	17	16	17	17	17	17	17	18	17	17	16	16	16	18	17
LOC_306	22	25	23	22	26	25	23	22	22	23	22	24	23	25	25	22	26
LOC_307	23	23	24	23	21	21	21	18	21	23	22	23	23	23	24	22	22
LOC_308	25	22	27	26	23	22	26	26	26	25	27	22	22	21	22	23	22
LOC_309	22	21	24	22	19	19	23	21	21	22	22	21	21	21	19	23	22
LOC_310	15	14	16	16	15	15	15	17	15	15	15	15	15	16	15	15	15
LOC_311	19	16	22	20	17	17	19	18	14	19	19	14	16	16	17	17	18
LOC_312	18	18	18	18	18	18	18	18	18	18	17	17	16	16	18	18	18
LOC_313	15	17	16	16	16	15	16	16	16	16	16	16	16	16	15	15	16
LOC_314	15	15	15	15	15	15	15	15	15	15	15	15	15	15	16	15	15
LOC_315	15	15	17	17	16	16	17	18	17	17	17	15	15	15	14	15	15
LOC_316	24	26	25	25	26	25	29	28	28	30	28	26	25	25	25	25	26
LOC_317	20	23	21	22	21	22	23	22	23	23	24	21	22	22	21	21	21
LOC_318	23	20	25	24	20	21	24	23	24	24	24	20	20	20	23	24	22
LOC_319	22	22	23	23	22	23	22	23	24	23	23	22	22	22	21	22	22
LOC_320	22	22	20	19	21	21	20	20	19	20	20	22	22	22	23	20	21
LOC_321	15	16	15	15	16	16	15	15	12	15	17	15	15	15	15	15	16
LOC_322	12	12	12	12	12	12	12	12	12	12	12	12	12	12	12	12	12
LOC_323	14	14	14	14	14	14	14	14	14	14	14	14	14	14	14	14	14
LOC_324	20	21	21	21	22	21	22	21	21	21	21	21	21	21	22	23	21
LOC_325	16	16	16	16	16	16	18	15	16	18	17	16	16	16	16	15	16
LOC_326	15	16	15	15	15	16	15	15	15	15	15	16	18	15	16	16	16
LOC_327	15	15	15	17	15	15	15	15	15	15	16	15	15	15	15	15	15
LOC_328	20	22	21	20	19	19	20	20	20	20	21	21	21	20	17	17	20
LOC_329	27	23	23	24	24	24	23	24	24	23	23	22	24	23	23	23	23
LOC_330	21	22	22	23	22	23	22	23	23	21	22	20	22	19	23	24	22
LOC_331	22	24	25	23	23	23	23	23	24	23	25	19	21	22	21	21	23
LOC_332	16	10	16	15	13	13	16	17	16	16	16	13	13	13	18	17	15
LOC_333	15	14	17	17	14	14	16	17	17	16	16	14	14	14	14	16	14
LOC_334	19	19	18	18	20	20	18	18	18	18	18	20	19	19	20	20	19
LOC_335	23	23	25	26	22	24	31	27	28	30	32	23	24	23	23	22	23
LOC_336	21	23	22	21	24	24	22	21	21	19	21	23	23	24	22	22	24
LOC_337	22	19	20	19	20	20	21	20	20	20	20	20	18	20	20	19	20
LOC_338	20	20	19	19	19	18	19	19	19	20	19	20	20	20	19	19	19
LOC_339	16	17	18	17	17	17	16	17	17	16	16	17	17	17	17	17	17
LOC_340	13	13	13	13	14	14	13	15	13	13	13	14	14	14	13	13	13
LOC_341	20	20	22	22	19	20	21	21	22	21	21	19	20	18	21	21	20
LOC_342	14	14	13	14	14	14	14	13	14	18	18	14	14	14	14	14	14
LOC_343	20	20	19	20	23	20	20	19	21	20	20	21	21	21	20	20	20
LOC_344	17	16	17	19	16	16	19	18	18	19	19	16	17	17	16	16	17
LOC_345	16	16	16	16	13	16	19	17	17	17	17	16	16	14	15	15	15
LOC_346	23	25	22	24	25	25	22	27	27	20	22	22	22	22	23	23	23
LOC_347	19	21	20	21	21	21	20	21	21	22	20	21	20	20	20	20	20
LOC_348	20	18	18	18	20	19	18	19	18	19	19	21	21	20	19	19	20
LOC_349	15	15	15	15	15	15	15	15	15	15	15	15	14	14	15	15	15
LOC_350	17	20	16	14	17	17	17	17	18	17	15	18	17	17	17	17	17
LOC_351	26	25	24	23	26	27	22	24	23	24	24	26	27	27	26	30	26
LOC_352	19	19	19	19	22	22	19	19	19	18	18	19	21	20	19	19	20
LOC_353	20	16	21	22	17	16	20	24	23	21	21	16	17	16	19	18	18
LOC_354	15	15	16	16	15	15	16	16	16	16	15	15	15	15	15	15	15
LOC_355	14	14	14	14	14	14	15	14	14	14	14	14	14	14	17	18	14
LOC_356	16	16	16	16	17	17	16	16	15	16	17	16	15	16	18	18	17
LOC_357	16	16	16	16	18	17	16	16	16	16	15	16	16	16	17	16	16
LOC_358	7	7	6	6	7	7	6	6	6	6	6	7	7	7	7	7	7
LOC_359	22	20	21	21	19	19	20	24	23	20	20	23	18	20	21	22	19
LOC_360	24	24	21	21	25	24	23	23	23	23	23	22	23	23	24	23	24
LOC_361	21	22	22	23	21	21	22	22	22	23	22	23	20	21	21	21	21
LOC_362	23	21	22	22	21	21	21	20	20	22	22	21	21	20	18	20	22
LOC_363	8	8	7	7	8	8	8	8	8	8	8	8	8	8	8	8	8
LOC_364	14	15	12	12	14	14	14	16	16	14	14	15	15	15	14	14	14
LOC_365	23	25	26	25	25	25	25	23	23	26	25	26	33	28	24	26	25
LOC_366	17	17	18	18	17	17	18	19	18	18	18	17	18	17	18	18	17
LOC_367	16	18	16	16	17	16	16	17	15	17	18	17	17	18	16	15	16
LOC_368	26	24	27	27	25	25	27	26	26	25	25	24	25	25	23	24	24
LOC_369	26	27	26	26	28	28	24	28	28	25	26	27	26	26	25	28	28
LOC_370	18	21	17	15	21	20	16	18	18	16	16	19	21	21	18	18	18
LOC_371	23	27	23	23	24	23	20	24	24	20	21	25	24	21	22	24	23
LOC_372	21	21	20	20	23	22	20	22	22	21	21	22	23	22	23	23	21
LOC_373	14	14	14	14	15	16	14	15	15	16	14	14	14	14	14	15	14
LOC_374	15	15	12	15	15	15	15	16	16	15	16	15	15	15	16	19	15
LOC_375	18	19	18	18	15	18	19	18	19	18	18	20	21	18	17	17	18
LOC_376	21	20	18	19	21	20	19	19	19	19	19	20	19	20	20	20	20
LOC_377	23	24	20	21	24	23	23	23	23	24	25	24	23	21	27	20	23
LOC_378	22	26	22	22	22	23	22	22	21	22	22	24	25	25	22	22	23
LOC_379	18	18	18	17	18	18	18	18	20	18	18	18	19	18	18	18	18
LOC_380	18	20	21	14	22	19	18	18	18	18	18	21	20	21	18	18	18
LOC_381	14	14	14	14	14	13	15	16	14	15	15	15	15	15	15	14	14
LOC_382	18	18	17	17	18	18	17	17	17	17	17	18	18	18	18	18	18
LOC_383	14	17	14	14	17	15	16	14	14	15	16	17	17	17	19	19	17
LOC_384	14	14	14	14	14	14	16	14	14	14	14	14	12	12	14	14	14
LOC_385	18	20	19	19	18	19	20	19	19	20	20	19	20	20	18	14	18
LOC_386	19	19	19	19	19	19	19	19	19	19	19	17	19	19	19	19	19
LOC_387	18	15	15	15	16	16	18	18	18	18	17	15	15	15	18	18	17
LOC_388	29	31	28	30	28	25	27	28	31	26	25	32	30	29	29	30	28
LOC_389	18	18	18	18	18	18	18	19	18	18	18	19	18	17	18	17	18
LOC_390	7	7	7	7	7	7	8	7	7	7	7	7	7	7	8	7	7
LOC_391	25	23	26	26	24	25	28	31	30	28	28	23	21	21	25	23	22
LOC_392	22	22	23	23	22	22	23	23	23	20	21	22	20	22	20	22	22
LOC_393	15	15	14	15	15	15	15	14	15	15	15	15	15	17	15	15	15
LOC_394	16	17	18	16	16	16	10	10	10	10	10	17	17	17	16	16	16
LOC_395	20	19	25	24	17	18	25	24	24	25	24	19	19	19	21	20	20
LOC_396	19	17	17	18	17	18	18	18	18	18	18	14	16	16	17	15	17
LOC_397	19	19	21	21	20	20	17	13	18	17	17	20	19	19	19	19	19
LOC_398	17	17	17	17	18	18	17	17	19	17	17	17	17	17	17	17	17
LOC_399	29	29	27	25	31	31	27	27	25	25	26	29	34	33	30	29	29
LOC_400	15	15	16	16	14	14	16	15	15	16	16	15	11	11	15	15	15
LOC_401	13	13	13	13	14	12	13	15	15	12	12	13	12	14	14	13	13
LOC_402	14	15	13	14	14	15	14	16	16	14	15	14	14	14	15	14	14
LOC_403	14	12	14	14	14	16	14	12	13	14	14	12	12	12	14	14	14
LOC_404	10	10	10	10	10	10	10	11	11	10	10	10	10	10	11	10	10
LOC_405	16	17	16	16	15	16	16	16	16	16	16	16	16	16	16	17	16
LOC_406	20	19	19	19	18	18	19	22	20	21	21	15	17	17	19	19	19
LOC_407	19	17	20	20	17	17	20	21	19	22	21	17	17	17	18	18	17
LOC_408	12	15	14	13	15	15	13	13	13	12	13	15	15	16	14	14	14
LOC_409	15	15	15	15	16	15	15	16	16	15	15	15	15	15	15	17	15
LOC_410	17	15	17	18	16	16	15	17	16	16	16	15	15	15	17	16	16
LOC_411	14	15	13	13	15	15	13	13	13	13	13	14	14	15	14	14	14
LOC_412	16	18	16	16	19	20	16	16	16	17	16	19	18	18	19	19	19
LOC_413	22	20	22	23	20	20	23	23	23	25	26	19	22	19	23	20	20
LOC_414	15	15	15	15	14	15	14	15	15	15	15	15	15	15	14	14	15
LOC_415	14	14	15	15	14	14	17	15	15	15	15	14	14	14	14	14	14
LOC_416	19	19	20	20	19	19	20	20	19	20	20	19	19	19	17	17	17
LOC_417	14	15	14	14	15	15	14	14	14	15	15	15	15	15	15	15	14
LOC_418	14	16	14	14	14	14	14	14	14	14	14	14	14	14	14	14	14
LOC_419	15	16	15	16	17	16	15	16	16	15	15	16	16	16	15	15	15
LOC_420	13	12	17	16	13	12	13	11	11	13	13	12	12	10	13	13	13
LOC_421	15	17	18	15	17	17	16	16	16	18	18	15	15	15	17	18	17
LOC_422	23	21	23	22	24	24	24	26	24	24	24	22	22	22	23	25	23
LOC_423	9	9	9	9	9	9	9	9	9	9	9	9	9	9	9	9	9
LOC_424	17	20	19	19	20	20	18	19	20	18	18	21	21	21	20	21	20
LOC_425	16	16	16	16	15	19	15	14	14	15	15	16	16	16	16	16	16
LOC_426	17	17	20	17	17	17	19	20	20	20	18	15	15	15	17	17	17
LOC_427	21	21	20	20	20	21	23	23	22	21	22	21	19	21	20	20	20
LOC_428	16	16	16	16	16	16	19	18	18	18	18	16	16	16	16	16	16
LOC_429	20	19	22	22	20	20	21	21	21	21	21	19	22	19	17	17	19
LOC_430	18	20	16	17	19	19	17	18	21	17	17	20	20	20	18	18	19
LOC_431	19	18	19	22	19	19	20	19	19	23	19	20	20	21	19	19	19
LOC_432	14	14	15	15	14	14	15	13	13	15	15	14	14	14	14	14	14
LOC_433	22	25	22	22	24	24	22	22	23	22	22	25	26	27	24	23	23
LOC_434	19	19	18	19	19	19	19	18	18	19	19	20	20	20	20	19	19
LOC_435	26	26	27	26	26	26	26	27	27	26	27	26	28	29	25	26	25
LOC_436	22	23	21	21	21	21	21	22	22	19	21	22	24	23	23	23	24
LOC_437	20	22	22	22	22	21	23	23	26	20	21	21	22	22	21	21	22
LOC_438	24	22	20	21	20	22	24	22	21	23	24	22	21	22	23	23	23
LOC_439	15	16	15	15	16	16	15	15	15	15	15	16	16	11	15	14	16
LOC_440	21	20	20	20	20	20	19	21	19	21	19	20	20	22	21	21	20
LOC_441	18	16	18	18	18	18	17	17	17	17	17	17	16	16	16	16	16
LOC_442	22	22	22	22	21	22	22	23	23	23	22	22	23	22	23	23	22
LOC_443	18	19	18	18	18	18	18	19	19	18	18	19	18	20	18	18	18
LOC_444	20	20	20	19	20	20	21	26	20	21	19	22	21	20	18	19	20
LOC_445	22	22	23	22	22	20	22	22	22	22	20	22	21	22	22	22	22
LOC_446	19	17	19	19	17	17	19	19	19	20	19	17	17	18	17	20	18
LOC_447	17	18	18	18	18	18	19	18	18	19	19	18	18	19	18	18	18
LOC_448	25	27	29	29	28	28	24	24	24	25	27	27	28	27	24	26	28
LOC_449	17	17	19	17	17	18	17	17	17	17	17	20	16	16	16	17	17
LOC_450	20	21	21	20	20	20	22	22	22	20	22	21	20	20	19	21	20
LOC_451	14	16	14	14	15	16	13	14	14	13	13	16	16	16	14	14	14
LOC_452	19	19	19	20	19	18	19	20	19	19	19	19	19	21	19	23	19
LOC_453	16	18	16	15	18	18	17	16	16	15	17	19	19	20	18	16	18
LOC_454	21	21	20	20	21	21	21	19	20	21	21	21	20	22	20	20	21
LOC_455	16	16	16	16	17	16	16	16	16	16	17	16	16	16	16	16	16
LOC_456	17	15	18	17	15	15	18	17	17	18	18	15	15	19	16	16	15
LOC_457	23	21	22	22	22	22	20	21	21	22	22	21	21	21	25	22	22
LOC_458	16	17	15	16	14	14	16	16	16	16	16	14	16	16	16	16	16
LOC_459	7	7	7	7	7	7	7	7	7	7	7	7	7	7	7	7	7
LOC_460	18	18	17	17	19	19	22	20	20	20	20	13	16	17	18	18	18
LOC_461	14	13	14	14	13	13	16	14	14	15	15	13	14	13	14	14	14
LOC_462	21	21	21	21	21	21	21	20	20	22	22	22	22	23	21	21	21
LOC_463	26	25	24	23	24	24	25	26	25	29	26	20	23	23	26	26	25
LOC_464	19	18	18	18	18	18	18	17	17	18	18	18	18	18	19	18	18
LOC_465	24	26	23	24	26	26	25	25	28	26	26	24	24	24	28	26	25
LOC_466	21	23	19	21	24	23	22	23	22	22	22	24	26	27	23	21	24
LOC_467	19	19	16	18	19	19	21	21	21	21	21	19	19	19	19	19	19
LOC_468	14	14	15	15	14	14	15	15	15	15	15	14	15	15	14	14	14
LOC_469	20	23	19	19	22	23	19	21	19	19	19	23	22	23	23	20	23
LOC_470	19	23	19	19	21	20	19	19	19	19	19	27	24	23	20	20	23
LOC_471	21	17	20	20	19	19	20	21	21	20	20	18	20	16	21	21	19
LOC_472	16	18	15	16	17	17	16	17	16	16	16	18	19	19	17	17	16
LOC_473	22	19	22	22	22	21	21	20	20	21	21	19	20	19	23	21	21
LOC_474	14	15	17	17	15	15	17	18	17	17	17	15	14	15	15	15	15
LOC_475	17	16	16	18	16	17	15	18	18	15	15	16	16	16	16	17	16
LOC_476	17	16	17	17	16	16	17	17	16	16	16	16	16	15	16	16	16
LOC_477	19	19	19	19	19	21	20	19	19	21	20	19	20	19	22	20	19
LOC_478	16	17	19	18	15	16	16	16	16	16	16	17	16	15	17	16	16
LOC_479	19	17	19	19	16	18	20	19	20	20	20	17	17	17	17	17	17
LOC_480	17	18	17	17	17	17	18	18	18	18	18	17	17	17	17	18	17
LOC_481	16	13	18	16	13	13	16	16	16	14	18	14	12	13	15	16	16
LOC_482	17	17	17	17	18	17	17	17	17	17	17	17	16	17	17	17	17
LOC_483	24	22	26	23	23	23	24	25	25	22	24	21	22	22	24	24	24
LOC_484	27	25	21	21	28	27	21	22	21	21	22	22	22	22	26	28	25
LOC_485	17	18	16	17	18	17	18	20	18	17	17	18	20	19	17	17	17
LOC_486	24	24	23	24	23	25	24	29	28	22	23	24	21	22	25	24	23
LOC_487	17	16	16	16	17	17	19	16	16	18	18	18	19	16	17	17	17
LOC_488	23	24	23	23	25	24	23	22	22	23	24	26	28	26	23	23	23
LOC_489	18	20	17	17	18	19	18	17	17	17	17	17	18	18	17	18	18
LOC_490	14	14	14	14	15	15	14	15	15	14	14	14	14	14	15	14	14
LOC_491	22	18	23	24	21	22	22	23	22	23	23	18	18	18	22	21	21
LOC_492	19	20	19	19	20	20	18	19	19	19	19	20	21	22	19	19	20
LOC_493	27	29	28	28	26	27	26	26	27	28	26	31	28	29	25	29	27
LOC_494	19	17	19	19	15	20	19	19	19	19	17	17	17	17	18	18	17
LOC_495	24	22	26	24	24	28	23	22	23	25	24	24	25	25	23	24	23
LOC_496	22	22	23	23	23	22	24	22	23	25	25	23	23	23	23	23	22
LOC_497	19	20	20	19	20	20	21	21	20	21	19	20	20	20	20	20	20
LOC_498	8	8	8	8	9	8	8	8	9	8	8	9	9	9	8	8	8
LOC_499	22	25	21	21	26	27	23	23	23	24	24	26	25	24	22	22	21
LOC_500	21	19	19	21	19	18	20	20	20	20	20	19	19	19	19	19	19
LOC_501	17	19	15	15	17	16	17	17	16	17	17	18	18	17	17	17	17
LOC_502	22	27	21	23	28	27	22	24	24	22	22	27	27	26	26	26	27
LOC_503	7	9	7	7	7	7	7	10	8	7	7	9	9	9	7	7	7
LOC_504	14	16	14	14	15	13	14	14	14	14	14	16	17	18	15	14	15
LOC_505	22	20	24	24	21	21	22	23	23	23	23	21	21	21	18	20	21
LOC_506	15	14	14	14	15	15	14	14	14	13	14	14	14	14	16	14	14
LOC_507	14	14	14	14	14	14	14	14	14	15	14	15	15	15	17	14	14
LOC_508	18	18	18	18	18	18	21	20	20	21	23	18	16	16	18	18	18
LOC_509	19	19	20	19	19	19	19	20	19	19	19	24	22	21	20	19	19
LOC_510	21	20	21	21	20	20	22	18	18	22	23	20	20	20	20	20	20
LOC_511	20	20	20	20	20	20	20	20	20	20	20	20	22	23	20	20	20
LOC_512	19	23	21	22	22	20	22	24	25	22	22	22	23	22	22	24	23
