names	Run1_C_17	Run1_C_24	Run1_C_30	Run1_C_31	Run1_C_34	Run1_C_38	Run1_C_43	Run1_C_49	Run1_C_50	Run1_C_52	Run1_C_53	Run1_C_54	Run1_C_55	Run1_C_57	Run1_C_59	Run1_C_60	Run1_C_61	Run1_C_62	Run1_C_66	Run1_C_67	Run1_C_68	Run1_C_71	Run1_C_73	Run1_C_76	Run1_C_79	Run1_C_80	Run1_C_82	Run1_C_86	Run1_C_87	Run1_C_88	Run1_C_89	Run1_C_90	Run1_C_92	Run1_C_94	Run1_C_95	Run1_C_97	Run1_C_98	Run1_C_99	Run1_C_100	Run1_C_101	Run1_C_102	Run1_C_103	Run1_C_104	Run1_C_105	Run1_C_106	Run1_C_107	Run1_C_108	Run1_C_109	Run1_C_110	Run1_C_111	Run1_C_112	Run1_C_113	Run1_C_114	Run1_C_115	Run1_C_116	Run1_C_117	Run1_C_118	Run1_C_119	Run1_C_120	Run1_C_121	Run1_C_122	Run1_C_123	root
LOC_1	7	15	15	15	15	15	15	15	7	15	15	15	15	15	15	15	15	15	15	15	15	15	7	15	15	15	17	15	15	15	15	7	15	15	15	7	15	15	7	7	15	15	15	15	15	15	15	15	15	15	15	15	15	15	7	7	15	15	15	15	7	7	7
LOC_2	22	7	7	7	7	7	7	7	22	7	7	7	7	7	7	7	7	7	7	7	7	7	22	7	7	7	7	7	7	7	7	22	7	7	7	22	7	7	22	22	7	7	7	7	7	7	7	7	7	7	7	7	7	7	22	22	7	7	7	7	22	22	13
LOC_3	15	20	20	20	20	20	20	20	15	20	20	20	20	20	20	20	20	20	20	20	20	20	15	20	20	20	20	20	20	20	20	15	20	20	20	15	20	20	15	15	20	20	20	20	20	20	20	20	20	20	20	20	20	20	15	15	20	20	20	20	15	15	22
LOC_4	17	23	22	22	22	22	21	22	17	22	22	22	22	22	23	22	22	22	22	23	22	23	17	22	22	22	22	21	21	23	23	17	22	22	22	19	23	23	17	17	22	22	21	21	22	22	22	22	22	22	22	22	22	22	17	17	22	22	22	22	19	19	23
LOC_5	26	17	17	17	17	17	17	17	26	17	17	17	17	17	17	17	17	17	17	17	18	17	26	17	17	17	17	17	17	17	17	26	17	17	17	26	17	17	26	26	17	17	17	17	18	18	17	17	17	17	17	17	16	17	26	26	17	17	17	17	26	26	7
LOC_6	19	7	7	7	7	7	7	7	19	7	7	7	7	7	7	7	7	7	7	7	7	7	19	7	7	7	7	7	7	7	7	19	7	7	7	19	7	7	19	19	7	7	7	7	7	7	7	7	7	7	7	7	7	7	19	19	7	7	7	7	19	19	18
LOC_7	7	17	17	17	17	17	17	17	7	17	17	17	17	17	17	17	17	17	17	17	17	17	7	17	17	17	18	17	17	17	17	7	17	17	17	7	17	17	7	7	17	17	17	17	17	17	17	17	18	18	17	17	17	17	7	7	17	17	18	18	7	7	17
LOC_8	20	18	18	18	18	18	18	18	20	18	18	18	18	18	18	18	18	18	18	18	18	18	20	18	18	18	18	18	18	18	18	20	18	18	18	20	18	18	20	20	18	18	18	18	18	18	18	18	18	18	18	18	18	18	20	20	18	18	18	18	20	20	7
LOC_9	23	19	19	19	19	19	19	19	23	19	19	19	19	19	19	19	19	19	19	19	19	19	24	19	19	19	19	19	19	19	19	23	19	19	19	23	19	19	23	23	17	17	19	19	19	19	19	19	19	19	19	19	19	19	24	24	19	19	19	19	25	23	15
LOC_10	17	19	19	18	19	19	17	19	17	19	19	19	19	19	19	19	21	19	19	19	17	19	17	17	19	17	19	17	17	19	19	17	19	17	17	17	20	20	17	17	17	17	17	17	17	17	19	19	19	19	17	17	19	19	16	16	19	19	19	19	17	17	17
LOC_11	7	7	7	7	7	7	7	7	7	7	7	7	7	7	7	7	7	7	7	7	7	7	7	7	7	7	7	7	7	7	7	7	7	7	7	7	7	7	7	7	7	7	7	7	7	7	7	7	7	7	7	7	7	7	7	7	7	7	7	7	7	7	19
LOC_12	17	23	23	23	23	22	23	23	17	22	22	23	23	23	23	23	23	23	23	23	23	23	17	23	23	23	22	23	23	23	23	17	23	23	23	17	23	23	17	17	25	25	23	23	23	23	22	22	22	22	23	23	23	23	17	17	23	23	22	22	17	17	27
LOC_13	16	13	13	13	13	13	13	13	16	13	13	13	13	13	13	13	13	12	13	13	13	13	16	14	13	13	13	13	13	13	13	16	13	14	14	16	13	13	16	16	13	13	14	14	13	13	13	13	13	13	13	13	11	12	16	16	13	13	13	13	16	16	17
LOC_14	13	27	27	27	26	27	27	27	13	27	27	27	27	27	27	27	27	27	27	27	27	27	13	27	27	27	27	27	27	27	27	13	27	27	27	13	27	27	13	13	27	27	27	27	27	27	27	27	26	26	27	27	27	27	13	13	27	26	28	27	13	13	20
LOC_15	18	16	16	16	16	16	16	16	18	16	16	16	16	16	16	16	16	16	16	16	16	16	18	16	16	16	16	16	16	16	16	18	16	16	16	18	16	16	18	18	16	16	16	16	16	16	16	16	16	16	16	16	16	16	18	19	16	16	16	16	18	18	16
