names	Run1_C_2	Run1_C_5	Run1_C_6	Run1_C_7	root
LOC_1	19	19	22	19	19
LOC_2	20	20	19	19	20
LOC_3	7	8	7	7	7
LOC_4	7	7	7	7	7
LOC_5	7	7	7	7	7
LOC_6	16	17	17	17	16
LOC_7	13	14	13	13	13
LOC_8	23	24	24	24	22
LOC_9	15	15	15	15	15
LOC_10	17	17	17	17	17
LOC_11	22	20	21	21	23
LOC_12	17	17	17	17	17
LOC_13	17	17	17	17	17
LOC_14	18	18	18	18	18
LOC_15	26	31	27	27	27
LOC_16	14	14	15	14	14
LOC_17	15	15	15	15	15
LOC_18	24	23	22	23	23
LOC_19	22	22	23	22	22
LOC_20	17	15	15	15	15
LOC_21	13	14	13	12	13
LOC_22	21	21	19	20	21
LOC_23	16	16	14	14	16
LOC_24	23	24	22	22	23
LOC_25	22	22	22	24	22
LOC_26	15	15	16	16	15
LOC_27	17	17	17	17	17
LOC_28	21	21	21	21	21
LOC_29	26	27	25	26	25
LOC_30	19	19	19	19	19
LOC_31	24	25	25	27	26
LOC_32	20	21	20	21	20
LOC_33	15	15	15	15	15
LOC_34	14	14	14	14	14
LOC_35	19	19	19	20	19
LOC_36	20	18	21	18	20
LOC_37	21	23	22	22	21
LOC_38	16	16	17	14	16
LOC_39	20	20	20	20	20
LOC_40	14	16	16	16	14
LOC_41	21	21	22	22	21
LOC_42	20	21	22	22	21
LOC_43	18	18	18	18	18
LOC_44	18	18	18	18	18
LOC_45	18	18	18	18	18
LOC_46	20	21	20	19	20
LOC_47	15	15	15	15	15
LOC_48	17	18	18	18	17
LOC_49	15	15	13	15	15
LOC_50	16	16	16	16	16
LOC_51	19	20	16	17	20
LOC_52	19	20	20	20	19
LOC_53	22	23	22	23	23
LOC_54	20	20	20	20	20
LOC_55	20	20	20	18	20
LOC_56	21	19	19	19	19
LOC_57	23	22	23	23	23
LOC_58	20	20	20	20	21
LOC_59	9	9	9	9	9
LOC_60	20	20	20	21	20
LOC_61	24	23	23	21	24
LOC_62	18	18	18	18	18
LOC_63	17	16	16	16	17
LOC_64	17	17	17	18	17
LOC_65	17	16	16	16	17
LOC_66	21	22	21	21	21
LOC_67	22	22	22	22	22
LOC_68	16	16	18	17	16
LOC_69	21	21	22	22	21
LOC_70	23	23	23	25	23
LOC_71	16	15	16	16	16
LOC_72	20	19	19	18	20
LOC_73	18	19	19	19	19
LOC_74	24	24	24	26	22
LOC_75	25	19	18	20	23
LOC_76	21	18	21	21	21
LOC_77	14	14	14	14	14
LOC_78	21	21	21	21	22
LOC_79	15	15	14	14	15
LOC_80	24	24	22	23	24
LOC_81	16	15	15	15	16
LOC_82	20	20	20	20	20
LOC_83	18	18	18	18	18
LOC_84	16	16	16	16	16
LOC_85	21	21	21	19	21
LOC_86	16	16	16	16	16
LOC_87	20	20	20	20	20
LOC_88	22	22	26	24	22
LOC_89	27	28	29	28	26
LOC_90	20	20	20	20	20
LOC_91	16	17	18	17	17
LOC_92	19	19	19	24	19
LOC_93	12	12	12	12	12
LOC_94	15	18	16	16	15
LOC_95	13	13	13	13	13
LOC_96	20	23	22	23	20
LOC_97	20	20	19	20	20
LOC_98	15	14	14	16	15
LOC_99	17	17	16	16	16
LOC_100	14	14	14	14	14
LOC_101	21	23	21	21	21
LOC_102	19	19	19	19	19
LOC_103	14	13	15	14	14
LOC_104	21	19	21	21	21
LOC_105	16	16	16	16	16
LOC_106	29	28	33	34	28
LOC_107	15	15	15	15	15
LOC_108	23	23	23	25	23
LOC_109	13	14	15	15	14
LOC_110	16	18	18	17	16
LOC_111	15	15	15	17	15
LOC_112	21	22	23	22	21
LOC_113	14	13	13	13	14
LOC_114	17	19	19	19	17
LOC_115	14	15	15	18	14
LOC_116	15	14	14	14	14
LOC_117	19	20	20	20	19
LOC_118	16	16	16	17	16
LOC_119	23	23	25	22	23
LOC_120	18	18	18	18	18
LOC_121	20	18	18	18	18
LOC_122	20	21	23	24	19
LOC_123	24	24	24	24	24
LOC_124	22	22	21	23	22
LOC_125	27	24	26	26	27
LOC_126	14	14	14	14	14
LOC_127	22	24	24	24	22
LOC_128	20	19	23	22	20
LOC_129	19	19	19	19	19
LOC_130	24	24	19	23	24
LOC_131	15	14	14	15	15
LOC_132	21	21	21	21	21
LOC_133	22	22	25	22	22
LOC_134	23	22	21	22	23
LOC_135	14	14	14	14	14
LOC_136	15	16	16	16	15
LOC_137	25	24	23	24	24
LOC_138	21	22	20	20	21
LOC_139	17	18	18	18	17
LOC_140	16	17	16	17	17
LOC_141	15	15	15	16	15
LOC_142	27	31	28	30	27
LOC_143	21	22	22	22	21
LOC_144	16	16	16	16	16
LOC_145	20	19	19	20	20
LOC_146	20	20	21	21	20
LOC_147	21	21	20	21	21
LOC_148	14	14	14	14	14
LOC_149	18	18	21	21	18
LOC_150	15	15	15	15	15
LOC_151	16	16	16	16	16
LOC_152	20	20	20	20	20
LOC_153	19	24	23	23	20
LOC_154	18	18	18	18	18
LOC_155	21	20	21	22	21
LOC_156	17	19	17	17	17
LOC_157	17	17	17	19	17
LOC_158	22	22	21	21	22
LOC_159	15	15	14	14	15
LOC_160	19	19	19	20	19
LOC_161	21	22	22	21	21
LOC_162	20	20	21	21	20
LOC_163	18	18	16	16	18
LOC_164	20	20	20	20	20
LOC_165	15	15	15	15	15
LOC_166	17	17	18	16	17
LOC_167	16	16	16	16	16
LOC_168	28	28	30	25	28
LOC_169	23	24	23	24	23
LOC_170	19	24	22	22	19
LOC_171	23	23	25	24	23
LOC_172	22	21	22	22	22
LOC_173	16	16	16	16	16
LOC_174	22	22	22	23	22
LOC_175	27	28	32	30	27
LOC_176	14	14	14	14	14
LOC_177	24	24	24	23	24
LOC_178	23	24	24	24	23
LOC_179	23	23	22	21	23
LOC_180	23	21	26	25	22
LOC_181	18	18	18	18	18
LOC_182	23	21	23	22	23
LOC_183	25	24	24	22	25
LOC_184	16	13	16	16	16
LOC_185	21	20	19	20	20
LOC_186	16	16	16	16	16
LOC_187	21	21	21	21	21
LOC_188	26	24	25	24	25
LOC_189	14	14	14	14	14
LOC_190	22	21	21	21	22
LOC_191	17	16	16	15	17
LOC_192	21	23	23	24	21
LOC_193	15	15	15	15	15
LOC_194	18	18	18	18	18
LOC_195	20	18	18	17	18
LOC_196	22	24	22	21	22
LOC_197	21	19	19	18	21
LOC_198	28	27	27	28	27
LOC_199	14	15	14	14	14
LOC_200	23	20	22	22	23
LOC_201	24	25	27	28	24
LOC_202	17	17	16	16	17
LOC_203	18	18	18	18	18
LOC_204	18	18	17	19	18
LOC_205	14	14	15	14	14
LOC_206	20	20	20	20	20
LOC_207	14	14	14	14	14
LOC_208	14	12	12	12	14
LOC_209	17	17	16	17	17
LOC_210	22	24	21	22	22
LOC_211	23	24	24	25	24
LOC_212	23	24	26	25	24
LOC_213	19	19	18	19	19
LOC_214	17	19	17	17	17
LOC_215	16	15	16	16	16
LOC_216	20	19	20	20	20
LOC_217	24	25	26	26	25
LOC_218	17	16	17	17	17
LOC_219	15	15	15	15	15
LOC_220	18	18	19	18	18
LOC_221	24	25	23	25	24
LOC_222	29	26	26	26	28
LOC_223	14	15	16	15	14
LOC_224	16	16	15	15	16
LOC_225	21	21	21	21	21
LOC_226	16	16	16	16	16
LOC_227	7	7	7	7	7
LOC_228	16	16	16	18	16
LOC_229	18	19	19	19	17
LOC_230	19	19	19	19	19
LOC_231	19	18	18	18	19
LOC_232	19	19	19	19	18
LOC_233	15	15	15	15	15
LOC_234	14	16	17	17	15
LOC_235	22	22	23	21	22
LOC_236	17	17	18	17	17
LOC_237	21	20	22	20	20
LOC_238	21	21	20	21	21
LOC_239	22	22	21	21	22
LOC_240	14	15	15	15	14
LOC_241	18	18	17	17	18
LOC_242	18	15	17	17	17
LOC_243	18	19	19	19	19
LOC_244	14	14	15	15	14
LOC_245	24	24	24	25	24
LOC_246	24	24	23	23	24
LOC_247	16	16	16	17	16
LOC_248	18	18	18	18	18
LOC_249	25	24	24	23	24
LOC_250	31	27	26	27	27
LOC_251	17	17	16	17	17
LOC_252	23	21	22	21	22
LOC_253	14	14	14	14	14
LOC_254	16	17	16	16	16
LOC_255	23	22	22	22	23
LOC_256	19	20	21	20	19
LOC_257	19	20	20	20	20
LOC_258	13	13	13	13	13
LOC_259	20	20	19	20	20
LOC_260	20	22	21	21	22
LOC_261	15	15	15	15	15
LOC_262	13	13	14	13	13
LOC_263	16	16	16	16	16
LOC_264	23	24	23	22	22
LOC_265	24	25	25	25	24
LOC_266	18	20	20	21	19
LOC_267	18	19	18	18	18
LOC_268	17	19	17	17	17
LOC_269	16	16	16	16	16
LOC_270	19	20	19	19	19
LOC_271	24	22	24	24	24
LOC_272	23	24	23	23	23
LOC_273	25	27	22	23	24
LOC_274	24	22	22	23	22
LOC_275	17	16	15	16	15
LOC_276	21	19	20	21	20
LOC_277	13	14	14	14	14
LOC_278	14	14	14	14	14
LOC_279	15	15	15	15	15
LOC_280	20	20	20	22	20
LOC_281	20	23	20	23	20
LOC_282	15	15	16	14	15
LOC_283	14	14	14	15	14
LOC_284	14	14	14	14	14
LOC_285	28	27	26	28	29
LOC_286	19	17	18	18	18
LOC_287	28	30	30	32	28
LOC_288	17	19	19	20	17
LOC_289	15	13	15	15	15
LOC_290	17	19	21	21	19
LOC_291	18	19	20	19	18
LOC_292	19	18	18	21	19
LOC_293	15	16	16	16	15
LOC_294	26	24	24	24	25
LOC_295	18	20	21	22	18
LOC_296	14	14	14	14	14
LOC_297	15	15	15	15	15
LOC_298	17	16	17	17	17
LOC_299	17	16	16	16	16
LOC_300	17	14	18	18	17
LOC_301	20	20	18	18	20
LOC_302	24	24	24	25	24
LOC_303	18	18	18	18	18
LOC_304	14	14	14	14	14
LOC_305	17	16	20	20	17
LOC_306	26	26	25	27	26
LOC_307	21	22	22	22	22
LOC_308	22	22	22	22	22
LOC_309	22	22	22	22	22
LOC_310	15	15	15	15	15
LOC_311	20	17	18	18	18
LOC_312	18	22	18	18	18
LOC_313	16	16	16	16	16
LOC_314	15	14	17	17	15
LOC_315	15	15	16	16	15
LOC_316	26	25	24	27	26
LOC_317	21	22	21	21	21
LOC_318	23	22	22	22	22
LOC_319	23	23	22	23	22
LOC_320	21	22	22	23	21
LOC_321	16	16	18	18	16
LOC_322	12	12	12	12	12
LOC_323	14	14	14	14	14
LOC_324	21	21	21	21	21
LOC_325	16	16	16	16	16
LOC_326	16	16	15	16	16
LOC_327	15	15	15	15	15
LOC_328	20	20	18	19	20
LOC_329	23	23	21	23	23
LOC_330	22	20	21	22	22
LOC_331	23	26	23	24	23
LOC_332	15	15	17	15	15
LOC_333	14	14	14	14	14
LOC_334	19	19	19	19	19
LOC_335	22	24	25	25	23
LOC_336	24	24	23	23	24
LOC_337	20	20	22	21	20
LOC_338	17	19	18	19	19
LOC_339	17	17	19	17	17
LOC_340	13	13	13	13	13
LOC_341	20	20	21	20	20
LOC_342	13	14	14	14	14
LOC_343	22	20	19	21	20
LOC_344	18	17	17	17	17
LOC_345	15	15	15	15	15
LOC_346	23	23	24	23	23
LOC_347	20	20	22	22	20
LOC_348	20	20	19	19	20
LOC_349	15	15	16	15	15
LOC_350	17	17	17	17	17
LOC_351	26	25	26	26	26
LOC_352	21	20	20	20	20
LOC_353	18	18	18	18	18
LOC_354	15	15	15	15	15
LOC_355	14	14	14	14	14
LOC_356	17	17	20	18	17
LOC_357	16	16	17	16	16
LOC_358	7	7	8	8	7
LOC_359	17	19	19	17	19
LOC_360	26	25	24	24	24
LOC_361	21	21	21	21	21
LOC_362	22	22	22	22	22
LOC_363	8	8	8	9	8
LOC_364	14	14	14	14	14
LOC_365	25	26	24	26	25
LOC_366	17	17	18	18	17
LOC_367	16	16	16	16	16
LOC_368	24	23	24	24	24
LOC_369	25	27	27	27	28
LOC_370	18	19	18	18	18
LOC_371	22	23	23	23	23
LOC_372	19	23	23	23	21
LOC_373	14	13	14	14	14
LOC_374	15	15	15	15	15
LOC_375	18	18	18	18	18
LOC_376	19	22	23	21	20
LOC_377	23	22	22	23	23
LOC_378	23	21	23	23	23
LOC_379	19	17	16	18	18
LOC_380	18	18	18	19	18
LOC_381	14	14	14	14	14
LOC_382	18	18	18	18	18
LOC_383	17	19	17	19	17
LOC_384	16	14	16	15	14
LOC_385	18	18	18	18	18
LOC_386	19	20	20	20	19
LOC_387	17	17	17	17	17
LOC_388	27	30	28	26	28
LOC_389	18	18	18	18	18
LOC_390	7	7	7	7	7
LOC_391	22	22	23	23	22
LOC_392	22	22	22	22	22
LOC_393	15	15	15	15	15
LOC_394	16	16	16	16	16
LOC_395	20	21	20	18	20
LOC_396	17	17	17	17	17
LOC_397	19	20	20	21	19
LOC_398	17	19	19	19	17
LOC_399	28	29	30	26	29
LOC_400	15	15	15	15	15
LOC_401	13	13	13	14	13
LOC_402	14	14	15	14	14
LOC_403	14	14	15	15	14
LOC_404	10	10	10	10	10
LOC_405	16	16	16	17	16
LOC_406	19	18	18	18	19
LOC_407	17	17	19	17	17
LOC_408	14	14	15	16	14
LOC_409	13	17	18	16	15
LOC_410	16	16	16	16	16
LOC_411	14	14	16	14	14
LOC_412	19	21	21	20	19
LOC_413	22	20	20	20	20
LOC_414	15	16	16	17	15
LOC_415	14	16	14	14	14
LOC_416	19	18	18	18	17
LOC_417	14	15	14	14	14
LOC_418	14	13	13	13	14
LOC_419	15	17	16	16	15
LOC_420	13	13	13	13	13
LOC_421	17	17	17	17	17
LOC_422	24	21	22	22	23
LOC_423	9	9	9	9	9
LOC_424	19	20	20	20	20
LOC_425	18	18	18	19	16
LOC_426	17	17	18	19	17
LOC_427	20	20	20	21	20
LOC_428	16	16	16	16	16
LOC_429	19	19	19	19	19
LOC_430	20	19	18	19	19
LOC_431	19	21	22	21	19
LOC_432	14	14	15	14	14
LOC_433	23	24	27	23	23
LOC_434	20	18	18	19	19
LOC_435	24	25	26	26	25
LOC_436	25	23	24	24	24
LOC_437	22	21	22	23	22
LOC_438	24	22	22	22	23
LOC_439	16	16	16	16	16
LOC_440	20	20	22	22	20
LOC_441	16	16	16	16	16
LOC_442	22	23	23	21	22
LOC_443	18	18	15	18	18
LOC_444	20	20	20	20	20
LOC_445	24	20	22	22	22
LOC_446	18	18	19	19	18
LOC_447	18	19	18	18	18
LOC_448	28	27	28	31	28
LOC_449	17	17	17	17	17
LOC_450	20	20	21	20	20
LOC_451	14	14	14	14	14
LOC_452	19	19	19	19	19
LOC_453	18	18	18	18	18
LOC_454	21	21	22	23	21
LOC_455	16	15	15	15	16
LOC_456	15	15	16	16	15
LOC_457	22	21	22	23	22
LOC_458	19	16	15	15	16
LOC_459	7	8	8	10	7
LOC_460	18	20	21	21	18
LOC_461	14	14	14	14	14
LOC_462	21	22	22	22	21
LOC_463	25	26	26	24	25
LOC_464	18	19	18	18	18
LOC_465	24	24	25	25	25
LOC_466	24	25	26	25	24
LOC_467	19	19	19	19	19
LOC_468	13	14	15	14	14
LOC_469	24	23	23	23	23
LOC_470	23	23	23	24	23
LOC_471	19	18	18	19	19
LOC_472	16	18	17	17	16
LOC_473	21	20	21	21	21
LOC_474	15	15	16	16	15
LOC_475	16	15	17	15	16
LOC_476	16	16	17	17	16
LOC_477	18	19	19	19	19
LOC_478	16	16	17	16	16
LOC_479	17	17	17	17	17
LOC_480	15	17	17	18	17
LOC_481	17	16	16	16	16
LOC_482	17	17	16	16	17
LOC_483	24	25	26	26	24
LOC_484	25	26	25	21	25
LOC_485	17	17	16	16	17
LOC_486	23	22	22	22	23
LOC_487	17	17	17	17	17
LOC_488	23	21	24	23	23
LOC_489	17	16	18	18	18
LOC_490	14	14	14	14	14
LOC_491	21	20	21	21	21
LOC_492	19	20	20	20	20
LOC_493	26	30	25	26	27
LOC_494	17	19	16	16	17
LOC_495	23	24	24	23	23
LOC_496	22	22	22	22	22
LOC_497	20	20	24	21	20
LOC_498	8	8	8	8	8
LOC_499	21	21	22	22	21
LOC_500	19	20	19	19	19
LOC_501	15	17	17	17	17
LOC_502	27	27	27	26	27
LOC_503	7	7	7	7	7
LOC_504	14	15	15	15	15
LOC_505	21	21	21	22	21
LOC_506	14	15	14	14	14
LOC_507	14	14	14	14	14
LOC_508	18	16	18	18	18
LOC_509	19	19	19	19	19
LOC_510	20	21	21	21	20
LOC_511	20	19	18	21	20
LOC_512	23	25	23	24	23
LOC_513	16	17	16	16	16
LOC_514	14	14	14	14	14
LOC_515	18	18	18	18	18
LOC_516	18	19	19	17	18
LOC_517	19	19	18	19	19
LOC_518	20	22	22	22	21
LOC_519	17	17	15	15	17
LOC_520	20	21	20	18	20
LOC_521	16	16	17	16	16
LOC_522	19	21	19	19	19
LOC_523	18	18	18	18	18
LOC_524	22	21	25	23	22
LOC_525	18	18	19	19	18
LOC_526	14	14	16	14	14
LOC_527	17	18	18	18	18
LOC_528	18	18	16	18	18
LOC_529	19	16	16	16	16
LOC_530	14	16	17	16	14
LOC_531	22	20	22	22	22
LOC_532	15	16	17	18	16
LOC_533	19	18	19	19	19
LOC_534	18	15	18	17	18
LOC_535	20	20	20	20	20
LOC_536	16	15	16	16	16
LOC_537	21	25	24	23	21
LOC_538	21	20	21	20	21
LOC_539	31	32	30	27	30
LOC_540	24	27	25	24	27
LOC_541	14	14	14	14	14
LOC_542	17	16	15	16	17
LOC_543	21	18	18	17	20
LOC_544	12	14	15	14	12
LOC_545	17	18	18	18	17
LOC_546	18	17	19	19	18
LOC_547	21	23	22	22	22
LOC_548	32	27	25	26	28
LOC_549	16	16	16	16	16
LOC_550	24	25	24	24	24
LOC_551	17	15	15	15	15
LOC_552	18	15	17	17	16
LOC_553	18	16	18	18	18
LOC_554	14	14	14	14	14
LOC_555	22	22	21	22	22
LOC_556	17	18	18	18	17
LOC_557	21	21	21	21	21
LOC_558	18	19	19	19	18
LOC_559	16	16	15	16	16
LOC_560	21	21	19	18	21
LOC_561	24	25	24	25	24
LOC_562	22	24	17	22	22
LOC_563	27	27	26	27	27
LOC_564	18	19	16	17	18
LOC_565	23	19	19	18	19
LOC_566	15	15	15	15	15
LOC_567	25	23	23	23	23
LOC_568	18	19	18	17	18
LOC_569	17	17	17	17	17
LOC_570	19	19	17	20	19
LOC_571	17	17	17	17	17
LOC_572	17	17	17	17	17
LOC_573	19	19	24	24	19
LOC_574	21	21	23	22	21
LOC_575	17	16	16	17	17
LOC_576	18	18	18	18	18
LOC_577	12	11	11	11	12
LOC_578	14	14	15	14	14
LOC_579	20	20	18	18	20
LOC_580	14	14	14	14	14
LOC_581	18	15	15	15	18
LOC_582	18	18	18	18	18
LOC_583	14	16	16	16	14
LOC_584	19	20	20	20	20
LOC_585	15	14	14	14	14
LOC_586	20	18	20	20	20
LOC_587	12	12	12	12	12
LOC_588	25	29	29	29	28
LOC_589	8	8	9	9	8
LOC_590	15	14	14	14	14
LOC_591	17	20	19	18	17
LOC_592	11	11	11	11	11
LOC_593	14	14	14	14	14
LOC_594	27	27	25	26	26
LOC_595	18	16	19	18	18
LOC_596	24	25	24	24	26
LOC_597	19	20	20	20	20
LOC_598	21	21	21	21	21
LOC_599	30	30	29	31	29
LOC_600	27	25	26	26	26
LOC_601	12	14	14	14	14
LOC_602	14	14	14	14	14
LOC_603	17	17	20	20	17
LOC_604	26	27	26	26	26
LOC_605	23	23	23	23	23
LOC_606	14	14	14	14	14
LOC_607	19	19	19	19	19
LOC_608	21	27	27	28	24
LOC_609	31	29	28	29	30
LOC_610	16	16	16	16	16
LOC_611	23	22	20	22	22
LOC_612	15	16	15	16	15
LOC_613	28	24	25	25	27
LOC_614	29	28	29	28	29
LOC_615	18	18	18	18	18
LOC_616	22	23	22	23	22
LOC_617	28	31	34	33	29
LOC_618	19	18	18	19	19
LOC_619	21	21	21	21	21
LOC_620	24	23	25	24	24
LOC_621	25	25	24	24	25
LOC_622	23	25	27	26	23
LOC_623	24	27	24	24	23
LOC_624	20	20	20	20	20
LOC_625	14	14	14	14	14
LOC_626	16	16	16	16	16
LOC_627	14	14	14	14	14
LOC_628	18	17	17	17	17
LOC_629	20	18	19	21	20
LOC_630	16	16	16	16	16
LOC_631	18	19	19	20	19
LOC_632	17	17	17	17	16
LOC_633	20	21	21	21	20
LOC_634	21	21	21	22	22
LOC_635	18	18	21	20	18
LOC_636	17	16	17	16	17
LOC_637	15	15	14	14	15
LOC_638	18	19	18	18	18
LOC_639	24	24	25	24	24
LOC_640	20	21	21	21	20
LOC_641	20	20	20	20	20
LOC_642	29	29	28	28	28
LOC_643	22	22	21	21	22
LOC_644	21	23	21	19	22
LOC_645	19	18	18	19	18
LOC_646	16	16	16	16	16
LOC_647	14	14	13	13	14
LOC_648	15	14	17	14	15
LOC_649	17	17	18	17	17
LOC_650	24	28	29	26	24
LOC_651	15	15	15	15	15
LOC_652	17	17	16	17	16
LOC_653	24	22	22	22	24
LOC_654	21	22	21	22	21
LOC_655	23	23	24	23	24
LOC_656	15	15	15	16	15
LOC_657	16	16	16	16	16
LOC_658	25	25	26	27	25
LOC_659	18	18	18	18	18
LOC_660	16	15	15	14	16
LOC_661	9	10	9	9	9
LOC_662	18	16	16	16	16
LOC_663	18	17	18	18	18
LOC_664	26	28	27	24	26
LOC_665	12	12	12	12	12
LOC_666	23	24	24	23	23
LOC_667	17	17	17	17	17
LOC_668	21	20	21	21	20
LOC_669	23	25	25	24	23
LOC_670	13	14	14	14	14
LOC_671	16	16	16	16	16
LOC_672	21	20	20	20	21
LOC_673	21	21	22	22	21
LOC_674	21	21	23	21	21
LOC_675	18	18	17	18	18
LOC_676	20	19	22	22	20
LOC_677	15	16	16	16	16
LOC_678	19	19	20	21	20
LOC_679	15	15	15	15	15
LOC_680	18	18	18	18	18
LOC_681	17	16	16	16	16
LOC_682	14	14	14	14	14
LOC_683	22	23	23	26	22
LOC_684	29	28	27	29	28
LOC_685	23	23	23	23	23
LOC_686	17	17	17	17	17
LOC_687	21	21	19	19	21
LOC_688	26	23	23	23	24
LOC_689	21	22	22	22	23
LOC_690	21	21	22	21	21
LOC_691	20	17	17	17	20
LOC_692	19	19	19	19	19
LOC_693	19	19	19	18	19
LOC_694	16	15	16	16	16
LOC_695	17	18	17	18	17
LOC_696	23	21	22	22	23
LOC_697	23	23	23	23	22
LOC_698	30	28	29	30	28
LOC_699	15	14	14	14	15
LOC_700	17	17	18	20	17
LOC_701	16	15	17	17	16
LOC_702	21	18	21	21	21
LOC_703	29	29	22	28	29
LOC_704	28	30	28	27	28
LOC_705	19	19	20	19	19
LOC_706	21	16	21	21	21
LOC_707	17	18	18	18	18
LOC_708	31	29	28	29	30
LOC_709	28	28	27	28	29
LOC_710	20	20	21	20	20
LOC_711	12	12	12	13	12
LOC_712	21	22	21	20	23
LOC_713	24	20	20	21	23
LOC_714	14	16	13	13	15
LOC_715	16	16	14	16	16
LOC_716	28	28	32	32	28
LOC_717	30	32	32	32	30
LOC_718	17	16	15	15	17
LOC_719	30	30	30	29	29
LOC_720	29	30	28	30	30
LOC_721	28	27	30	27	28
LOC_722	16	16	16	16	16
LOC_723	21	21	20	20	21
LOC_724	27	29	28	27	28
LOC_725	19	19	18	19	19
LOC_726	24	23	24	24	23
LOC_727	21	23	23	24	21
LOC_728	18	18	18	18	18
LOC_729	30	26	25	26	27
LOC_730	30	31	33	32	30
LOC_731	28	27	28	27	27
LOC_732	17	14	14	14	17
LOC_733	23	22	22	22	22
LOC_734	27	25	26	25	27
LOC_735	27	27	28	27	28
LOC_736	21	21	19	20	20
LOC_737	17	17	18	17	17
LOC_738	27	27	26	26	27
LOC_739	16	17	19	19	16
LOC_740	21	21	21	21	21
LOC_741	25	24	23	24	25
LOC_742	23	22	22	22	22
LOC_743	20	20	19	19	20
LOC_744	14	14	14	14	14
LOC_745	16	17	17	17	16
LOC_746	27	27	28	28	28
LOC_747	16	17	16	16	16
LOC_748	15	15	15	15	15
LOC_749	21	22	21	21	21
LOC_750	22	22	22	21	22
LOC_751	18	18	17	18	18
LOC_752	24	23	22	23	23
LOC_753	19	22	23	23	22
LOC_754	27	27	29	27	27
LOC_755	17	16	16	14	16
LOC_756	16	18	17	18	16
LOC_757	16	16	16	16	16
LOC_758	13	13	14	13	13
LOC_759	18	18	18	18	19
LOC_760	17	17	16	15	16
LOC_761	19	21	21	22	20
LOC_762	16	16	17	17	16
LOC_763	26	24	23	23	26
LOC_764	23	21	22	22	22
LOC_765	27	29	31	28	27
LOC_766	17	16	15	15	15
LOC_767	18	18	18	18	18
LOC_768	27	26	26	26	26
LOC_769	23	22	22	25	25
LOC_770	26	26	26	26	26
LOC_771	24	23	23	23	23
LOC_772	21	21	21	20	21
LOC_773	16	18	18	18	16
LOC_774	23	25	23	23	25
LOC_775	20	20	21	21	20
LOC_776	22	22	23	23	21
LOC_777	27	25	25	25	26
LOC_778	15	16	16	15	16
LOC_779	23	20	23	23	20
LOC_780	26	25	26	25	26
LOC_781	26	27	27	27	26
LOC_782	14	14	14	14	14
LOC_783	30	24	24	24	26
LOC_784	26	23	25	26	26
LOC_785	23	23	23	23	24
LOC_786	27	27	24	25	26
LOC_787	21	21	22	22	21
LOC_788	25	26	25	26	26
LOC_789	18	21	18	18	18
LOC_790	26	26	25	27	26
LOC_791	26	25	28	29	26
LOC_792	16	16	16	16	16
LOC_793	19	19	20	20	19
LOC_794	20	19	20	21	20
LOC_795	20	20	20	20	21
LOC_796	19	18	18	18	18
LOC_797	26	27	27	24	27
LOC_798	26	25	26	26	26
LOC_799	28	26	27	26	26
LOC_800	9	10	9	9	9
LOC_801	26	30	28	28	26
LOC_802	26	27	27	26	26
LOC_803	20	20	23	23	20
LOC_804	16	16	16	16	16
LOC_805	18	16	16	16	16
LOC_806	17	17	17	17	17
LOC_807	16	16	16	16	16
LOC_808	20	21	21	21	20
LOC_809	26	26	27	26	26
LOC_810	17	17	17	21	17
LOC_811	20	19	19	19	19
LOC_812	20	18	18	18	19
LOC_813	25	24	25	25	26
LOC_814	26	30	27	28	26
LOC_815	27	25	25	25	26
LOC_816	16	16	16	16	16
LOC_817	22	23	24	22	22
LOC_818	25	29	28	29	25
LOC_819	7	7	7	7	7
LOC_820	15	16	16	16	16
LOC_821	28	27	27	26	28
LOC_822	24	28	28	28	25
LOC_823	15	15	15	15	15
LOC_824	22	21	21	21	21
LOC_825	24	25	25	25	25
LOC_826	17	18	18	18	18
LOC_827	21	22	23	24	21
LOC_828	20	17	19	19	19
LOC_829	16	16	17	15	16
LOC_830	26	25	24	25	25
LOC_831	25	24	24	24	25
LOC_832	16	16	16	18	16
LOC_833	14	14	14	14	14
LOC_834	20	21	22	22	21
LOC_835	25	23	26	24	25
LOC_836	15	15	15	15	15
LOC_837	12	13	14	14	12
LOC_838	21	21	17	21	23
LOC_839	18	18	18	17	18
LOC_840	20	20	20	20	20
LOC_841	14	14	14	14	14
LOC_842	25	23	27	26	25
LOC_843	17	13	17	17	17
LOC_844	26	24	26	26	26
LOC_845	25	26	25	25	25
LOC_846	18	18	21	19	18
LOC_847	27	25	20	26	25
LOC_848	19	19	19	19	19
LOC_849	22	25	25	26	25
LOC_850	17	16	17	17	17
LOC_851	23	23	24	24	23
LOC_852	15	15	15	15	15
LOC_853	25	25	26	27	25
LOC_854	24	22	24	24	25
LOC_855	18	17	18	18	18
LOC_856	26	27	27	31	26
LOC_857	29	31	34	31	29
LOC_858	15	14	15	15	14
LOC_859	14	14	13	13	14
LOC_860	22	20	21	21	22
LOC_861	17	17	17	17	17
LOC_862	16	15	15	15	15
LOC_863	20	19	19	19	20
LOC_864	25	24	23	24	24
LOC_865	26	23	25	25	25
LOC_866	25	24	23	24	25
LOC_867	18	17	16	16	18
LOC_868	25	22	25	25	25
LOC_869	21	21	20	20	21
LOC_870	13	13	13	13	13
LOC_871	14	15	15	15	14
LOC_872	25	23	24	24	25
LOC_873	17	17	17	17	17
LOC_874	23	23	23	23	24
LOC_875	18	18	18	18	18
LOC_876	17	17	17	17	17
LOC_877	26	25	25	25	25
LOC_878	26	26	26	26	25
LOC_879	25	24	26	26	25
LOC_880	24	26	26	25	25
LOC_881	17	17	17	17	17
LOC_882	20	20	20	20	20
LOC_883	25	23	26	24	25
LOC_884	15	16	16	16	15
LOC_885	16	18	17	17	17
LOC_886	25	26	27	22	25
LOC_887	25	26	23	23	25
LOC_888	24	26	25	25	25
LOC_889	23	23	23	23	23
LOC_890	23	22	22	22	22
LOC_891	25	24	24	24	25
LOC_892	22	24	22	23	22
LOC_893	19	19	19	20	19
LOC_894	18	18	18	18	18
LOC_895	23	23	24	24	24
LOC_896	25	25	26	26	25
LOC_897	17	17	17	17	17
LOC_898	24	27	27	26	25
LOC_899	26	25	26	24	25
LOC_900	22	22	22	22	24
LOC_901	25	26	25	24	25
LOC_902	24	22	23	22	23
LOC_903	25	27	27	26	25
LOC_904	14	15	15	15	14
LOC_905	25	26	28	26	25
LOC_906	15	16	15	15	15
LOC_907	17	21	22	22	18
LOC_908	22	22	22	22	22
LOC_909	25	28	25	25	25
LOC_910	17	18	16	17	17
LOC_911	19	19	18	21	19
LOC_912	11	11	11	11	11
LOC_913	18	18	19	18	18
LOC_914	25	25	24	25	25
LOC_915	25	25	24	24	25
LOC_916	17	20	24	24	18
LOC_917	15	16	15	15	15
LOC_918	16	16	16	16	16
LOC_919	14	14	14	14	14
LOC_920	20	18	18	18	18
LOC_921	16	17	20	18	16
LOC_922	23	23	23	26	22
LOC_923	23	26	24	25	25
LOC_924	25	25	25	28	25
LOC_925	14	14	18	19	14
LOC_926	27	25	24	24	25
LOC_927	25	27	27	28	25
LOC_928	24	24	26	26	25
LOC_929	15	17	15	15	15
LOC_930	10	10	10	10	10
LOC_931	24	24	26	26	24
LOC_932	24	23	23	24	24
LOC_933	24	21	23	23	24
LOC_934	24	24	25	24	24
LOC_935	17	17	17	17	17
LOC_936	24	23	24	24	23
LOC_937	24	26	29	28	24
LOC_938	17	17	17	17	17
LOC_939	19	19	17	18	19
LOC_940	18	19	20	20	19
LOC_941	14	14	13	14	14
LOC_942	24	24	24	24	24
LOC_943	20	20	20	20	20
LOC_944	16	18	18	18	18
LOC_945	17	17	17	19	17
LOC_946	24	24	24	21	24
LOC_947	24	25	27	28	24
LOC_948	20	20	20	20	20
LOC_949	23	20	20	20	23
LOC_950	24	22	20	20	24
LOC_951	20	20	20	20	20
LOC_952	20	21	20	23	20
LOC_953	24	26	28	30	24
LOC_954	22	23	24	24	22
LOC_955	24	22	26	24	24
LOC_956	24	25	27	27	24
LOC_957	25	22	25	25	24
LOC_958	16	15	16	15	16
LOC_959	18	18	17	17	18
LOC_960	24	25	26	28	24
LOC_961	24	27	25	25	25
LOC_962	25	24	25	24	24
LOC_963	24	24	24	24	24
LOC_964	16	16	16	16	16
LOC_965	25	23	25	24	23
LOC_966	21	20	19	22	20
LOC_967	24	23	23	23	24
LOC_968	24	25	25	28	24
LOC_969	18	18	17	18	18
LOC_970	19	20	19	18	19
LOC_971	24	22	23	23	24
LOC_972	24	26	24	25	24
LOC_973	28	31	29	29	30
LOC_974	14	14	15	14	14
LOC_975	14	16	16	16	14
LOC_976	28	31	26	28	29
LOC_977	18	19	19	19	17
LOC_978	17	16	17	17	17
LOC_979	25	27	29	27	25
LOC_980	16	16	16	16	16
LOC_981	22	22	22	22	22
LOC_982	14	15	14	14	14
LOC_983	24	24	25	24	24
LOC_984	26	22	21	22	24
LOC_985	15	14	14	14	14
LOC_986	17	18	17	17	17
LOC_987	24	25	23	20	24
LOC_988	18	18	19	19	18
LOC_989	24	25	25	26	24
LOC_990	24	23	26	27	24
LOC_991	15	15	14	14	15
LOC_992	23	23	23	23	23
LOC_993	19	22	22	22	19
LOC_994	26	25	24	23	24
LOC_995	24	24	23	23	24
LOC_996	24	24	24	24	24
LOC_997	24	24	25	25	24
LOC_998	14	11	14	14	14
LOC_999	24	24	25	24	24
LOC_1000	21	23	21	21	21
LOC_1001	19	18	19	19	19
LOC_1002	25	25	22	23	24
LOC_1003	25	27	26	29	24
LOC_1004	17	17	17	17	17
LOC_1005	7	7	7	8	7
LOC_1006	25	23	26	22	24
LOC_1007	18	18	19	19	18
LOC_1008	21	21	22	22	21
LOC_1009	23	23	23	23	24
LOC_1010	14	15	15	15	15
LOC_1011	23	24	24	23	24
LOC_1012	24	24	24	26	24
LOC_1013	23	24	27	25	24
LOC_1014	22	21	19	21	23
LOC_1015	16	16	16	16	16
LOC_1016	14	18	14	14	14
LOC_1017	23	22	27	25	24
LOC_1018	25	22	22	23	24
LOC_1019	15	15	16	16	15
LOC_1020	23	23	23	23	23
LOC_1021	15	14	14	14	15
LOC_1022	24	25	25	24	24
LOC_1023	24	22	22	22	24
LOC_1024	28	30	30	30	29
LOC_1025	15	14	14	15	14
LOC_1026	22	21	22	22	22
LOC_1027	24	24	25	26	24
LOC_1028	7	8	8	8	7
LOC_1029	19	16	16	16	19
LOC_1030	25	23	22	23	24
LOC_1031	22	23	23	25	23
LOC_1032	10	10	10	10	10
LOC_1033	24	21	25	27	24
LOC_1034	24	23	26	23	24
LOC_1035	23	23	23	24	23
LOC_1036	15	15	15	15	15
LOC_1037	24	23	24	24	24
LOC_1038	20	21	22	21	20
LOC_1039	15	15	15	15	15
LOC_1040	21	21	21	21	21
LOC_1041	26	24	23	24	24
LOC_1042	12	12	12	12	12
LOC_1043	17	17	17	17	16
LOC_1044	14	14	14	15	14
LOC_1045	24	24	24	25	24
LOC_1046	23	23	24	24	24
LOC_1047	22	21	22	22	21
LOC_1048	21	21	22	21	21
LOC_1049	24	23	23	23	24
LOC_1050	24	22	22	22	24
LOC_1051	24	21	22	23	23
LOC_1052	18	18	18	18	18
LOC_1053	17	17	17	18	17
LOC_1054	24	25	24	24	24
LOC_1055	14	14	14	14	14
LOC_1056	21	21	21	21	21
LOC_1057	22	22	21	21	22
LOC_1058	16	17	17	17	16
LOC_1059	21	22	22	19	21
LOC_1060	23	25	23	24	24
LOC_1061	24	24	24	25	24
LOC_1062	19	19	20	20	19
LOC_1063	23	23	22	21	23
LOC_1064	16	14	14	14	14
LOC_1065	24	24	24	24	24
LOC_1066	24	26	27	27	24
LOC_1067	15	15	15	16	15
LOC_1068	22	23	24	24	23
LOC_1069	16	16	16	16	16
LOC_1070	16	17	18	20	17
LOC_1071	24	22	21	22	23
LOC_1072	22	24	24	24	23
LOC_1073	23	24	23	22	23
LOC_1074	16	16	17	15	16
LOC_1075	19	17	14	14	17
LOC_1076	24	24	24	24	24
LOC_1077	16	15	14	14	15
LOC_1078	24	24	22	23	24
LOC_1079	17	17	17	17	17
LOC_1080	18	18	17	17	18
LOC_1081	20	25	21	20	20
LOC_1082	16	16	17	17	16
LOC_1083	19	19	20	20	19
LOC_1084	16	16	15	15	16
LOC_1085	22	23	25	24	23
LOC_1086	22	22	22	22	22
LOC_1087	19	20	19	18	20
LOC_1088	24	24	24	24	24
LOC_1089	26	25	23	23	26
LOC_1090	23	22	22	22	23
LOC_1091	18	19	21	19	18
LOC_1092	20	18	18	18	20
LOC_1093	17	17	17	17	17
LOC_1094	17	17	18	17	16
LOC_1095	16	17	19	17	16
LOC_1096	14	15	15	16	14
LOC_1097	21	23	23	23	21
LOC_1098	23	25	24	24	23
LOC_1099	23	23	23	23	23
LOC_1100	22	22	23	23	23
LOC_1101	23	22	28	29	23
LOC_1102	23	25	23	22	23
LOC_1103	14	14	14	14	14
LOC_1104	24	22	23	23	23
LOC_1105	22	23	23	23	23
LOC_1106	21	20	21	21	21
LOC_1107	23	21	23	23	23
LOC_1108	24	22	23	23	23
LOC_1109	23	23	22	22	23
LOC_1110	16	16	16	17	16
LOC_1111	25	22	24	23	25
LOC_1112	15	16	16	16	15
LOC_1113	16	16	16	16	16
LOC_1114	17	17	17	17	17
LOC_1115	19	15	15	16	15
LOC_1116	23	23	23	22	23
LOC_1117	19	20	21	21	19
LOC_1118	24	22	23	23	24
LOC_1119	23	22	24	22	23
LOC_1120	28	30	30	30	28
LOC_1121	23	23	24	22	23
LOC_1122	23	23	22	23	23
LOC_1123	20	20	20	22	20
LOC_1124	13	14	14	13	14
LOC_1125	18	18	17	16	18
LOC_1126	15	14	15	15	15
LOC_1127	23	23	23	22	23
LOC_1128	23	24	24	27	23
LOC_1129	23	23	23	22	23
LOC_1130	14	15	16	16	14
LOC_1131	14	14	14	14	14
LOC_1132	22	20	21	20	23
LOC_1133	14	15	14	15	14
LOC_1134	15	16	14	14	15
LOC_1135	17	16	17	17	16
LOC_1136	14	14	14	14	14
LOC_1137	12	12	12	12	12
LOC_1138	24	24	25	24	24
LOC_1139	19	19	21	19	19
LOC_1140	23	24	22	24	24
LOC_1141	21	21	20	20	21
LOC_1142	31	29	29	29	29
LOC_1143	24	24	23	22	23
LOC_1144	24	29	25	24	24
LOC_1145	23	24	21	23	23
LOC_1146	22	24	21	20	23
LOC_1147	28	30	31	31	27
LOC_1148	22	23	24	23	23
LOC_1149	23	23	23	23	23
LOC_1150	16	16	16	16	16
LOC_1151	21	21	20	20	20
LOC_1152	23	24	23	23	23
LOC_1153	23	23	25	24	23
LOC_1154	23	23	22	23	23
LOC_1155	28	28	30	30	29
LOC_1156	17	17	17	17	17
LOC_1157	21	22	24	24	21
LOC_1158	17	17	17	17	17
LOC_1159	23	23	23	23	23
LOC_1160	14	14	15	15	14
LOC_1161	7	7	7	7	7
LOC_1162	13	14	13	13	13
LOC_1163	14	15	15	15	15
LOC_1164	18	18	20	19	18
LOC_1165	23	23	23	24	23
LOC_1166	23	24	24	23	23
LOC_1167	15	16	15	15	15
LOC_1168	23	23	24	23	23
LOC_1169	22	23	21	21	22
LOC_1170	16	16	16	16	16
LOC_1171	22	26	28	28	23
LOC_1172	23	22	23	23	23
LOC_1173	15	15	15	15	15
LOC_1174	23	23	23	22	23
LOC_1175	22	22	20	21	22
LOC_1176	18	18	18	18	18
LOC_1177	17	17	17	17	17
LOC_1178	16	16	16	15	16
LOC_1179	25	23	23	23	23
LOC_1180	23	24	22	22	23
LOC_1181	19	19	19	20	19
LOC_1182	25	24	23	22	23
LOC_1183	23	24	24	23	23
LOC_1184	24	23	22	23	23
LOC_1185	22	21	24	23	22
LOC_1186	16	16	15	15	16
LOC_1187	15	14	14	14	15
LOC_1188	25	22	23	23	23
LOC_1189	14	15	15	15	15
LOC_1190	19	17	17	19	19
LOC_1191	23	24	23	23	23
LOC_1192	24	23	22	20	23
LOC_1193	15	15	15	15	15
LOC_1194	20	19	20	20	20
LOC_1195	14	14	14	14	14
LOC_1196	15	15	16	15	15
LOC_1197	25	24	23	24	24
LOC_1198	16	16	18	18	16
LOC_1199	15	15	15	15	15
LOC_1200	20	18	18	18	20
LOC_1201	18	16	17	17	16
LOC_1202	14	14	14	14	14
LOC_1203	17	17	17	16	16
LOC_1204	20	23	23	24	23
LOC_1205	19	18	19	19	19
LOC_1206	17	17	17	17	17
LOC_1207	21	21	21	21	21
LOC_1208	18	19	18	18	18
LOC_1209	15	15	17	15	15
LOC_1210	23	23	22	22	23
LOC_1211	22	22	23	23	22
LOC_1212	27	23	26	25	22
LOC_1213	27	25	25	25	26
LOC_1214	19	19	19	19	19
LOC_1215	22	22	23	22	23
LOC_1216	16	17	17	17	16
LOC_1217	14	13	14	14	14
LOC_1218	19	19	20	19	19
LOC_1219	16	16	16	16	16
LOC_1220	20	20	20	20	21
LOC_1221	21	24	24	24	23
LOC_1222	23	23	23	22	23
LOC_1223	13	13	13	13	13
LOC_1224	23	25	27	26	25
LOC_1225	20	23	21	22	21
LOC_1226	23	22	20	20	23
LOC_1227	18	18	18	18	18
LOC_1228	15	15	16	15	15
LOC_1229	22	23	22	23	23
LOC_1230	19	20	19	19	19
LOC_1231	23	23	24	24	24
LOC_1232	16	16	16	16	16
LOC_1233	20	19	21	22	19
LOC_1234	18	18	18	18	18
LOC_1235	20	23	24	23	20
LOC_1236	22	20	20	22	20
LOC_1237	23	23	23	26	23
LOC_1238	25	24	23	22	23
LOC_1239	28	27	27	25	28
LOC_1240	23	23	23	25	23
LOC_1241	14	15	14	14	15
LOC_1242	14	14	15	14	14
LOC_1243	15	15	15	15	15
LOC_1244	24	23	22	24	25
LOC_1245	17	16	17	15	17
LOC_1246	22	23	24	22	22
LOC_1247	14	14	14	14	14
LOC_1248	28	27	26	28	28
LOC_1249	23	23	23	23	23
LOC_1250	21	21	23	23	21
LOC_1251	24	24	25	24	24
LOC_1252	17	17	17	17	17
LOC_1253	23	23	23	23	23
LOC_1254	20	21	21	21	20
LOC_1255	23	22	22	22	23
LOC_1256	21	20	20	20	21
LOC_1257	24	23	23	22	24
LOC_1258	18	21	18	18	18
LOC_1259	22	23	23	23	23
LOC_1260	20	20	20	20	20
LOC_1261	17	17	17	17	17
LOC_1262	17	17	17	17	17
LOC_1263	17	17	17	17	17
LOC_1264	17	17	17	17	17
LOC_1265	15	15	15	15	15
LOC_1266	18	17	17	16	16
LOC_1267	23	22	27	27	23
LOC_1268	15	15	15	15	15
LOC_1269	27	27	28	26	27
LOC_1270	19	20	19	19	19
LOC_1271	22	23	22	23	23
LOC_1272	23	24	24	25	23
LOC_1273	20	20	20	21	20
LOC_1274	24	22	22	22	23
LOC_1275	19	19	18	16	19
LOC_1276	17	17	17	17	17
LOC_1277	16	16	17	17	16
LOC_1278	15	16	15	15	15
LOC_1279	19	19	19	18	19
LOC_1280	16	17	17	17	16
LOC_1281	22	24	22	22	23
LOC_1282	23	23	23	24	23
LOC_1283	23	23	24	24	23
LOC_1284	23	26	25	24	23
LOC_1285	22	22	22	22	23
LOC_1286	13	14	14	14	14
LOC_1287	17	17	15	15	15
LOC_1288	23	26	26	25	23
LOC_1289	22	23	24	25	23
LOC_1290	22	20	20	22	20
LOC_1291	23	23	22	22	23
LOC_1292	23	23	22	22	23
LOC_1293	23	19	22	22	23
LOC_1294	25	26	23	24	25
LOC_1295	21	20	20	21	20
LOC_1296	22	22	22	22	22
LOC_1297	23	23	24	24	23
LOC_1298	23	23	21	23	23
LOC_1299	15	15	16	14	15
LOC_1300	23	23	22	22	23
LOC_1301	23	23	23	23	23
LOC_1302	23	23	26	25	23
LOC_1303	16	16	18	16	16
LOC_1304	21	22	24	24	22
LOC_1305	24	22	26	22	22
LOC_1306	21	21	21	21	21
LOC_1307	14	14	15	14	14
LOC_1308	23	22	22	23	23
LOC_1309	19	19	18	18	19
LOC_1310	16	17	15	15	16
LOC_1311	23	23	22	23	23
LOC_1312	15	15	15	15	15
LOC_1313	21	21	25	21	22
LOC_1314	15	15	15	15	15
LOC_1315	16	16	16	16	16
LOC_1316	17	17	17	17	17
LOC_1317	17	17	18	17	17
LOC_1318	23	23	23	23	23
LOC_1319	18	19	19	19	18
LOC_1320	19	19	19	19	19
LOC_1321	21	21	21	21	21
LOC_1322	24	26	26	27	25
LOC_1323	23	23	23	22	23
LOC_1324	22	21	22	22	22
LOC_1325	16	16	16	16	16
LOC_1326	19	19	20	20	19
LOC_1327	24	23	23	23	23
LOC_1328	18	18	18	18	18
LOC_1329	17	16	18	18	16
LOC_1330	25	22	24	23	23
LOC_1331	23	21	22	22	23
LOC_1332	15	15	15	15	15
LOC_1333	17	17	16	16	17
LOC_1334	19	19	18	20	19
LOC_1335	14	15	15	13	14
LOC_1336	24	24	24	25	24
LOC_1337	18	18	19	18	18
LOC_1338	23	24	24	25	23
LOC_1339	12	12	12	12	12
LOC_1340	19	19	20	19	19
LOC_1341	23	22	22	21	22
LOC_1342	23	24	23	23	22
LOC_1343	17	17	18	17	17
LOC_1344	25	26	24	23	25
LOC_1345	18	18	18	18	18
LOC_1346	22	23	23	22	22
LOC_1347	19	20	18	18	18
LOC_1348	18	18	19	19	18
LOC_1349	16	17	17	17	17
LOC_1350	20	22	21	20	20
LOC_1351	16	16	16	16	16
LOC_1352	20	19	20	20	20
LOC_1353	25	25	24	30	25
LOC_1354	21	23	20	22	21
LOC_1355	19	19	20	21	19
LOC_1356	22	23	22	25	22
LOC_1357	22	22	22	22	22
LOC_1358	23	22	22	22	22
LOC_1359	14	14	14	15	14
LOC_1360	22	22	24	24	22
LOC_1361	22	25	26	25	22
LOC_1362	18	18	20	18	18
LOC_1363	23	20	20	23	22
LOC_1364	15	14	14	14	15
LOC_1365	23	22	22	22	22
LOC_1366	16	16	17	16	16
LOC_1367	15	15	15	15	15
LOC_1368	18	18	17	18	18
LOC_1369	22	21	23	22	22
LOC_1370	20	20	20	21	20
LOC_1371	20	20	21	21	20
LOC_1372	23	23	26	25	24
LOC_1373	7	7	7	7	7
LOC_1374	22	22	24	22	22
LOC_1375	14	14	14	14	14
LOC_1376	24	24	25	25	23
LOC_1377	17	18	15	18	17
LOC_1378	15	15	15	15	15
LOC_1379	17	18	12	16	16
LOC_1380	21	21	21	22	21
LOC_1381	23	25	23	24	23
LOC_1382	23	21	20	21	21
LOC_1383	14	14	14	14	14
LOC_1384	19	18	20	20	19
LOC_1385	19	22	22	22	22
LOC_1386	14	14	14	14	14
LOC_1387	21	21	20	21	21
LOC_1388	22	23	23	22	22
LOC_1389	22	21	26	23	22
LOC_1390	17	17	17	17	17
LOC_1391	14	15	14	17	14
LOC_1392	19	19	19	19	19
LOC_1393	24	24	26	27	24
LOC_1394	22	24	22	22	22
LOC_1395	16	16	17	16	16
LOC_1396	22	22	22	23	22
LOC_1397	19	19	19	19	19
LOC_1398	14	14	14	14	14
LOC_1399	17	17	17	17	17
LOC_1400	14	15	14	14	14
LOC_1401	14	14	14	14	14
LOC_1402	23	19	22	23	22
LOC_1403	17	18	19	17	17
LOC_1404	17	16	16	16	17
LOC_1405	16	16	16	16	16
LOC_1406	22	23	23	23	22
LOC_1407	22	23	22	22	22
LOC_1408	22	21	21	22	22
LOC_1409	18	19	19	19	18
LOC_1410	7	7	7	8	7
LOC_1411	19	17	17	17	17
LOC_1412	17	17	17	17	17
LOC_1413	18	18	18	18	18
LOC_1414	20	19	19	18	20
LOC_1415	15	16	15	15	15
LOC_1416	19	19	17	19	19
LOC_1417	22	22	22	23	22
LOC_1418	17	17	17	17	17
LOC_1419	18	18	18	18	18
LOC_1420	20	21	19	19	21
LOC_1421	16	16	16	16	16
LOC_1422	16	18	18	18	18
LOC_1423	22	22	23	23	22
LOC_1424	21	22	22	22	22
LOC_1425	21	21	22	21	21
LOC_1426	18	18	21	19	18
LOC_1427	20	19	20	18	20
LOC_1428	23	23	22	22	22
LOC_1429	22	22	22	22	22
LOC_1430	22	23	23	23	22
LOC_1431	22	22	23	22	22
LOC_1432	17	18	18	18	17
LOC_1433	23	21	22	23	22
LOC_1434	17	17	17	17	17
LOC_1435	17	17	17	18	17
LOC_1436	15	15	15	15	15
LOC_1437	25	23	22	23	22
LOC_1438	23	24	22	21	22
LOC_1439	20	20	20	22	20
LOC_1440	17	17	17	17	17
LOC_1441	23	24	23	23	23
LOC_1442	22	24	24	23	22
LOC_1443	23	24	22	23	23
LOC_1444	21	19	20	20	21
LOC_1445	24	21	22	20	22
LOC_1446	26	27	27	25	26
LOC_1447	23	20	19	19	22
LOC_1448	24	23	22	22	22
LOC_1449	22	22	22	22	22
LOC_1450	20	20	20	21	20
LOC_1451	22	22	25	24	22
LOC_1452	16	16	15	15	16
LOC_1453	19	18	18	18	19
LOC_1454	22	21	20	20	22
LOC_1455	22	22	20	20	22
LOC_1456	19	19	19	19	19
LOC_1457	15	16	15	15	17
LOC_1458	22	22	22	22	22
LOC_1459	22	21	22	19	22
LOC_1460	23	22	23	23	24
LOC_1461	24	20	22	22	22
LOC_1462	22	22	20	20	22
LOC_1463	14	14	14	14	14
LOC_1464	26	26	25	25	25
LOC_1465	26	25	26	25	26
LOC_1466	22	21	21	21	22
LOC_1467	20	19	19	19	19
LOC_1468	22	24	24	22	22
LOC_1469	22	24	22	22	22
LOC_1470	20	18	20	20	20
LOC_1471	17	21	21	21	20
LOC_1472	22	20	20	21	22
LOC_1473	23	24	23	24	23
LOC_1474	15	15	15	15	15
LOC_1475	18	18	19	18	18
LOC_1476	18	18	19	18	18
LOC_1477	18	18	18	18	18
LOC_1478	19	18	17	17	19
LOC_1479	21	21	22	22	21
LOC_1480	22	22	20	23	22
LOC_1481	23	22	22	21	22
LOC_1482	25	25	28	27	25
LOC_1483	22	22	22	23	22
LOC_1484	21	20	20	20	21
LOC_1485	22	22	22	19	22
LOC_1486	22	19	19	19	22
LOC_1487	14	14	13	13	14
LOC_1488	19	21	21	22	21
LOC_1489	22	22	21	21	22
LOC_1490	22	23	22	21	22
LOC_1491	20	23	23	22	22
LOC_1492	22	22	22	22	22
LOC_1493	22	22	21	21	22
LOC_1494	24	24	24	23	24
LOC_1495	22	23	22	21	22
LOC_1496	20	19	19	17	20
LOC_1497	22	23	22	22	22
LOC_1498	22	23	21	21	22
LOC_1499	16	16	17	16	16
LOC_1500	17	17	17	17	17
LOC_1501	22	22	24	24	22
LOC_1502	21	23	23	21	22
LOC_1503	22	24	22	21	22
LOC_1504	17	17	18	18	17
LOC_1505	20	24	24	25	22
LOC_1506	17	16	17	17	17
LOC_1507	20	21	21	21	20
LOC_1508	22	22	22	22	22
LOC_1509	20	21	21	23	20
LOC_1510	22	21	22	22	21
LOC_1511	22	22	22	22	22
LOC_1512	18	19	19	21	19
LOC_1513	15	15	16	15	15
LOC_1514	22	22	21	21	22
LOC_1515	19	20	20	20	19
LOC_1516	22	20	17	17	22
LOC_1517	16	14	14	14	16
LOC_1518	23	23	26	26	23
LOC_1519	20	19	20	20	20
LOC_1520	22	24	24	24	22
LOC_1521	16	15	17	17	17
LOC_1522	22	21	21	21	22
LOC_1523	19	19	17	18	19
LOC_1524	21	21	23	23	21
LOC_1525	22	22	22	22	22
LOC_1526	20	20	23	19	20
LOC_1527	22	22	22	23	22
LOC_1528	15	14	14	14	15
LOC_1529	22	22	22	22	22
LOC_1530	16	16	17	17	16
LOC_1531	21	23	21	20	22
LOC_1532	21	21	22	22	22
LOC_1533	16	17	17	17	16
LOC_1534	23	21	22	23	22
LOC_1535	23	21	21	21	22
LOC_1536	14	14	14	14	14
LOC_1537	22	23	25	22	22
LOC_1538	16	16	16	16	16
LOC_1539	28	29	33	33	29
LOC_1540	22	22	26	24	22
LOC_1541	15	16	15	15	15
LOC_1542	22	21	21	22	22
LOC_1543	16	17	17	12	17
LOC_1544	23	22	23	23	23
LOC_1545	22	22	23	23	22
LOC_1546	21	22	23	22	22
LOC_1547	28	27	29	26	28
LOC_1548	24	23	26	26	24
LOC_1549	22	21	20	20	22
LOC_1550	15	16	15	15	15
LOC_1551	22	22	23	22	22
LOC_1552	31	32	29	30	30
LOC_1553	22	20	20	20	21
LOC_1554	19	19	18	17	19
LOC_1555	18	17	17	17	18
LOC_1556	23	25	23	23	23
LOC_1557	19	19	20	20	19
LOC_1558	22	21	21	21	22
LOC_1559	22	19	20	22	22
LOC_1560	20	20	20	20	20
LOC_1561	22	23	24	22	22
LOC_1562	18	17	17	18	17
LOC_1563	14	14	14	14	14
LOC_1564	24	21	20	19	21
LOC_1565	27	27	27	27	27
LOC_1566	22	22	21	22	21
LOC_1567	23	22	21	22	23
LOC_1568	25	25	27	28	24
LOC_1569	22	22	22	24	22
LOC_1570	16	16	16	16	16
LOC_1571	22	21	21	22	22
LOC_1572	21	21	21	21	21
LOC_1573	19	19	18	18	19
LOC_1574	20	19	21	21	20
LOC_1575	15	15	15	15	15
LOC_1576	21	20	21	22	21
LOC_1577	14	15	16	18	14
LOC_1578	22	23	23	24	22
LOC_1579	22	22	22	23	22
LOC_1580	22	23	23	24	22
LOC_1581	20	19	19	22	19
LOC_1582	22	21	20	23	22
LOC_1583	10	11	10	10	10
LOC_1584	15	16	16	16	15
LOC_1585	22	24	23	24	22
LOC_1586	23	24	24	22	23
LOC_1587	22	24	22	22	22
LOC_1588	20	19	18	19	19
LOC_1589	19	22	19	19	19
LOC_1590	22	21	22	23	22
LOC_1591	17	17	17	17	17
LOC_1592	25	28	26	28	25
LOC_1593	22	22	22	22	22
LOC_1594	22	22	22	20	22
LOC_1595	26	25	26	26	26
LOC_1596	17	17	17	17	17
LOC_1597	14	14	14	14	14
LOC_1598	21	21	21	21	21
LOC_1599	16	16	16	16	16
LOC_1600	20	20	20	20	20
LOC_1601	20	20	20	20	20
LOC_1602	23	24	25	27	23
LOC_1603	21	21	21	23	21
LOC_1604	14	14	14	14	14
LOC_1605	15	15	15	15	15
LOC_1606	15	15	15	15	15
LOC_1607	21	21	21	21	21
LOC_1608	21	21	23	21	21
LOC_1609	14	16	14	14	14
LOC_1610	21	21	20	19	21
LOC_1611	16	16	16	20	16
LOC_1612	15	15	15	15	15
LOC_1613	27	27	27	27	27
LOC_1614	13	13	13	13	13
LOC_1615	21	21	19	19	21
LOC_1616	14	14	14	14	14
LOC_1617	15	13	14	14	14
LOC_1618	21	21	22	21	21
LOC_1619	13	13	13	13	13
LOC_1620	18	18	18	19	18
LOC_1621	17	19	19	19	17
LOC_1622	21	19	19	19	21
LOC_1623	21	21	21	22	21
LOC_1624	17	17	18	18	17
LOC_1625	21	20	21	21	21
LOC_1626	19	19	19	19	19
LOC_1627	15	16	16	16	15
LOC_1628	15	17	15	17	17
LOC_1629	22	20	22	22	22
LOC_1630	20	21	22	22	21
LOC_1631	22	21	21	21	22
LOC_1632	17	20	18	18	17
LOC_1633	21	20	19	20	21
LOC_1634	17	17	17	17	17
LOC_1635	9	9	9	9	9
LOC_1636	24	24	24	24	24
LOC_1637	16	16	16	16	16
LOC_1638	28	30	28	29	29
LOC_1639	21	21	22	22	21
LOC_1640	16	16	17	17	16
LOC_1641	18	19	17	18	18
LOC_1642	19	20	21	21	20
LOC_1643	18	18	19	18	18
LOC_1644	17	17	17	17	17
LOC_1645	21	19	26	26	21
LOC_1646	18	18	19	18	18
LOC_1647	12	11	12	12	12
LOC_1648	21	20	21	21	21
LOC_1649	12	12	12	12	12
LOC_1650	17	17	17	17	17
LOC_1651	16	13	18	15	16
LOC_1652	17	16	17	18	17
LOC_1653	24	24	25	24	24
LOC_1654	14	14	11	11	14
LOC_1655	14	14	12	12	14
LOC_1656	17	16	17	17	17
LOC_1657	27	27	28	29	27
LOC_1658	22	21	21	21	21
LOC_1659	21	21	21	21	21
LOC_1660	17	17	17	16	17
LOC_1661	20	21	21	22	21
LOC_1662	22	22	19	19	21
LOC_1663	22	23	23	23	22
LOC_1664	18	19	19	19	18
LOC_1665	15	15	15	15	15
LOC_1666	12	12	12	12	12
LOC_1667	14	15	14	14	14
LOC_1668	21	21	21	21	21
LOC_1669	22	26	26	25	22
LOC_1670	19	19	19	21	19
LOC_1671	15	15	15	15	15
LOC_1672	21	22	21	21	21
LOC_1673	21	22	21	21	21
LOC_1674	20	20	20	20	20
LOC_1675	19	18	19	18	18
LOC_1676	21	19	20	20	21
LOC_1677	14	13	14	14	14
LOC_1678	20	19	19	21	21
LOC_1679	18	19	17	19	18
LOC_1680	21	21	21	21	21
LOC_1681	21	22	23	23	21
LOC_1682	15	14	14	14	14
LOC_1683	21	21	21	19	21
LOC_1684	18	18	18	18	18
LOC_1685	17	17	17	17	17
LOC_1686	18	17	16	19	18
LOC_1687	17	17	17	17	17
LOC_1688	14	14	14	14	14
LOC_1689	18	18	18	18	18
LOC_1690	15	15	15	15	15
LOC_1691	20	18	17	17	18
LOC_1692	21	22	21	21	21
LOC_1693	21	21	22	22	21
LOC_1694	16	16	14	14	16
LOC_1695	21	22	22	22	21
LOC_1696	8	9	8	8	8
LOC_1697	21	21	22	20	21
LOC_1698	14	14	15	15	14
LOC_1699	22	21	22	21	21
LOC_1700	22	23	22	21	21
LOC_1701	12	12	12	12	12
LOC_1702	21	22	22	22	21
LOC_1703	14	17	17	17	14
LOC_1704	21	24	21	21	21
LOC_1705	21	20	21	21	21
LOC_1706	16	16	15	16	16
LOC_1707	21	22	22	23	21
LOC_1708	13	13	14	14	13
LOC_1709	21	23	22	23	21
LOC_1710	13	13	13	13	13
LOC_1711	21	22	22	24	21
LOC_1712	20	21	21	22	20
LOC_1713	18	18	18	18	18
LOC_1714	14	14	14	14	14
LOC_1715	17	17	17	17	17
LOC_1716	16	16	16	16	16
LOC_1717	11	11	11	11	11
LOC_1718	17	17	17	17	17
LOC_1719	18	18	18	16	18
LOC_1720	18	19	18	18	18
LOC_1721	19	19	20	20	19
LOC_1722	20	20	21	20	20
LOC_1723	20	20	19	19	20
LOC_1724	16	16	16	16	16
LOC_1725	14	14	14	14	14
LOC_1726	28	28	34	30	29
LOC_1727	21	21	21	22	21
LOC_1728	18	14	14	14	14
LOC_1729	18	19	18	18	18
LOC_1730	23	18	21	21	21
LOC_1731	21	22	22	23	21
LOC_1732	25	24	23	24	25
LOC_1733	21	20	27	22	21
LOC_1734	21	21	22	22	21
LOC_1735	16	16	19	17	16
LOC_1736	21	24	23	23	21
LOC_1737	21	20	20	20	21
LOC_1738	16	16	20	18	16
LOC_1739	21	22	21	21	21
LOC_1740	17	17	15	18	17
LOC_1741	18	18	18	18	18
LOC_1742	18	18	18	18	18
LOC_1743	21	21	22	22	21
LOC_1744	17	18	17	17	17
LOC_1745	16	16	15	15	16
LOC_1746	22	21	22	22	22
LOC_1747	17	16	16	16	17
LOC_1748	18	18	17	17	18
LOC_1749	20	21	20	20	21
LOC_1750	18	18	18	18	18
LOC_1751	19	18	20	20	21
LOC_1752	13	13	14	14	13
LOC_1753	22	21	20	19	21
LOC_1754	21	21	21	19	21
LOC_1755	22	21	21	21	21
LOC_1756	18	20	16	15	18
LOC_1757	18	18	18	19	18
LOC_1758	22	21	19	19	21
LOC_1759	17	17	17	17	17
LOC_1760	21	19	19	20	21
LOC_1761	23	23	25	25	23
LOC_1762	19	19	17	17	19
LOC_1763	17	17	17	17	17
LOC_1764	16	16	16	16	16
LOC_1765	22	21	21	21	21
LOC_1766	18	17	16	16	17
LOC_1767	23	21	19	22	21
LOC_1768	14	18	18	18	14
LOC_1769	18	19	19	19	18
LOC_1770	21	21	21	20	21
LOC_1771	18	18	17	17	18
LOC_1772	16	16	18	16	16
LOC_1773	20	21	19	21	20
LOC_1774	18	18	18	18	18
LOC_1775	18	18	19	17	18
LOC_1776	21	21	22	21	21
LOC_1777	16	16	16	15	16
LOC_1778	23	21	21	21	21
LOC_1779	18	18	18	18	18
LOC_1780	23	24	22	22	23
LOC_1781	21	22	23	26	21
LOC_1782	14	15	17	15	14
LOC_1783	21	20	20	20	21
LOC_1784	17	17	16	16	17
LOC_1785	17	17	17	17	17
LOC_1786	10	10	10	10	10
LOC_1787	13	13	13	13	13
LOC_1788	21	21	21	19	21
LOC_1789	25	26	27	24	25
LOC_1790	18	19	19	19	18
LOC_1791	11	11	11	11	11
LOC_1792	20	19	17	18	19
LOC_1793	16	16	16	16	16
LOC_1794	21	23	22	22	21
LOC_1795	17	17	17	17	16
LOC_1796	11	11	11	11	11
LOC_1797	17	18	17	17	17
LOC_1798	21	21	24	21	21
LOC_1799	16	16	16	16	16
LOC_1800	21	22	20	21	21
LOC_1801	21	21	20	18	21
LOC_1802	19	18	18	18	18
LOC_1803	17	17	17	17	17
LOC_1804	21	21	21	22	21
LOC_1805	18	18	19	19	18
LOC_1806	21	24	24	22	21
LOC_1807	22	23	24	24	21
LOC_1808	16	15	14	15	15
LOC_1809	21	22	23	22	21
LOC_1810	19	18	18	19	18
LOC_1811	25	22	21	21	25
LOC_1812	15	14	14	14	15
LOC_1813	14	14	14	14	14
LOC_1814	13	12	11	11	13
LOC_1815	15	15	13	15	15
LOC_1816	21	21	21	21	21
LOC_1817	15	15	15	14	15
LOC_1818	21	22	24	23	22
LOC_1819	18	18	18	18	18
LOC_1820	23	23	22	22	23
LOC_1821	17	19	17	17	17
LOC_1822	21	21	22	21	21
LOC_1823	16	17	15	16	16
LOC_1824	15	15	15	15	15
LOC_1825	21	21	21	21	21
LOC_1826	15	15	15	15	15
LOC_1827	24	23	23	23	23
LOC_1828	16	15	18	18	16
LOC_1829	12	12	10	10	12
LOC_1830	15	16	16	18	16
LOC_1831	18	17	17	17	17
LOC_1832	15	15	15	15	15
LOC_1833	21	21	20	20	21
LOC_1834	17	17	14	17	17
LOC_1835	15	15	16	15	15
LOC_1836	17	17	22	17	17
LOC_1837	19	18	18	18	19
LOC_1838	13	12	13	12	13
LOC_1839	20	24	22	22	20
LOC_1840	18	18	18	18	18
LOC_1841	13	15	13	13	13
LOC_1842	17	18	17	17	17
LOC_1843	21	20	21	21	21
LOC_1844	21	21	22	21	21
LOC_1845	13	13	13	12	13
LOC_1846	21	21	21	21	21
LOC_1847	16	16	17	19	16
LOC_1848	18	18	18	18	18
LOC_1849	12	13	13	13	13
LOC_1850	18	14	14	14	16
LOC_1851	21	22	24	23	21
LOC_1852	19	17	17	17	19
LOC_1853	12	12	12	12	12
LOC_1854	21	20	21	20	21
LOC_1855	18	18	19	19	18
LOC_1856	14	17	17	15	14
LOC_1857	17	21	17	17	17
LOC_1858	15	15	15	15	15
LOC_1859	17	17	15	15	17
LOC_1860	17	17	17	17	17
LOC_1861	19	19	19	19	18
LOC_1862	21	21	21	20	21
LOC_1863	12	14	14	14	14
LOC_1864	14	13	16	14	14
LOC_1865	14	14	13	14	14
LOC_1866	14	14	14	15	14
LOC_1867	22	19	20	20	21
LOC_1868	18	20	18	18	18
LOC_1869	18	18	18	18	18
LOC_1870	14	14	13	14	14
LOC_1871	19	20	19	19	19
LOC_1872	21	20	19	19	19
LOC_1873	15	15	16	15	15
LOC_1874	15	14	15	14	15
LOC_1875	17	17	17	17	17
LOC_1876	15	16	16	16	15
LOC_1877	21	25	24	24	21
LOC_1878	19	19	25	23	19
LOC_1879	22	22	22	22	22
LOC_1880	14	14	14	14	14
LOC_1881	16	16	17	17	16
LOC_1882	18	18	18	18	18
LOC_1883	20	19	23	20	20
LOC_1884	16	16	15	15	16
LOC_1885	19	19	21	21	18
LOC_1886	17	18	18	17	18
LOC_1887	18	19	17	17	17
LOC_1888	22	22	22	22	22
LOC_1889	18	18	19	17	18
LOC_1890	17	17	17	20	17
LOC_1891	16	15	14	14	14
LOC_1892	12	13	13	13	13
LOC_1893	21	21	22	22	21
LOC_1894	17	17	16	17	17
LOC_1895	18	22	18	19	18
LOC_1896	22	22	22	22	22
LOC_1897	13	13	12	13	13
LOC_1898	14	14	14	14	14
LOC_1899	16	17	15	17	16
LOC_1900	20	20	21	20	20
LOC_1901	16	16	16	16	16
LOC_1902	18	18	18	16	18
LOC_1903	23	18	16	16	20
LOC_1904	21	21	21	21	21
LOC_1905	20	20	20	20	20
LOC_1906	16	16	17	16	16
LOC_1907	21	21	21	21	21
LOC_1908	19	21	20	20	21
LOC_1909	16	15	16	16	16
LOC_1910	16	16	15	16	16
LOC_1911	18	17	17	17	17
LOC_1912	21	21	22	23	21
LOC_1913	22	22	22	22	22
LOC_1914	20	20	21	22	20
LOC_1915	21	20	20	20	21
LOC_1916	11	8	8	8	8
LOC_1917	20	19	20	20	20
LOC_1918	20	18	17	17	19
LOC_1919	20	20	18	18	20
LOC_1920	25	21	23	24	23
LOC_1921	14	13	15	15	15
LOC_1922	13	13	13	13	13
LOC_1923	20	20	19	20	20
LOC_1924	20	20	19	20	20
LOC_1925	22	20	22	22	22
LOC_1926	17	18	16	16	17
LOC_1927	15	15	14	15	15
LOC_1928	19	19	17	17	19
LOC_1929	24	23	23	23	23
LOC_1930	19	20	19	21	20
LOC_1931	16	16	17	17	16
LOC_1932	14	14	14	14	14
LOC_1933	16	17	16	14	16
LOC_1934	20	21	21	21	20
LOC_1935	18	18	18	18	18
LOC_1936	18	21	17	17	18
LOC_1937	14	14	15	15	14
LOC_1938	19	18	19	18	19
LOC_1939	19	19	16	16	19
LOC_1940	23	24	24	24	22
LOC_1941	12	13	13	14	12
LOC_1942	20	20	19	19	20
LOC_1943	23	21	20	21	21
LOC_1944	23	22	22	22	23
LOC_1945	17	17	16	15	17
LOC_1946	20	20	21	20	20
LOC_1947	20	20	20	20	20
LOC_1948	21	23	22	22	21
LOC_1949	15	15	16	16	15
LOC_1950	27	28	29	29	27
LOC_1951	18	18	18	18	18
LOC_1952	20	21	21	20	20
LOC_1953	20	19	21	20	20
LOC_1954	14	14	16	16	14
LOC_1955	14	14	14	14	14
LOC_1956	13	13	13	13	13
LOC_1957	20	20	20	17	20
LOC_1958	22	19	19	20	20
LOC_1959	17	17	17	17	17
LOC_1960	14	14	14	14	14
LOC_1961	16	16	16	16	16
LOC_1962	20	20	21	20	20
LOC_1963	15	17	15	14	15
LOC_1964	18	21	20	21	18
LOC_1965	14	14	16	14	14
LOC_1966	20	19	20	20	20
LOC_1967	16	16	16	17	16
LOC_1968	20	20	20	20	20
LOC_1969	16	17	17	17	17
LOC_1970	23	23	24	26	23
LOC_1971	18	18	18	18	18
LOC_1972	18	18	19	19	18
LOC_1973	18	17	18	18	18
LOC_1974	14	14	14	14	14
LOC_1975	17	19	18	18	17
LOC_1976	23	20	19	19	21
LOC_1977	14	14	14	14	14
LOC_1978	16	16	16	16	16
LOC_1979	22	22	22	22	22
LOC_1980	14	14	14	14	14
LOC_1981	14	14	14	14	14
LOC_1982	17	19	22	20	17
LOC_1983	20	20	19	18	20
LOC_1984	22	20	23	19	20
LOC_1985	20	20	20	22	20
LOC_1986	15	15	15	15	15
LOC_1987	20	20	20	20	20
LOC_1988	13	13	13	13	13
LOC_1989	20	20	20	21	20
LOC_1990	19	20	20	20	20
LOC_1991	21	18	20	19	20
LOC_1992	17	17	17	17	17
LOC_1993	16	16	16	16	16
LOC_1994	27	29	29	27	27
LOC_1995	21	22	19	20	21
LOC_1996	20	19	19	19	20
LOC_1997	20	21	20	20	20
LOC_1998	18	20	20	21	18
LOC_1999	17	18	18	18	17
LOC_2000	13	13	13	13	13
LOC_2001	17	17	17	17	17
LOC_2002	20	21	20	20	20
LOC_2003	22	20	19	19	20
LOC_2004	22	27	23	25	23
LOC_2005	14	13	13	13	13
LOC_2006	20	20	24	20	20
LOC_2007	20	20	19	18	20
LOC_2008	14	15	15	15	14
LOC_2009	18	18	18	18	18
LOC_2010	19	19	19	19	19
LOC_2011	20	20	21	21	20
LOC_2012	16	16	17	16	16
LOC_2013	20	19	19	19	20
LOC_2014	20	21	23	21	21
LOC_2015	19	18	18	18	19
LOC_2016	18	18	18	19	18
LOC_2017	17	21	19	19	19
LOC_2018	15	15	16	15	15
LOC_2019	20	20	19	19	20
LOC_2020	31	29	30	30	29
LOC_2021	18	19	19	19	18
LOC_2022	18	19	19	19	18
LOC_2023	15	16	15	15	15
LOC_2024	25	23	24	24	23
LOC_2025	16	16	16	16	16
LOC_2026	21	23	25	25	22
LOC_2027	19	20	24	20	20
LOC_2028	14	14	14	14	14
LOC_2029	20	20	21	20	20
LOC_2030	16	19	17	17	17
LOC_2031	17	17	17	16	17
LOC_2032	23	23	20	20	23
LOC_2033	20	20	19	20	20
LOC_2034	19	19	21	21	19
LOC_2035	20	20	20	20	20
LOC_2036	12	12	13	13	13
LOC_2037	20	21	19	19	20
LOC_2038	20	20	18	19	20
LOC_2039	21	21	21	21	20
LOC_2040	20	20	20	19	20
LOC_2041	15	15	15	15	15
LOC_2042	7	7	7	7	7
LOC_2043	18	18	18	20	18
LOC_2044	13	14	13	13	13
LOC_2045	21	20	20	20	20
LOC_2046	17	18	18	17	17
LOC_2047	23	23	25	25	23
LOC_2048	20	21	21	21	20
LOC_2049	14	13	14	14	14
LOC_2050	21	20	21	20	20
LOC_2051	14	16	16	16	14
LOC_2052	13	13	13	13	13
LOC_2053	13	14	14	14	13
LOC_2054	17	18	20	19	17
LOC_2055	20	20	20	20	20
LOC_2056	15	15	14	15	15
LOC_2057	15	15	15	14	15
LOC_2058	15	15	15	16	15
LOC_2059	18	18	18	18	18
LOC_2060	20	20	21	20	20
LOC_2061	15	15	16	15	15
LOC_2062	16	16	16	16	16
LOC_2063	18	18	22	20	18
LOC_2064	14	14	14	14	14
LOC_2065	8	8	8	8	8
LOC_2066	20	20	21	21	20
LOC_2067	14	14	14	14	14
LOC_2068	12	12	11	11	12
LOC_2069	21	20	20	19	20
LOC_2070	21	21	19	20	20
LOC_2071	13	12	14	14	13
LOC_2072	26	27	29	25	25
LOC_2073	18	16	18	18	18
LOC_2074	11	11	11	11	11
LOC_2075	20	19	18	19	20
LOC_2076	15	15	15	15	15
LOC_2077	27	25	27	27	27
LOC_2078	15	14	18	15	15
LOC_2079	20	21	18	17	20
LOC_2080	19	21	20	19	20
LOC_2081	14	15	15	15	14
LOC_2082	19	20	20	20	20
LOC_2083	17	17	17	16	17
LOC_2084	28	26	28	30	29
LOC_2085	14	15	15	15	15
LOC_2086	18	18	20	20	18
LOC_2087	16	15	16	16	16
LOC_2088	20	20	24	20	20
LOC_2089	17	17	17	17	17
LOC_2090	15	13	14	14	14
LOC_2091	17	17	18	18	17
LOC_2092	7	7	7	7	7
LOC_2093	12	12	12	12	12
LOC_2094	15	13	13	13	15
LOC_2095	15	15	15	15	15
LOC_2096	15	14	14	14	15
LOC_2097	13	13	13	11	13
LOC_2098	15	15	14	15	15
LOC_2099	12	14	14	14	12
LOC_2100	13	13	13	11	13
LOC_2101	20	20	22	21	20
LOC_2102	21	22	25	26	21
LOC_2103	18	18	18	18	18
LOC_2104	17	19	18	18	17
LOC_2105	16	15	16	17	16
LOC_2106	17	17	17	17	17
LOC_2107	14	13	13	13	13
LOC_2108	14	11	15	13	14
LOC_2109	19	22	22	21	19
LOC_2110	20	19	18	19	20
LOC_2111	29	30	31	29	30
LOC_2112	17	17	17	17	17
LOC_2113	12	12	12	12	12
LOC_2114	15	15	17	17	15
LOC_2115	17	20	20	20	17
LOC_2116	16	16	16	16	16
LOC_2117	16	16	16	16	16
LOC_2118	15	15	15	15	15
LOC_2119	14	14	14	14	14
LOC_2120	17	16	17	17	17
LOC_2121	8	8	8	8	8
LOC_2122	18	18	18	18	18
LOC_2123	19	18	16	18	18
LOC_2124	20	20	20	19	20
LOC_2125	16	15	15	15	15
LOC_2126	20	20	20	20	20
LOC_2127	29	30	26	26	28
LOC_2128	21	20	19	20	20
LOC_2129	18	18	18	22	18
LOC_2130	17	14	14	14	14
LOC_2131	12	12	13	12	12
LOC_2132	17	17	17	17	17
LOC_2133	19	17	17	21	18
LOC_2134	13	13	13	13	13
LOC_2135	20	21	20	24	20
LOC_2136	20	21	21	22	20
LOC_2137	17	17	17	16	16
LOC_2138	14	14	13	12	13
LOC_2139	14	13	14	14	14
LOC_2140	22	22	21	21	22
LOC_2141	15	15	15	15	15
LOC_2142	18	18	19	18	18
LOC_2143	17	17	17	15	17
LOC_2144	14	13	16	14	14
LOC_2145	16	15	16	15	16
LOC_2146	16	16	18	18	16
LOC_2147	19	19	19	22	19
LOC_2148	20	19	18	18	20
LOC_2149	14	14	15	15	14
LOC_2150	16	16	16	16	16
LOC_2151	17	17	18	17	17
LOC_2152	14	15	15	15	14
LOC_2153	20	20	18	17	20
LOC_2154	26	31	27	26	26
LOC_2155	23	22	22	22	24
LOC_2156	13	13	13	13	13
LOC_2157	20	22	21	22	20
LOC_2158	21	21	25	22	21
LOC_2159	22	20	20	20	20
LOC_2160	20	20	20	20	20
LOC_2161	16	16	16	16	16
LOC_2162	20	20	20	20	20
LOC_2163	23	24	24	24	24
LOC_2164	19	22	20	20	20
LOC_2165	22	24	23	23	22
LOC_2166	20	20	20	20	20
LOC_2167	14	16	15	15	15
LOC_2168	8	8	8	8	8
LOC_2169	18	17	17	17	18
LOC_2170	15	15	15	16	15
LOC_2171	18	18	18	19	18
LOC_2172	18	18	18	18	18
LOC_2173	13	13	13	13	13
LOC_2174	13	13	13	13	13
LOC_2175	14	14	14	14	14
LOC_2176	20	20	20	20	20
LOC_2177	24	24	25	25	24
LOC_2178	20	22	20	21	20
LOC_2179	20	19	20	20	20
LOC_2180	20	22	22	22	20
LOC_2181	17	18	20	20	18
LOC_2182	16	16	16	16	15
LOC_2183	20	20	20	20	20
LOC_2184	20	20	22	22	20
LOC_2185	20	20	21	20	20
LOC_2186	15	17	11	11	16
LOC_2187	15	15	16	15	15
LOC_2188	9	9	10	10	9
LOC_2189	12	12	12	12	12
LOC_2190	19	19	18	18	18
LOC_2191	16	16	16	17	16
LOC_2192	17	17	17	16	17
LOC_2193	18	18	18	18	18
LOC_2194	14	14	14	14	14
LOC_2195	20	20	22	22	20
LOC_2196	15	15	15	15	15
LOC_2197	20	20	20	19	20
LOC_2198	15	15	12	12	15
LOC_2199	18	18	18	18	18
LOC_2200	18	20	19	20	20
LOC_2201	15	14	14	14	15
LOC_2202	18	17	18	17	17
LOC_2203	20	21	20	21	20
LOC_2204	13	13	13	13	13
LOC_2205	21	21	22	21	21
LOC_2206	12	12	12	12	12
LOC_2207	15	15	15	15	15
LOC_2208	14	14	14	14	14
LOC_2209	18	20	19	19	19
LOC_2210	14	14	14	14	14
LOC_2211	25	22	23	23	24
LOC_2212	18	18	18	19	18
LOC_2213	14	14	14	14	14
LOC_2214	16	16	15	15	16
LOC_2215	20	20	20	20	20
LOC_2216	20	20	18	19	20
LOC_2217	19	21	21	21	20
LOC_2218	18	20	18	18	20
LOC_2219	14	14	13	13	14
LOC_2220	15	15	15	15	15
LOC_2221	14	14	14	14	14
LOC_2222	17	17	20	17	17
LOC_2223	20	20	17	18	20
LOC_2224	14	14	13	14	14
LOC_2225	20	20	20	20	20
LOC_2226	16	16	16	16	16
LOC_2227	19	19	20	19	19
LOC_2228	18	18	19	18	18
LOC_2229	17	16	16	16	17
LOC_2230	17	17	19	18	18
LOC_2231	16	17	17	17	16
LOC_2232	15	16	15	16	16
LOC_2233	16	18	16	16	16
LOC_2234	29	26	29	29	27
LOC_2235	19	19	19	18	19
LOC_2236	21	18	18	18	20
LOC_2237	11	14	14	14	14
LOC_2238	20	20	22	20	20
LOC_2239	18	18	21	20	18
LOC_2240	18	18	17	17	18
LOC_2241	17	17	17	17	17
LOC_2242	14	14	14	14	14
LOC_2243	7	8	8	8	8
LOC_2244	21	20	18	19	20
LOC_2245	17	17	17	17	17
LOC_2246	18	19	18	17	18
LOC_2247	20	20	22	20	20
LOC_2248	19	20	21	21	20
LOC_2249	27	27	27	27	27
LOC_2250	20	23	20	20	20
LOC_2251	18	18	18	18	18
LOC_2252	21	23	23	24	23
LOC_2253	19	18	18	18	19
LOC_2254	16	16	15	15	16
LOC_2255	20	20	19	22	20
LOC_2256	15	12	15	15	15
LOC_2257	16	16	16	16	16
LOC_2258	20	21	21	22	20
LOC_2259	16	17	17	17	16
LOC_2260	20	20	21	20	20
LOC_2261	21	20	20	20	20
LOC_2262	20	20	21	20	20
LOC_2263	15	17	19	20	15
LOC_2264	20	17	19	20	20
LOC_2265	20	22	19	21	20
LOC_2266	14	15	14	14	14
LOC_2267	20	19	19	19	20
LOC_2268	28	23	22	22	26
LOC_2269	18	18	17	18	18
LOC_2270	19	20	20	19	20
LOC_2271	20	20	20	20	20
LOC_2272	16	20	20	20	17
LOC_2273	19	19	19	19	19
LOC_2274	16	16	15	16	16
LOC_2275	20	17	17	17	20
LOC_2276	20	20	20	21	20
LOC_2277	21	20	18	18	20
LOC_2278	20	20	20	19	20
LOC_2279	18	18	18	17	18
LOC_2280	20	24	22	22	20
LOC_2281	21	22	22	22	21
LOC_2282	19	19	20	20	19
LOC_2283	14	14	14	14	14
LOC_2284	14	14	14	14	14
LOC_2285	20	20	20	20	20
LOC_2286	21	21	21	21	21
LOC_2287	17	18	14	15	17
LOC_2288	11	10	11	10	11
LOC_2289	23	22	23	23	23
LOC_2290	18	18	18	18	18
LOC_2291	19	19	19	19	19
LOC_2292	15	15	16	14	15
LOC_2293	14	16	16	16	14
LOC_2294	19	22	20	19	19
LOC_2295	18	19	19	21	19
LOC_2296	14	14	14	15	14
LOC_2297	15	15	15	17	15
LOC_2298	15	13	16	14	15
LOC_2299	17	18	17	17	17
LOC_2300	17	17	18	18	17
LOC_2301	19	19	19	19	19
LOC_2302	15	15	16	15	15
LOC_2303	19	18	19	19	19
LOC_2304	13	13	13	13	13
LOC_2305	20	18	19	19	19
LOC_2306	16	16	15	17	16
LOC_2307	17	15	16	15	17
LOC_2308	16	15	16	17	16
LOC_2309	19	21	20	20	19
LOC_2310	21	24	23	20	21
LOC_2311	25	25	26	26	25
LOC_2312	15	16	17	16	15
LOC_2313	19	18	18	17	19
LOC_2314	17	15	18	16	17
LOC_2315	14	14	14	14	14
LOC_2316	19	20	17	19	19
LOC_2317	12	10	10	10	12
LOC_2318	16	16	16	18	16
LOC_2319	19	19	19	19	19
LOC_2320	19	18	18	18	19
LOC_2321	18	19	18	18	18
LOC_2322	19	19	19	20	19
LOC_2323	17	18	19	19	17
LOC_2324	17	17	18	18	17
LOC_2325	19	19	22	23	19
LOC_2326	17	17	18	18	17
LOC_2327	12	12	12	12	12
LOC_2328	18	19	20	20	19
LOC_2329	19	19	19	20	19
LOC_2330	21	21	22	21	21
LOC_2331	19	20	21	23	19
LOC_2332	19	21	19	21	19
LOC_2333	19	19	19	19	19
LOC_2334	19	21	20	20	19
LOC_2335	14	19	18	19	19
LOC_2336	14	15	15	15	14
LOC_2337	15	15	16	15	15
LOC_2338	18	21	21	21	21
LOC_2339	16	16	16	16	16
LOC_2340	19	19	19	18	19
LOC_2341	19	19	20	19	19
LOC_2342	18	19	18	18	18
LOC_2343	19	19	20	22	19
LOC_2344	25	25	23	24	25
LOC_2345	23	22	23	24	23
LOC_2346	19	19	20	19	19
LOC_2347	20	19	19	19	19
LOC_2348	22	20	22	24	22
LOC_2349	18	20	18	17	18
LOC_2350	19	20	19	19	19
LOC_2351	14	14	13	14	14
LOC_2352	26	25	25	27	25
LOC_2353	13	14	14	14	13
LOC_2354	19	19	18	19	19
LOC_2355	19	19	19	20	19
LOC_2356	19	19	18	18	19
LOC_2357	17	17	17	18	17
LOC_2358	18	18	17	17	18
LOC_2359	23	24	24	25	23
LOC_2360	19	18	19	19	19
LOC_2361	16	15	15	15	16
LOC_2362	15	13	13	13	13
LOC_2363	19	19	19	19	19
LOC_2364	20	19	19	19	19
LOC_2365	17	16	16	16	16
LOC_2366	19	19	19	17	19
LOC_2367	17	17	17	18	17
LOC_2368	17	17	17	17	17
LOC_2369	15	15	14	14	15
LOC_2370	17	16	17	17	17
LOC_2371	16	16	16	15	16
LOC_2372	19	20	20	20	19
LOC_2373	15	15	16	16	15
LOC_2374	14	14	14	14	14
LOC_2375	19	19	19	19	19
LOC_2376	19	19	16	16	19
LOC_2377	20	21	22	22	20
LOC_2378	19	19	19	19	19
LOC_2379	14	13	14	14	14
LOC_2380	26	27	26	26	25
LOC_2381	20	19	19	19	19
LOC_2382	15	15	15	15	15
LOC_2383	19	19	19	20	19
LOC_2384	13	13	13	13	13
LOC_2385	19	19	19	19	19
LOC_2386	15	15	16	15	15
LOC_2387	16	16	18	18	16
LOC_2388	19	19	20	20	19
LOC_2389	18	17	18	17	18
LOC_2390	18	18	18	18	18
LOC_2391	14	14	16	14	14
LOC_2392	22	20	23	20	22
LOC_2393	19	19	19	19	19
LOC_2394	18	18	17	16	19
LOC_2395	19	19	18	18	19
LOC_2396	21	19	22	22	21
LOC_2397	19	19	20	19	19
LOC_2398	19	19	20	19	19
LOC_2399	15	15	15	15	14
LOC_2400	16	16	16	16	16
LOC_2401	30	30	29	32	29
LOC_2402	18	18	18	18	18
LOC_2403	17	16	17	17	17
LOC_2404	19	21	19	19	19
LOC_2405	15	14	14	14	15
LOC_2406	19	17	18	18	17
LOC_2407	20	22	21	21	20
LOC_2408	19	19	19	19	19
LOC_2409	19	20	20	19	19
LOC_2410	20	20	20	20	19
LOC_2411	17	17	17	17	17
LOC_2412	12	13	11	11	12
LOC_2413	19	20	21	21	19
LOC_2414	14	16	16	16	15
LOC_2415	15	15	15	17	15
LOC_2416	19	19	19	19	19
LOC_2417	20	18	18	18	19
LOC_2418	19	20	19	19	19
LOC_2419	20	19	17	16	19
LOC_2420	15	15	16	16	15
LOC_2421	18	18	19	18	18
LOC_2422	20	20	22	23	20
LOC_2423	26	25	28	28	25
LOC_2424	19	19	19	19	19
LOC_2425	19	19	19	19	19
LOC_2426	17	16	16	17	17
LOC_2427	17	16	16	16	16
LOC_2428	15	17	15	15	15
LOC_2429	19	19	18	18	19
LOC_2430	19	19	19	18	19
LOC_2431	15	15	15	15	15
LOC_2432	15	15	15	15	15
LOC_2433	19	19	20	19	19
LOC_2434	19	19	18	19	19
LOC_2435	18	18	16	18	18
LOC_2436	18	18	18	18	18
LOC_2437	22	22	24	24	23
LOC_2438	15	16	16	16	16
LOC_2439	17	17	17	17	16
LOC_2440	12	12	12	12	12
LOC_2441	17	20	19	20	19
LOC_2442	15	17	15	15	15
LOC_2443	16	16	18	16	16
LOC_2444	24	25	25	25	25
LOC_2445	18	18	17	17	18
LOC_2446	28	26	25	25	27
LOC_2447	18	19	20	20	19
LOC_2448	22	25	23	25	23
LOC_2449	19	19	19	19	19
LOC_2450	19	19	19	19	19
LOC_2451	17	17	17	18	17
LOC_2452	19	20	19	18	19
LOC_2453	14	14	14	14	14
LOC_2454	20	20	22	20	20
LOC_2455	19	19	18	18	19
LOC_2456	19	19	20	20	19
LOC_2457	22	22	21	22	22
LOC_2458	19	19	21	19	19
LOC_2459	18	17	18	18	18
LOC_2460	14	14	14	14	14
LOC_2461	19	19	20	19	19
LOC_2462	20	20	20	19	20
LOC_2463	18	18	17	18	18
LOC_2464	19	19	19	20	19
LOC_2465	21	19	19	17	19
LOC_2466	19	19	19	19	19
LOC_2467	17	16	16	16	17
LOC_2468	20	20	20	20	20
LOC_2469	22	19	19	19	19
LOC_2470	19	19	19	19	19
LOC_2471	19	20	20	21	19
LOC_2472	20	20	20	20	19
LOC_2473	18	19	19	19	18
LOC_2474	17	17	18	18	17
LOC_2475	19	19	19	19	19
LOC_2476	15	15	15	15	15
LOC_2477	19	20	19	19	19
LOC_2478	21	19	19	19	19
LOC_2479	15	15	17	17	15
LOC_2480	15	15	15	16	15
LOC_2481	14	12	12	12	14
LOC_2482	17	17	17	17	17
LOC_2483	19	19	18	19	19
LOC_2484	20	21	21	21	20
LOC_2485	23	24	24	24	23
LOC_2486	18	15	16	16	18
LOC_2487	22	23	23	23	22
LOC_2488	15	16	16	17	15
LOC_2489	19	19	19	19	19
LOC_2490	19	19	19	19	19
LOC_2491	13	13	13	13	13
LOC_2492	14	14	14	14	14
LOC_2493	18	19	19	19	19
LOC_2494	14	14	15	15	14
LOC_2495	23	23	25	24	24
LOC_2496	19	19	19	19	19
LOC_2497	16	16	16	16	16
LOC_2498	14	13	13	13	14
LOC_2499	24	25	25	25	25
LOC_2500	14	14	15	14	14
LOC_2501	17	17	17	17	17
LOC_2502	23	26	27	23	23
LOC_2503	18	18	17	17	18
LOC_2504	19	19	18	18	19
LOC_2505	19	19	17	17	19
LOC_2506	18	19	19	19	19
LOC_2507	17	20	20	20	20
LOC_2508	19	18	19	20	19
LOC_2509	17	19	19	19	19
LOC_2510	19	18	18	18	19
LOC_2511	18	19	18	18	18
LOC_2512	19	18	25	24	19
LOC_2513	19	19	19	19	19
LOC_2514	19	19	19	19	19
LOC_2515	16	16	16	16	16
LOC_2516	26	26	26	28	26
LOC_2517	19	19	19	19	19
LOC_2518	18	18	18	18	18
LOC_2519	19	19	17	19	19
LOC_2520	19	19	20	20	19
LOC_2521	22	21	21	21	22
LOC_2522	19	19	19	19	19
LOC_2523	19	19	19	19	19
LOC_2524	14	14	15	14	14
LOC_2525	19	19	19	19	19
LOC_2526	19	19	20	20	19
LOC_2527	20	20	20	20	20
LOC_2528	19	19	20	20	19
LOC_2529	19	19	19	18	19
LOC_2530	18	19	20	19	19
LOC_2531	19	20	19	19	19
LOC_2532	18	17	18	18	18
LOC_2533	19	18	19	18	19
LOC_2534	16	15	16	16	16
LOC_2535	18	20	20	20	19
LOC_2536	15	15	16	16	15
LOC_2537	25	23	24	24	25
LOC_2538	18	20	18	19	18
LOC_2539	19	19	19	19	19
LOC_2540	19	19	21	21	19
LOC_2541	24	24	25	25	23
LOC_2542	19	19	20	20	19
LOC_2543	30	32	29	29	30
LOC_2544	20	19	19	19	19
LOC_2545	26	24	27	25	26
LOC_2546	19	17	19	19	19
LOC_2547	20	18	16	18	19
LOC_2548	18	17	17	17	17
LOC_2549	19	20	20	20	19
LOC_2550	15	16	15	16	16
LOC_2551	21	21	21	21	21
LOC_2552	17	18	18	18	18
LOC_2553	19	19	19	18	19
LOC_2554	16	16	16	16	16
LOC_2555	27	23	25	24	25
LOC_2556	20	19	19	20	19
LOC_2557	20	19	19	19	19
LOC_2558	19	19	20	19	19
LOC_2559	18	13	17	18	17
LOC_2560	24	22	22	21	22
LOC_2561	16	16	16	16	16
LOC_2562	19	19	19	19	19
LOC_2563	14	14	15	14	14
LOC_2564	24	28	24	25	24
LOC_2565	14	14	14	14	14
LOC_2566	26	25	25	26	25
LOC_2567	15	14	14	14	14
LOC_2568	15	15	14	15	15
LOC_2569	19	18	18	18	19
LOC_2570	20	20	21	21	20
LOC_2571	14	14	15	14	14
LOC_2572	14	14	14	14	14
LOC_2573	21	19	19	19	19
LOC_2574	18	18	18	18	18
LOC_2575	19	19	19	19	19
LOC_2576	21	21	22	22	21
LOC_2577	21	21	21	19	21
LOC_2578	21	22	20	20	21
LOC_2579	16	17	17	17	17
LOC_2580	16	15	16	16	16
LOC_2581	19	19	19	19	19
LOC_2582	20	19	19	19	19
LOC_2583	16	16	16	16	16
LOC_2584	18	19	19	19	19
LOC_2585	19	20	20	20	19
LOC_2586	19	19	19	20	19
LOC_2587	20	20	21	20	20
LOC_2588	23	22	22	20	22
LOC_2589	19	21	21	19	19
LOC_2590	16	16	16	16	16
LOC_2591	17	17	16	17	17
LOC_2592	23	23	23	24	23
LOC_2593	19	19	19	17	19
LOC_2594	19	20	18	19	19
LOC_2595	18	18	18	19	18
LOC_2596	13	13	15	13	13
LOC_2597	19	21	21	21	19
LOC_2598	22	23	21	21	23
LOC_2599	21	23	22	22	22
LOC_2600	16	16	17	17	17
LOC_2601	19	19	20	19	19
LOC_2602	21	21	21	19	21
LOC_2603	18	18	19	18	19
LOC_2604	19	21	25	25	19
LOC_2605	19	21	20	20	19
LOC_2606	14	14	15	14	14
LOC_2607	19	19	18	17	19
LOC_2608	17	17	17	17	17
LOC_2609	14	14	14	14	14
LOC_2610	19	19	19	19	19
LOC_2611	14	15	17	14	14
LOC_2612	19	21	24	23	19
LOC_2613	14	16	16	16	14
LOC_2614	19	20	19	15	19
LOC_2615	19	19	19	19	19
LOC_2616	16	15	15	15	15
LOC_2617	18	18	18	18	18
LOC_2618	18	19	18	18	18
LOC_2619	20	18	17	17	18
LOC_2620	19	19	19	18	19
LOC_2621	15	15	15	15	15
LOC_2622	18	18	18	18	18
LOC_2623	16	16	16	16	16
LOC_2624	18	18	19	19	18
LOC_2625	19	19	19	20	19
LOC_2626	14	15	14	17	14
LOC_2627	19	18	17	18	18
LOC_2628	26	25	26	25	25
LOC_2629	21	23	22	22	21
LOC_2630	19	19	18	18	19
LOC_2631	24	25	23	24	25
LOC_2632	10	7	10	10	10
LOC_2633	10	10	10	10	10
LOC_2634	18	18	18	18	18
LOC_2635	19	18	18	18	18
LOC_2636	16	16	15	15	16
LOC_2637	19	19	19	19	19
LOC_2638	19	19	19	19	19
LOC_2639	22	22	21	20	21
LOC_2640	16	16	16	16	16
LOC_2641	14	14	14	14	14
LOC_2642	18	22	20	20	18
LOC_2643	20	19	18	18	18
LOC_2644	17	17	17	17	17
LOC_2645	18	17	17	17	18
LOC_2646	18	18	16	15	18
LOC_2647	24	24	23	24	24
LOC_2648	16	16	16	16	16
LOC_2649	17	17	15	17	17
LOC_2650	21	20	21	21	21
LOC_2651	14	14	15	14	14
LOC_2652	18	18	18	18	18
LOC_2653	14	14	14	15	14
LOC_2654	18	18	18	19	18
LOC_2655	21	22	21	21	20
LOC_2656	20	19	17	17	18
LOC_2657	17	15	16	16	16
LOC_2658	8	8	8	8	8
LOC_2659	18	19	18	18	18
LOC_2660	18	18	17	18	18
LOC_2661	17	17	18	18	17
LOC_2662	14	14	14	14	14
LOC_2663	18	18	18	18	18
LOC_2664	15	15	16	16	15
LOC_2665	18	17	17	18	18
LOC_2666	18	19	18	18	18
LOC_2667	17	17	17	17	17
LOC_2668	17	17	14	14	17
LOC_2669	16	16	16	16	16
LOC_2670	18	18	18	18	18
LOC_2671	16	16	16	16	16
LOC_2672	18	18	18	18	18
LOC_2673	18	19	17	20	18
LOC_2674	18	19	18	18	18
LOC_2675	17	18	18	19	17
LOC_2676	19	17	17	17	18
LOC_2677	19	19	19	19	19
LOC_2678	22	21	21	21	22
LOC_2679	15	16	15	15	15
LOC_2680	18	18	17	17	18
LOC_2681	17	17	17	18	17
LOC_2682	15	19	19	19	18
LOC_2683	17	18	19	17	18
LOC_2684	20	20	20	19	20
LOC_2685	19	19	19	19	19
LOC_2686	18	19	18	18	18
LOC_2687	18	19	18	18	18
LOC_2688	19	18	18	18	18
LOC_2689	18	16	16	16	18
LOC_2690	21	24	24	23	22
LOC_2691	18	18	18	14	18
LOC_2692	14	13	13	14	14
LOC_2693	18	22	21	22	18
LOC_2694	19	16	19	20	18
LOC_2695	17	18	19	18	18
LOC_2696	20	20	20	20	20
LOC_2697	18	18	18	19	18
LOC_2698	18	19	23	19	18
LOC_2699	16	19	18	18	16
LOC_2700	18	18	19	19	18
LOC_2701	18	18	17	18	18
LOC_2702	18	18	18	18	18
LOC_2703	20	23	23	21	23
LOC_2704	19	18	18	18	18
LOC_2705	16	16	18	20	16
LOC_2706	15	15	15	15	15
LOC_2707	15	17	15	15	15
LOC_2708	16	15	15	15	15
LOC_2709	21	24	22	20	21
LOC_2710	18	18	18	18	18
LOC_2711	14	14	14	14	14
LOC_2712	25	26	25	24	25
LOC_2713	18	19	17	18	18
LOC_2714	21	21	22	21	21
LOC_2715	16	17	16	16	16
LOC_2716	26	26	27	26	26
LOC_2717	18	18	17	17	18
LOC_2718	23	28	27	27	23
LOC_2719	25	22	23	20	24
LOC_2720	18	17	17	17	18
LOC_2721	18	18	16	18	18
LOC_2722	18	21	20	22	18
LOC_2723	18	18	18	18	18
LOC_2724	18	19	20	20	18
LOC_2725	18	18	16	16	18
LOC_2726	16	16	16	16	16
LOC_2727	18	18	18	18	18
LOC_2728	18	19	19	19	18
LOC_2729	18	19	18	19	18
LOC_2730	15	15	15	15	15
LOC_2731	19	18	18	18	18
LOC_2732	17	19	19	19	19
LOC_2733	16	17	15	15	16
LOC_2734	7	7	7	7	7
LOC_2735	18	18	18	18	18
LOC_2736	18	19	18	18	18
LOC_2737	18	20	18	18	18
LOC_2738	18	18	17	18	18
LOC_2739	18	19	18	18	18
LOC_2740	17	19	18	18	18
LOC_2741	22	21	21	21	21
LOC_2742	22	18	18	18	18
LOC_2743	18	18	18	18	18
LOC_2744	18	17	17	18	18
LOC_2745	18	18	18	22	18
LOC_2746	24	23	24	23	23
LOC_2747	17	17	17	17	17
LOC_2748	21	21	22	22	21
LOC_2749	18	19	17	17	18
LOC_2750	16	16	16	16	16
LOC_2751	18	18	18	18	18
LOC_2752	16	16	15	13	16
LOC_2753	18	19	18	22	19
LOC_2754	18	22	21	22	22
LOC_2755	14	15	14	14	14
LOC_2756	19	20	18	18	18
LOC_2757	18	18	18	18	18
LOC_2758	17	19	19	19	18
LOC_2759	18	21	21	26	18
LOC_2760	18	18	17	18	18
LOC_2761	19	18	21	20	18
LOC_2762	18	18	18	18	18
LOC_2763	18	18	18	18	18
LOC_2764	17	18	18	18	18
LOC_2765	18	19	19	21	18
LOC_2766	20	20	19	20	20
LOC_2767	22	22	22	23	21
LOC_2768	17	18	17	17	17
LOC_2769	18	19	18	18	18
LOC_2770	19	18	18	18	18
LOC_2771	18	18	17	17	18
LOC_2772	20	23	19	20	20
LOC_2773	18	18	20	20	18
LOC_2774	19	19	19	19	19
LOC_2775	20	18	19	20	18
LOC_2776	17	17	17	17	17
LOC_2777	18	18	18	18	18
LOC_2778	18	19	21	21	18
LOC_2779	18	18	18	19	18
LOC_2780	16	17	16	18	17
LOC_2781	18	18	18	18	18
LOC_2782	18	21	19	19	18
LOC_2783	19	18	19	18	18
LOC_2784	16	16	19	15	16
LOC_2785	18	18	18	18	18
LOC_2786	21	18	18	18	18
LOC_2787	18	17	18	18	18
LOC_2788	19	18	18	18	18
LOC_2789	18	18	18	17	18
LOC_2790	20	18	18	18	18
LOC_2791	14	15	15	14	15
LOC_2792	24	24	25	26	24
LOC_2793	24	25	23	24	24
LOC_2794	15	15	15	15	15
LOC_2795	15	15	15	15	15
LOC_2796	22	21	20	20	21
LOC_2797	19	17	19	19	18
LOC_2798	14	14	14	14	14
LOC_2799	21	18	19	20	18
LOC_2800	14	16	15	15	14
LOC_2801	14	14	14	14	14
LOC_2802	18	18	18	18	18
LOC_2803	18	18	18	18	18
LOC_2804	18	19	18	19	18
LOC_2805	24	25	25	25	23
LOC_2806	18	20	20	20	19
LOC_2807	18	18	19	19	18
LOC_2808	18	18	18	18	18
LOC_2809	23	24	24	23	23
LOC_2810	25	25	24	24	25
LOC_2811	19	20	18	18	18
LOC_2812	20	18	18	16	18
LOC_2813	14	14	15	14	14
LOC_2814	19	19	19	18	18
LOC_2815	20	20	22	22	20
LOC_2816	20	18	19	18	18
LOC_2817	19	18	18	18	18
LOC_2818	18	18	18	18	18
LOC_2819	18	18	18	18	18
LOC_2820	18	18	18	18	18
LOC_2821	18	18	16	18	16
LOC_2822	18	18	18	18	18
LOC_2823	16	18	18	18	18
LOC_2824	22	22	23	22	22
LOC_2825	18	18	20	20	18
LOC_2826	24	25	26	25	26
LOC_2827	17	20	18	18	18
LOC_2828	24	21	23	23	24
LOC_2829	18	18	22	19	18
LOC_2830	20	20	20	20	20
LOC_2831	18	19	18	17	18
LOC_2832	18	18	18	18	18
LOC_2833	18	18	18	18	18
LOC_2834	18	18	17	17	18
LOC_2835	18	18	18	18	18
LOC_2836	22	22	22	22	22
LOC_2837	18	18	19	19	18
LOC_2838	14	17	16	16	14
LOC_2839	18	17	17	17	18
LOC_2840	18	18	18	18	18
LOC_2841	17	19	22	22	18
LOC_2842	29	27	25	27	28
LOC_2843	17	18	18	18	17
LOC_2844	18	17	17	17	18
LOC_2845	14	14	14	14	14
LOC_2846	20	22	22	22	22
LOC_2847	23	22	23	24	23
LOC_2848	18	18	19	17	18
LOC_2849	18	19	19	18	18
LOC_2850	21	22	23	22	21
LOC_2851	18	18	18	18	18
LOC_2852	15	15	14	14	15
LOC_2853	17	17	17	17	17
LOC_2854	18	18	18	20	18
LOC_2855	18	17	18	18	18
LOC_2856	17	18	18	20	18
LOC_2857	18	18	18	18	18
LOC_2858	18	18	19	18	18
LOC_2859	17	18	17	17	18
LOC_2860	18	18	18	18	18
LOC_2861	22	24	22	22	22
LOC_2862	24	25	24	24	25
LOC_2863	18	18	17	18	18
LOC_2864	15	15	15	15	15
LOC_2865	20	22	22	22	21
LOC_2866	18	18	18	18	18
LOC_2867	16	16	15	15	16
LOC_2868	20	18	18	18	18
LOC_2869	22	22	21	22	22
LOC_2870	19	19	19	19	19
LOC_2871	19	20	20	20	19
LOC_2872	18	18	18	17	18
LOC_2873	14	13	14	14	14
LOC_2874	14	15	14	14	14
LOC_2875	21	20	23	21	21
LOC_2876	18	19	20	19	18
LOC_2877	22	24	24	24	22
LOC_2878	18	18	18	18	18
LOC_2879	21	22	20	20	21
LOC_2880	18	20	18	21	18
LOC_2881	23	24	23	24	23
LOC_2882	19	16	18	18	16
LOC_2883	18	18	18	17	18
LOC_2884	21	23	21	21	21
LOC_2885	18	18	18	18	18
LOC_2886	23	22	22	22	24
LOC_2887	18	19	19	19	18
LOC_2888	21	21	22	22	22
LOC_2889	18	19	20	20	18
LOC_2890	18	18	18	18	18
LOC_2891	18	18	18	18	18
LOC_2892	18	18	18	18	18
LOC_2893	15	15	16	15	15
LOC_2894	18	18	18	18	18
LOC_2895	18	18	18	17	18
LOC_2896	18	19	18	20	18
LOC_2897	18	18	18	18	18
LOC_2898	18	19	16	16	18
LOC_2899	21	21	22	20	21
LOC_2900	19	17	18	17	17
LOC_2901	22	21	22	23	22
LOC_2902	16	16	19	16	16
LOC_2903	16	16	16	16	16
LOC_2904	15	15	15	15	15
LOC_2905	19	17	19	19	19
LOC_2906	17	17	17	17	17
LOC_2907	15	15	15	15	15
LOC_2908	19	16	18	19	18
LOC_2909	15	15	15	15	15
LOC_2910	18	18	20	18	18
LOC_2911	16	17	17	17	16
LOC_2912	17	19	19	19	18
LOC_2913	24	23	22	22	23
LOC_2914	17	17	18	17	17
LOC_2915	16	17	17	17	17
LOC_2916	19	21	21	21	21
LOC_2917	19	17	17	17	18
LOC_2918	17	17	15	15	17
LOC_2919	17	20	21	22	17
LOC_2920	19	19	19	19	19
LOC_2921	22	22	22	22	22
LOC_2922	17	17	17	16	17
LOC_2923	17	17	17	17	17
LOC_2924	25	28	23	23	25
LOC_2925	20	20	17	18	20
LOC_2926	15	14	14	14	14
LOC_2927	24	25	24	24	24
LOC_2928	16	17	16	15	16
LOC_2929	18	17	17	17	17
LOC_2930	17	17	17	17	17
LOC_2931	16	17	19	17	17
LOC_2932	16	15	17	18	16
LOC_2933	11	11	11	11	11
LOC_2934	17	17	17	17	17
LOC_2935	17	17	15	16	17
LOC_2936	17	17	18	18	17
LOC_2937	18	17	17	16	17
LOC_2938	23	23	23	24	23
LOC_2939	17	17	17	17	17
LOC_2940	14	14	14	14	14
LOC_2941	18	18	18	17	18
LOC_2942	17	17	17	17	17
LOC_2943	20	20	20	20	20
LOC_2944	17	16	16	16	17
LOC_2945	21	19	18	19	21
LOC_2946	22	22	22	21	22
LOC_2947	16	15	15	15	15
LOC_2948	17	20	15	15	17
LOC_2949	17	18	18	18	17
LOC_2950	17	17	17	17	17
LOC_2951	17	17	18	18	17
LOC_2952	19	19	19	19	19
LOC_2953	17	17	17	17	17
LOC_2954	16	16	17	17	17
LOC_2955	22	22	21	21	22
LOC_2956	17	17	17	17	17
LOC_2957	17	17	17	18	17
LOC_2958	21	20	19	20	20
LOC_2959	17	17	17	17	17
LOC_2960	17	17	17	17	17
LOC_2961	19	20	20	21	19
LOC_2962	18	18	18	18	18
LOC_2963	17	17	17	17	17
LOC_2964	17	17	17	17	17
LOC_2965	17	17	17	18	17
LOC_2966	21	21	21	22	21
LOC_2967	20	20	20	20	20
LOC_2968	21	17	17	17	17
LOC_2969	22	21	22	24	22
LOC_2970	16	17	16	16	16
LOC_2971	19	17	17	17	17
LOC_2972	21	21	22	21	21
LOC_2973	16	17	17	17	16
LOC_2974	16	15	17	17	16
LOC_2975	17	16	15	16	16
LOC_2976	18	18	18	18	18
LOC_2977	23	23	22	23	23
LOC_2978	17	17	17	17	17
LOC_2979	17	17	17	17	17
LOC_2980	17	17	22	17	17
LOC_2981	16	18	17	19	16
LOC_2982	16	17	17	17	17
LOC_2983	18	20	17	17	17
LOC_2984	22	23	22	22	22
LOC_2985	14	14	14	12	14
LOC_2986	18	17	17	17	17
LOC_2987	20	16	15	16	20
LOC_2988	18	18	18	18	18
LOC_2989	28	28	27	26	27
LOC_2990	20	21	21	21	21
LOC_2991	14	14	11	11	14
LOC_2992	20	20	20	19	20
LOC_2993	15	15	15	15	15
LOC_2994	17	17	18	17	17
LOC_2995	17	16	16	16	17
LOC_2996	16	16	16	17	16
LOC_2997	17	17	17	17	17
LOC_2998	19	18	18	18	18
LOC_2999	17	17	17	17	17
LOC_3000	19	18	18	17	19
LOC_3001	20	20	21	21	20
LOC_3002	19	17	16	17	17
LOC_3003	18	17	18	18	18
LOC_3004	20	21	21	21	20
LOC_3005	18	18	18	18	18
LOC_3006	20	20	16	18	20
LOC_3007	17	17	17	17	17
LOC_3008	14	16	14	14	14
LOC_3009	27	26	28	26	27
LOC_3010	17	17	17	17	17
LOC_3011	21	22	21	21	19
LOC_3012	20	20	20	20	20
LOC_3013	17	18	16	18	17
LOC_3014	17	17	17	17	17
LOC_3015	21	21	23	22	21
LOC_3016	17	17	17	17	17
LOC_3017	18	17	17	17	19
LOC_3018	15	15	15	15	15
LOC_3019	16	16	16	17	17
LOC_3020	19	19	19	19	19
LOC_3021	18	18	18	18	18
LOC_3022	22	23	24	23	22
LOC_3023	19	18	18	18	19
LOC_3024	18	18	18	18	18
LOC_3025	17	18	19	21	17
LOC_3026	15	15	15	16	15
LOC_3027	21	22	22	22	22
LOC_3028	17	17	18	17	17
LOC_3029	14	13	14	14	14
LOC_3030	17	17	17	17	17
LOC_3031	18	18	18	18	17
LOC_3032	18	19	19	19	18
LOC_3033	18	18	18	18	18
LOC_3034	17	19	19	20	17
LOC_3035	17	17	17	17	17
LOC_3036	21	21	20	20	21
LOC_3037	30	28	26	26	29
LOC_3038	21	18	18	19	21
LOC_3039	21	21	21	22	22
LOC_3040	21	18	17	17	17
LOC_3041	17	17	17	17	17
LOC_3042	21	21	21	21	21
LOC_3043	17	17	19	19	17
LOC_3044	18	20	19	19	18
LOC_3045	14	16	14	14	14
LOC_3046	17	17	17	17	17
LOC_3047	14	14	15	15	14
LOC_3048	21	21	19	19	21
LOC_3049	21	19	19	19	20
LOC_3050	21	21	25	22	21
LOC_3051	16	17	17	17	17
LOC_3052	17	18	18	18	17
LOC_3053	15	15	15	15	15
LOC_3054	17	18	18	23	17
LOC_3055	16	16	16	16	16
LOC_3056	22	22	22	22	22
LOC_3057	22	23	24	23	22
LOC_3058	17	17	18	17	17
LOC_3059	19	19	20	18	19
LOC_3060	22	23	22	22	22
LOC_3061	15	15	15	15	15
LOC_3062	20	21	22	21	20
LOC_3063	19	20	19	20	19
LOC_3064	18	17	16	17	17
LOC_3065	16	16	15	15	16
LOC_3066	17	17	17	17	17
LOC_3067	16	17	16	17	17
LOC_3068	18	17	17	17	17
LOC_3069	24	25	25	25	25
LOC_3070	19	18	19	19	19
LOC_3071	21	22	22	23	22
LOC_3072	21	21	22	21	21
LOC_3073	17	15	15	15	17
LOC_3074	16	16	16	16	16
LOC_3075	19	18	21	19	19
LOC_3076	17	17	17	18	17
LOC_3077	16	16	17	16	16
LOC_3078	17	22	21	20	22
LOC_3079	21	21	22	19	21
LOC_3080	17	17	17	17	17
LOC_3081	23	23	22	23	24
LOC_3082	17	17	17	17	17
LOC_3083	15	15	15	15	15
LOC_3084	17	17	17	17	17
LOC_3085	18	19	18	18	18
LOC_3086	16	17	16	16	17
LOC_3087	17	18	18	20	17
LOC_3088	21	17	17	17	20
LOC_3089	17	17	17	18	17
LOC_3090	15	16	16	16	15
LOC_3091	17	17	17	17	17
LOC_3092	21	24	22	23	22
LOC_3093	17	17	17	18	17
LOC_3094	21	20	20	21	20
LOC_3095	19	21	20	21	19
LOC_3096	18	19	18	19	18
LOC_3097	18	17	19	17	17
LOC_3098	18	18	16	21	18
LOC_3099	19	21	19	19	19
LOC_3100	19	19	19	19	19
LOC_3101	16	17	17	17	16
LOC_3102	15	15	15	13	15
LOC_3103	17	16	15	15	17
LOC_3104	19	19	19	17	19
LOC_3105	14	14	14	14	14
LOC_3106	17	17	17	16	17
LOC_3107	13	14	13	13	14
LOC_3108	14	14	13	16	14
LOC_3109	17	19	19	18	17
LOC_3110	17	18	18	18	17
LOC_3111	24	24	24	24	24
LOC_3112	17	18	17	17	17
LOC_3113	17	17	17	17	17
LOC_3114	17	17	17	17	17
LOC_3115	17	17	19	18	17
LOC_3116	18	19	18	18	18
LOC_3117	17	16	16	16	17
LOC_3118	17	17	17	17	17
LOC_3119	21	21	20	21	21
LOC_3120	17	16	17	17	17
LOC_3121	17	18	18	17	17
LOC_3122	15	15	17	15	15
LOC_3123	19	22	22	22	22
LOC_3124	14	15	14	14	14
LOC_3125	14	14	14	14	14
LOC_3126	16	17	16	16	16
LOC_3127	17	17	17	17	17
LOC_3128	17	17	17	17	17
LOC_3129	17	17	17	17	17
LOC_3130	28	28	26	29	28
LOC_3131	17	17	17	17	17
LOC_3132	15	15	15	15	15
LOC_3133	17	14	15	16	17
LOC_3134	22	19	20	21	22
LOC_3135	16	16	17	17	16
LOC_3136	14	15	15	15	14
LOC_3137	21	22	23	27	22
LOC_3138	17	17	15	15	17
LOC_3139	24	23	26	23	23
LOC_3140	17	18	18	18	17
LOC_3141	14	14	14	14	14
LOC_3142	17	17	17	17	17
LOC_3143	19	19	19	19	19
LOC_3144	20	14	19	19	19
LOC_3145	20	20	21	20	20
LOC_3146	15	15	15	15	15
LOC_3147	17	17	16	18	17
LOC_3148	17	17	17	17	17
LOC_3149	17	17	16	17	17
LOC_3150	20	20	20	20	20
LOC_3151	18	17	16	16	17
LOC_3152	17	17	17	17	17
LOC_3153	25	25	23	23	25
LOC_3154	17	17	17	17	17
LOC_3155	14	15	14	14	15
LOC_3156	17	18	18	17	17
LOC_3157	20	18	18	18	18
LOC_3158	21	24	25	22	21
LOC_3159	17	17	17	17	17
LOC_3160	20	19	18	17	17
LOC_3161	20	18	21	20	19
LOC_3162	16	17	16	18	17
LOC_3163	17	17	15	15	17
LOC_3164	17	18	18	18	17
LOC_3165	17	17	17	18	17
LOC_3166	15	14	14	14	15
LOC_3167	17	17	17	17	17
LOC_3168	16	16	16	16	16
LOC_3169	17	17	17	17	17
LOC_3170	17	17	17	17	17
LOC_3171	19	17	19	19	19
LOC_3172	18	18	18	18	18
LOC_3173	22	23	23	23	22
LOC_3174	18	16	15	16	17
LOC_3175	16	16	16	16	16
LOC_3176	18	19	19	18	18
LOC_3177	29	28	27	26	27
LOC_3178	21	19	21	21	21
LOC_3179	15	14	14	14	14
LOC_3180	17	17	15	15	17
LOC_3181	17	17	18	17	17
LOC_3182	17	18	17	17	17
LOC_3183	19	20	20	20	19
LOC_3184	18	17	17	18	17
LOC_3185	17	18	17	19	17
LOC_3186	16	17	17	17	17
LOC_3187	20	19	18	18	20
LOC_3188	16	16	16	16	16
LOC_3189	22	21	22	23	22
LOC_3190	14	14	13	13	14
LOC_3191	17	17	17	17	17
LOC_3192	24	20	21	20	21
LOC_3193	22	23	20	20	22
LOC_3194	19	23	18	19	19
LOC_3195	17	17	18	17	17
LOC_3196	26	26	26	26	25
LOC_3197	16	17	18	18	17
LOC_3198	14	14	16	13	14
LOC_3199	19	21	19	19	19
LOC_3200	23	24	28	26	23
LOC_3201	18	18	18	18	18
LOC_3202	20	20	22	22	20
LOC_3203	17	20	17	17	17
LOC_3204	21	21	21	21	21
LOC_3205	20	17	17	17	17
LOC_3206	23	21	21	22	23
LOC_3207	17	17	17	17	17
LOC_3208	17	18	19	18	17
LOC_3209	22	25	22	22	22
LOC_3210	12	16	16	16	17
LOC_3211	17	18	18	17	17
LOC_3212	17	17	17	17	17
LOC_3213	15	17	18	17	15
LOC_3214	29	28	28	30	28
LOC_3215	15	15	16	16	15
LOC_3216	17	18	18	16	17
LOC_3217	32	34	32	32	31
LOC_3218	17	17	17	16	17
LOC_3219	23	23	25	28	24
LOC_3220	17	17	20	16	17
LOC_3221	11	11	11	11	11
LOC_3222	22	24	25	26	22
LOC_3223	20	19	19	19	19
LOC_3224	15	16	16	16	15
LOC_3225	7	7	8	8	7
LOC_3226	17	17	17	17	17
LOC_3227	21	21	22	21	21
LOC_3228	19	22	18	19	19
LOC_3229	13	11	13	13	13
LOC_3230	17	18	16	16	17
LOC_3231	14	14	14	14	14
LOC_3232	19	21	19	19	19
LOC_3233	21	21	19	21	21
LOC_3234	17	17	17	17	17
LOC_3235	17	17	17	17	17
LOC_3236	23	25	25	23	23
LOC_3237	17	19	17	17	17
LOC_3238	17	17	16	16	17
LOC_3239	17	17	17	17	17
LOC_3240	17	17	18	18	17
LOC_3241	20	20	21	20	20
LOC_3242	22	21	22	21	21
LOC_3243	21	22	22	21	21
LOC_3244	17	17	18	17	17
LOC_3245	17	17	17	17	17
LOC_3246	16	17	17	17	17
LOC_3247	20	21	20	19	20
LOC_3248	17	17	18	18	17
LOC_3249	17	19	19	19	17
LOC_3250	15	15	16	16	16
LOC_3251	17	17	17	17	17
LOC_3252	15	17	17	17	17
LOC_3253	11	11	11	11	11
LOC_3254	19	21	18	18	19
LOC_3255	16	17	17	16	16
LOC_3256	15	15	14	15	15
LOC_3257	17	17	17	17	17
LOC_3258	17	17	18	17	17
LOC_3259	16	16	15	15	16
LOC_3260	17	15	15	15	17
LOC_3261	15	15	16	18	15
LOC_3262	17	17	17	17	17
LOC_3263	16	16	17	16	16
LOC_3264	16	16	15	15	16
LOC_3265	21	25	24	25	22
LOC_3266	16	16	16	16	16
LOC_3267	17	17	18	18	17
LOC_3268	16	16	16	16	16
LOC_3269	19	17	18	17	17
LOC_3270	16	17	17	17	16
LOC_3271	16	16	16	16	16
LOC_3272	18	18	18	18	18
LOC_3273	17	17	17	19	17
LOC_3274	15	15	15	15	15
LOC_3275	17	16	18	17	17
LOC_3276	15	15	15	15	15
LOC_3277	17	18	17	17	17
LOC_3278	16	16	17	17	16
LOC_3279	17	17	17	17	17
LOC_3280	17	18	15	18	17
LOC_3281	19	18	20	20	19
LOC_3282	18	18	18	17	18
LOC_3283	16	16	16	16	16
LOC_3284	19	19	19	19	19
LOC_3285	24	20	21	23	21
LOC_3286	16	17	17	18	16
LOC_3287	17	17	18	17	17
LOC_3288	24	23	23	22	24
LOC_3289	18	18	18	18	18
LOC_3290	16	16	16	16	16
LOC_3291	16	16	15	17	16
LOC_3292	24	23	23	23	23
LOC_3293	16	15	15	16	16
LOC_3294	24	25	23	23	24
LOC_3295	10	10	10	10	10
LOC_3296	16	17	16	16	16
LOC_3297	18	15	16	16	16
LOC_3298	17	17	18	17	17
LOC_3299	23	23	23	23	23
LOC_3300	16	16	16	16	16
LOC_3301	17	14	15	11	16
LOC_3302	14	14	14	14	14
LOC_3303	16	16	16	16	16
LOC_3304	16	20	20	20	16
LOC_3305	19	18	18	16	19
LOC_3306	16	17	16	17	16
LOC_3307	7	8	8	8	7
LOC_3308	19	17	16	16	16
LOC_3309	14	14	14	14	14
LOC_3310	16	16	16	16	16
LOC_3311	16	16	16	16	16
LOC_3312	18	18	18	17	18
LOC_3313	20	21	21	21	21
LOC_3314	18	20	23	20	18
LOC_3315	20	21	20	20	22
LOC_3316	8	8	8	8	8
LOC_3317	23	24	23	25	23
LOC_3318	17	16	16	16	16
LOC_3319	21	21	20	20	21
LOC_3320	19	22	23	23	20
LOC_3321	17	16	16	16	16
LOC_3322	16	16	16	16	16
LOC_3323	14	15	15	15	15
LOC_3324	22	23	23	22	23
LOC_3325	13	13	13	13	13
LOC_3326	17	17	17	16	17
LOC_3327	15	14	15	15	15
LOC_3328	24	24	23	20	23
LOC_3329	15	15	15	15	15
LOC_3330	16	16	16	16	16
LOC_3331	16	16	16	16	16
LOC_3332	28	28	29	30	28
LOC_3333	15	16	16	15	15
LOC_3334	18	19	19	19	18
LOC_3335	14	14	14	14	14
LOC_3336	15	15	15	15	16
LOC_3337	19	19	19	19	19
LOC_3338	16	14	16	17	16
LOC_3339	18	20	19	18	18
LOC_3340	18	18	18	18	18
LOC_3341	19	19	21	21	19
LOC_3342	16	16	16	17	16
LOC_3343	16	17	17	17	16
LOC_3344	16	14	16	16	16
LOC_3345	22	19	20	20	22
LOC_3346	23	23	22	22	23
LOC_3347	16	16	17	16	16
LOC_3348	19	19	19	18	19
LOC_3349	18	18	18	18	18
LOC_3350	22	22	22	21	22
LOC_3351	18	17	18	18	18
LOC_3352	22	23	22	22	22
LOC_3353	21	22	23	23	23
LOC_3354	18	20	19	19	19
LOC_3355	26	30	28	29	28
LOC_3356	16	16	15	16	16
LOC_3357	15	16	16	18	16
LOC_3358	16	16	16	16	16
LOC_3359	16	16	16	16	16
LOC_3360	16	16	16	17	16
LOC_3361	18	18	18	18	18
LOC_3362	21	21	21	19	21
LOC_3363	23	23	23	23	23
LOC_3364	22	21	22	22	22
LOC_3365	25	27	26	25	26
LOC_3366	14	14	14	13	14
LOC_3367	16	16	16	18	16
LOC_3368	16	17	18	18	16
LOC_3369	16	16	16	17	16
LOC_3370	16	17	16	16	16
LOC_3371	20	21	20	20	20
LOC_3372	27	25	26	26	26
LOC_3373	22	22	22	23	22
LOC_3374	17	17	17	16	17
LOC_3375	17	17	16	16	16
LOC_3376	23	20	19	19	20
LOC_3377	16	16	16	16	16
LOC_3378	18	18	20	19	18
LOC_3379	16	16	16	16	16
LOC_3380	21	20	20	19	21
LOC_3381	16	15	15	15	16
LOC_3382	16	16	16	16	16
LOC_3383	15	15	15	16	15
LOC_3384	17	16	17	17	17
LOC_3385	24	24	24	24	24
LOC_3386	16	16	17	17	16
LOC_3387	20	21	21	19	20
LOC_3388	20	19	20	20	19
LOC_3389	10	9	9	9	9
LOC_3390	16	16	18	18	16
LOC_3391	24	26	25	25	24
LOC_3392	21	22	23	23	21
LOC_3393	14	14	14	14	14
LOC_3394	18	17	17	17	17
LOC_3395	19	21	21	21	21
LOC_3396	19	18	19	18	18
LOC_3397	17	19	20	20	18
LOC_3398	16	16	16	16	16
LOC_3399	19	18	18	17	19
LOC_3400	24	26	25	26	24
LOC_3401	23	23	22	22	23
LOC_3402	19	19	19	19	19
LOC_3403	17	18	17	17	17
LOC_3404	16	17	14	14	16
LOC_3405	16	16	19	16	16
LOC_3406	14	16	14	14	14
LOC_3407	18	19	19	19	19
LOC_3408	28	26	26	26	28
LOC_3409	25	25	25	24	25
LOC_3410	22	24	24	25	23
LOC_3411	26	24	23	23	23
LOC_3412	18	16	16	16	16
LOC_3413	17	19	20	20	17
LOC_3414	15	16	16	16	15
LOC_3415	16	16	16	16	16
LOC_3416	25	25	24	24	26
LOC_3417	26	24	24	23	24
LOC_3418	20	20	21	20	20
LOC_3419	28	28	26	27	27
LOC_3420	20	22	20	22	21
LOC_3421	16	16	13	13	16
LOC_3422	19	19	20	22	19
LOC_3423	19	20	19	19	19
LOC_3424	16	16	17	17	16
LOC_3425	19	19	19	19	19
LOC_3426	20	20	20	20	20
LOC_3427	14	14	14	14	14
LOC_3428	17	17	17	18	17
LOC_3429	14	14	14	14	14
LOC_3430	22	24	24	25	25
LOC_3431	14	16	15	15	14
LOC_3432	27	26	27	27	27
LOC_3433	20	22	21	23	21
LOC_3434	21	22	22	22	21
LOC_3435	16	16	16	15	16
LOC_3436	15	14	14	14	14
LOC_3437	16	16	17	18	16
LOC_3438	16	16	16	16	16
LOC_3439	15	15	15	15	15
LOC_3440	18	18	21	18	18
LOC_3441	24	24	22	22	24
LOC_3442	16	16	14	17	16
LOC_3443	20	20	19	20	20
LOC_3444	8	8	8	8	8
LOC_3445	19	19	18	18	19
LOC_3446	16	16	16	16	16
LOC_3447	21	22	22	23	22
LOC_3448	12	12	12	13	12
LOC_3449	16	16	15	17	16
LOC_3450	16	16	16	16	16
LOC_3451	22	22	21	21	22
LOC_3452	16	16	19	19	16
LOC_3453	14	17	17	17	16
LOC_3454	19	19	19	19	19
LOC_3455	16	16	16	16	16
LOC_3456	16	16	16	16	16
LOC_3457	15	14	14	14	15
LOC_3458	16	18	16	16	16
LOC_3459	15	16	16	16	16
LOC_3460	16	14	16	16	16
LOC_3461	16	16	16	16	16
LOC_3462	33	34	32	32	32
LOC_3463	15	15	15	15	15
LOC_3464	17	19	18	18	17
LOC_3465	13	13	13	13	13
LOC_3466	13	18	18	18	16
LOC_3467	16	16	15	15	16
LOC_3468	19	19	18	18	19
LOC_3469	19	19	19	19	19
LOC_3470	18	16	18	16	16
LOC_3471	27	27	27	26	26
LOC_3472	20	21	21	21	20
LOC_3473	16	16	16	16	16
LOC_3474	16	16	16	14	16
LOC_3475	16	16	14	16	16
LOC_3476	22	22	23	22	22
LOC_3477	18	18	18	19	18
LOC_3478	21	18	18	18	22
LOC_3479	15	16	16	16	16
LOC_3480	16	16	16	16	16
LOC_3481	25	25	26	24	25
LOC_3482	18	18	18	18	16
LOC_3483	18	16	16	16	16
LOC_3484	16	16	16	16	16
LOC_3485	13	16	17	17	16
LOC_3486	16	18	16	16	16
LOC_3487	17	16	15	16	16
LOC_3488	30	28	28	27	29
LOC_3489	16	17	17	16	16
LOC_3490	16	17	16	16	16
LOC_3491	15	16	15	15	15
LOC_3492	26	25	28	29	26
LOC_3493	16	16	17	17	16
LOC_3494	23	24	24	24	23
LOC_3495	16	16	16	16	16
LOC_3496	14	14	14	14	14
LOC_3497	16	16	18	18	16
LOC_3498	18	18	18	18	18
LOC_3499	15	15	15	15	15
LOC_3500	16	16	16	16	16
LOC_3501	17	20	19	19	18
LOC_3502	21	21	21	22	21
LOC_3503	14	16	16	16	16
LOC_3504	16	16	18	17	16
LOC_3505	16	16	17	16	16
LOC_3506	26	29	29	27	27
LOC_3507	16	16	16	16	16
LOC_3508	18	19	17	17	18
LOC_3509	16	16	16	16	16
LOC_3510	28	26	27	23	27
LOC_3511	18	16	16	16	16
LOC_3512	16	16	16	16	16
LOC_3513	18	16	17	16	16
LOC_3514	16	15	16	16	16
LOC_3515	21	19	21	19	21
LOC_3516	26	28	27	25	28
LOC_3517	16	16	16	16	16
LOC_3518	15	16	16	16	16
LOC_3519	16	16	16	17	16
LOC_3520	16	16	16	16	16
LOC_3521	21	20	22	24	21
LOC_3522	16	17	17	17	16
LOC_3523	22	21	21	21	21
LOC_3524	18	18	16	18	18
LOC_3525	23	23	23	24	23
LOC_3526	14	14	17	16	14
LOC_3527	24	23	23	23	24
LOC_3528	22	19	22	22	21
LOC_3529	21	19	20	20	21
LOC_3530	18	18	18	18	18
LOC_3531	16	16	16	16	16
LOC_3532	14	14	14	14	14
LOC_3533	15	14	16	16	15
LOC_3534	16	16	15	16	16
LOC_3535	16	16	16	16	16
LOC_3536	16	16	15	15	16
LOC_3537	16	18	15	15	16
LOC_3538	16	16	16	16	16
LOC_3539	16	16	16	14	16
LOC_3540	16	16	15	15	16
LOC_3541	16	16	18	18	16
LOC_3542	18	17	18	17	17
LOC_3543	16	16	16	16	16
LOC_3544	14	14	14	14	14
LOC_3545	17	19	19	19	17
LOC_3546	16	16	16	16	16
LOC_3547	14	14	14	16	14
LOC_3548	8	8	8	8	8
LOC_3549	14	14	14	14	14
LOC_3550	16	16	16	16	16
LOC_3551	27	27	28	29	27
LOC_3552	23	22	22	22	22
LOC_3553	18	18	17	17	18
LOC_3554	29	29	28	32	30
LOC_3555	16	16	16	18	16
LOC_3556	16	16	16	18	16
LOC_3557	24	26	26	25	25
LOC_3558	20	22	18	18	20
LOC_3559	19	19	20	20	20
LOC_3560	18	18	19	20	18
LOC_3561	23	24	25	25	26
LOC_3562	16	17	16	16	16
LOC_3563	16	16	16	16	16
LOC_3564	16	16	16	16	16
LOC_3565	16	17	19	20	16
LOC_3566	16	16	15	17	16
LOC_3567	16	17	17	17	16
LOC_3568	20	20	20	21	20
LOC_3569	27	24	22	24	27
LOC_3570	12	12	12	12	12
LOC_3571	16	16	16	16	16
LOC_3572	20	20	20	20	20
LOC_3573	26	24	24	25	26
LOC_3574	16	16	16	16	16
LOC_3575	16	16	16	16	16
LOC_3576	16	15	15	15	16
LOC_3577	16	17	19	18	16
LOC_3578	28	27	30	31	28
LOC_3579	14	13	14	14	14
LOC_3580	16	16	16	16	16
LOC_3581	26	27	26	26	26
LOC_3582	12	13	10	10	12
LOC_3583	6	7	7	7	7
LOC_3584	28	25	23	25	26
LOC_3585	17	17	18	17	17
LOC_3586	16	16	16	16	16
LOC_3587	26	25	24	25	27
LOC_3588	23	22	22	22	21
LOC_3589	17	16	16	16	17
LOC_3590	20	19	18	18	19
LOC_3591	16	16	14	14	14
LOC_3592	18	18	18	18	18
LOC_3593	16	16	16	17	16
LOC_3594	16	16	16	16	16
LOC_3595	17	18	18	17	17
LOC_3596	21	19	23	21	21
LOC_3597	20	21	20	20	20
LOC_3598	16	15	15	15	15
LOC_3599	21	21	23	22	20
LOC_3600	17	14	14	14	16
LOC_3601	19	19	20	20	19
LOC_3602	16	16	16	16	16
LOC_3603	21	20	22	21	21
LOC_3604	21	21	21	21	21
LOC_3605	23	23	23	24	23
LOC_3606	21	21	21	21	21
LOC_3607	13	15	15	15	15
LOC_3608	25	24	24	26	25
LOC_3609	14	14	14	14	14
LOC_3610	16	18	18	18	16
LOC_3611	16	16	16	16	16
LOC_3612	25	28	28	26	25
LOC_3613	22	23	22	22	22
LOC_3614	16	15	17	16	16
LOC_3615	17	17	17	17	17
LOC_3616	17	17	16	16	17
LOC_3617	22	19	19	20	20
LOC_3618	14	14	14	14	14
LOC_3619	17	18	19	18	18
LOC_3620	24	23	23	22	23
LOC_3621	16	17	15	15	16
LOC_3622	16	16	16	19	16
LOC_3623	15	15	15	15	15
LOC_3624	15	15	16	15	15
LOC_3625	20	22	22	22	20
LOC_3626	16	16	17	18	16
LOC_3627	16	16	16	16	16
LOC_3628	20	21	20	20	20
LOC_3629	20	20	21	20	20
LOC_3630	16	16	16	16	16
LOC_3631	20	23	22	22	20
LOC_3632	16	16	16	16	16
LOC_3633	15	15	15	15	15
LOC_3634	16	16	16	16	16
LOC_3635	20	20	20	21	20
LOC_3636	16	18	18	18	16
LOC_3637	15	15	15	15	15
LOC_3638	18	16	17	17	16
LOC_3639	25	25	25	25	25
LOC_3640	16	16	16	18	16
LOC_3641	9	9	9	9	9
LOC_3642	23	25	24	23	25
LOC_3643	16	17	17	17	16
LOC_3644	21	22	23	24	21
LOC_3645	16	16	16	16	16
LOC_3646	17	13	13	13	15
LOC_3647	21	20	21	21	21
LOC_3648	26	25	27	27	26
LOC_3649	16	18	16	16	16
LOC_3650	19	20	20	20	19
LOC_3651	15	16	16	16	16
LOC_3652	16	17	16	15	16
LOC_3653	32	27	27	28	27
LOC_3654	18	18	16	16	18
LOC_3655	23	23	22	25	23
LOC_3656	15	16	15	15	15
LOC_3657	20	21	22	21	20
LOC_3658	19	19	19	19	19
LOC_3659	15	16	15	16	15
LOC_3660	16	16	16	16	16
LOC_3661	18	18	14	17	17
LOC_3662	27	26	27	25	28
LOC_3663	16	16	16	16	16
LOC_3664	16	16	16	16	16
LOC_3665	15	15	15	15	15
LOC_3666	22	22	24	23	22
LOC_3667	16	15	15	15	15
LOC_3668	24	23	22	23	23
LOC_3669	22	23	19	21	22
LOC_3670	18	18	19	19	18
LOC_3671	15	15	14	15	15
LOC_3672	16	16	16	16	16
LOC_3673	18	19	19	18	18
LOC_3674	22	22	21	21	22
LOC_3675	15	15	13	15	15
LOC_3676	17	17	18	17	17
LOC_3677	14	14	14	14	14
LOC_3678	14	14	14	15	14
LOC_3679	16	15	16	15	15
LOC_3680	18	18	17	19	18
LOC_3681	21	21	20	20	21
LOC_3682	23	21	22	22	22
LOC_3683	24	23	24	24	24
LOC_3684	15	15	15	15	15
LOC_3685	15	14	15	15	15
LOC_3686	16	16	16	16	16
LOC_3687	16	15	15	15	15
LOC_3688	26	27	26	26	28
LOC_3689	22	24	23	25	22
LOC_3690	21	22	22	22	22
LOC_3691	15	15	15	15	15
LOC_3692	15	15	15	15	15
LOC_3693	16	15	15	15	15
LOC_3694	16	15	15	15	16
LOC_3695	15	15	15	15	15
LOC_3696	19	19	19	19	19
LOC_3697	11	11	11	10	11
LOC_3698	15	15	15	17	15
LOC_3699	15	15	15	15	15
LOC_3700	15	15	15	15	15
LOC_3701	17	17	17	17	17
LOC_3702	20	24	23	24	24
LOC_3703	23	23	24	24	24
LOC_3704	21	21	22	22	21
LOC_3705	15	15	17	15	15
LOC_3706	18	16	18	18	18
LOC_3707	15	15	14	14	15
LOC_3708	28	30	26	26	29
LOC_3709	19	19	19	19	19
LOC_3710	16	15	14	15	16
LOC_3711	16	15	12	14	16
LOC_3712	18	18	17	17	18
LOC_3713	26	25	24	25	26
LOC_3714	14	15	14	14	14
LOC_3715	15	16	18	15	14
LOC_3716	15	13	13	13	15
LOC_3717	15	14	15	15	15
LOC_3718	16	15	15	15	15
LOC_3719	15	15	15	15	15
LOC_3720	24	24	24	24	24
LOC_3721	25	25	24	23	24
LOC_3722	19	19	18	18	19
LOC_3723	24	25	24	25	25
LOC_3724	15	15	15	15	15
LOC_3725	15	15	15	15	15
LOC_3726	18	19	19	17	19
LOC_3727	15	15	16	14	15
LOC_3728	28	27	29	28	27
LOC_3729	15	15	15	15	15
LOC_3730	15	15	16	15	15
LOC_3731	14	14	14	14	14
LOC_3732	14	16	16	17	15
LOC_3733	25	27	25	25	24
LOC_3734	21	21	22	22	21
LOC_3735	18	17	17	17	17
LOC_3736	15	15	14	14	15
LOC_3737	23	24	21	23	24
LOC_3738	15	16	16	17	15
LOC_3739	16	13	13	13	15
LOC_3740	15	14	16	16	15
LOC_3741	17	18	17	17	17
LOC_3742	16	15	16	16	16
LOC_3743	18	21	20	20	18
LOC_3744	15	15	15	15	15
LOC_3745	17	18	17	17	17
LOC_3746	16	15	15	15	15
LOC_3747	15	15	15	15	15
LOC_3748	24	24	23	23	24
LOC_3749	14	14	14	14	14
LOC_3750	15	15	15	15	15
LOC_3751	15	15	15	15	15
LOC_3752	15	15	15	15	15
LOC_3753	22	21	22	22	21
LOC_3754	17	15	16	16	17
LOC_3755	29	25	24	24	27
LOC_3756	27	27	25	26	26
LOC_3757	15	14	15	19	14
LOC_3758	15	15	15	14	15
LOC_3759	15	15	17	15	15
LOC_3760	15	15	14	14	15
LOC_3761	15	15	15	15	15
LOC_3762	15	15	13	16	15
LOC_3763	25	25	26	26	25
LOC_3764	15	15	15	15	15
LOC_3765	15	15	15	15	15
LOC_3766	15	16	13	14	15
LOC_3767	20	20	23	20	20
LOC_3768	21	21	20	19	21
LOC_3769	15	15	15	15	15
LOC_3770	15	15	16	16	15
LOC_3771	14	14	14	14	14
LOC_3772	11	11	11	11	11
LOC_3773	15	15	15	15	15
LOC_3774	23	25	25	24	23
LOC_3775	24	24	23	24	25
LOC_3776	15	15	15	15	15
LOC_3777	18	18	18	18	18
LOC_3778	26	26	25	24	27
LOC_3779	21	22	23	22	21
LOC_3780	20	21	20	24	20
LOC_3781	24	24	24	23	24
LOC_3782	21	21	22	22	21
LOC_3783	30	31	34	32	29
LOC_3784	24	24	25	24	24
LOC_3785	13	13	13	13	13
LOC_3786	15	14	15	15	15
LOC_3787	16	16	16	16	16
LOC_3788	14	14	14	14	14
LOC_3789	22	22	22	22	22
LOC_3790	19	19	19	19	19
LOC_3791	15	15	15	15	15
LOC_3792	15	15	15	15	15
LOC_3793	15	15	16	16	15
LOC_3794	17	17	17	17	17
LOC_3795	19	19	19	19	19
LOC_3796	21	21	21	21	21
LOC_3797	15	15	15	16	15
LOC_3798	16	16	15	16	16
LOC_3799	20	20	19	20	20
LOC_3800	18	18	19	19	18
LOC_3801	15	16	16	16	15
LOC_3802	15	15	15	15	15
LOC_3803	19	19	17	16	20
LOC_3804	22	25	23	24	22
LOC_3805	12	12	12	12	12
LOC_3806	15	15	17	16	15
LOC_3807	16	16	16	16	16
LOC_3808	15	15	15	15	15
LOC_3809	21	21	20	21	21
LOC_3810	22	22	22	23	23
LOC_3811	16	16	15	16	16
LOC_3812	15	15	16	16	15
LOC_3813	15	15	15	15	15
LOC_3814	13	17	16	16	14
LOC_3815	25	26	26	26	24
LOC_3816	22	21	21	21	22
LOC_3817	15	15	15	15	15
LOC_3818	15	15	16	15	15
LOC_3819	15	15	15	15	15
LOC_3820	22	21	24	22	21
LOC_3821	14	15	15	15	15
LOC_3822	18	18	18	18	18
LOC_3823	15	14	14	14	15
LOC_3824	15	15	17	17	15
LOC_3825	15	15	15	15	15
LOC_3826	19	19	19	19	19
LOC_3827	17	20	18	18	18
LOC_3828	19	19	19	19	19
LOC_3829	19	19	19	21	19
LOC_3830	21	19	21	22	21
LOC_3831	20	20	20	20	20
LOC_3832	19	19	19	20	19
LOC_3833	16	16	16	16	16
LOC_3834	17	17	18	18	17
LOC_3835	15	15	15	15	15
LOC_3836	19	19	19	19	19
LOC_3837	15	15	15	15	15
LOC_3838	30	28	28	29	30
LOC_3839	15	15	15	15	15
LOC_3840	15	16	16	16	15
LOC_3841	25	22	22	22	25
LOC_3842	15	15	15	15	15
LOC_3843	16	17	17	17	16
LOC_3844	21	20	20	20	21
LOC_3845	14	14	14	14	14
LOC_3846	20	20	20	20	20
LOC_3847	15	15	15	15	15
LOC_3848	22	22	22	22	23
LOC_3849	15	15	14	14	15
LOC_3850	18	19	19	19	19
LOC_3851	15	15	16	15	15
LOC_3852	12	12	12	12	12
LOC_3853	15	15	15	15	15
LOC_3854	14	15	14	14	14
LOC_3855	23	23	23	22	23
LOC_3856	15	15	14	15	15
LOC_3857	21	21	21	21	21
LOC_3858	19	19	19	19	19
LOC_3859	16	16	16	16	16
LOC_3860	15	15	15	15	15
LOC_3861	17	15	18	15	15
LOC_3862	15	16	17	17	15
LOC_3863	21	22	22	22	23
LOC_3864	20	20	20	20	20
LOC_3865	29	27	29	27	27
LOC_3866	24	25	24	26	25
LOC_3867	15	15	12	12	15
LOC_3868	16	15	15	15	15
LOC_3869	17	17	17	17	17
LOC_3870	11	11	11	11	11
LOC_3871	15	15	15	15	15
LOC_3872	26	23	23	25	23
LOC_3873	28	27	26	22	28
LOC_3874	16	15	15	15	15
LOC_3875	15	15	17	15	15
LOC_3876	15	15	15	18	15
LOC_3877	14	14	13	13	14
LOC_3878	23	23	25	23	22
LOC_3879	24	24	26	26	24
LOC_3880	14	15	14	14	14
LOC_3881	23	23	24	23	23
LOC_3882	15	16	15	15	15
LOC_3883	15	14	15	15	15
LOC_3884	23	23	22	23	22
LOC_3885	24	23	23	23	24
LOC_3886	15	15	15	15	15
LOC_3887	15	15	15	15	15
LOC_3888	18	18	18	18	18
LOC_3889	32	33	32	30	33
LOC_3890	15	15	16	16	15
LOC_3891	15	14	14	14	15
LOC_3892	15	15	15	15	15
LOC_3893	20	19	21	20	19
LOC_3894	26	24	26	26	25
LOC_3895	18	18	18	18	18
LOC_3896	23	24	22	23	23
LOC_3897	16	16	16	16	16
LOC_3898	19	19	19	19	19
LOC_3899	15	15	16	16	15
LOC_3900	24	25	24	24	24
LOC_3901	14	14	14	14	14
LOC_3902	16	16	16	16	15
LOC_3903	15	15	15	15	15
LOC_3904	15	12	11	12	15
LOC_3905	27	25	26	26	28
LOC_3906	15	15	15	15	15
LOC_3907	16	15	15	15	16
LOC_3908	21	20	20	19	19
LOC_3909	15	15	15	15	15
LOC_3910	15	16	16	16	16
LOC_3911	16	16	16	15	16
LOC_3912	18	18	18	18	18
LOC_3913	17	17	17	15	17
LOC_3914	14	13	13	13	14
LOC_3915	15	14	14	16	15
LOC_3916	15	15	15	15	15
LOC_3917	21	23	22	22	24
LOC_3918	23	21	21	21	21
LOC_3919	22	22	23	23	22
LOC_3920	23	24	24	22	24
LOC_3921	21	21	22	22	21
LOC_3922	15	17	17	17	15
LOC_3923	18	17	17	17	17
LOC_3924	18	18	17	18	18
LOC_3925	17	19	17	18	17
LOC_3926	17	17	17	17	17
LOC_3927	15	15	15	15	15
LOC_3928	15	15	15	15	15
LOC_3929	16	16	16	16	16
LOC_3930	15	16	16	16	15
LOC_3931	22	21	21	21	21
LOC_3932	20	20	22	22	20
LOC_3933	27	26	27	28	27
LOC_3934	25	23	25	24	23
LOC_3935	30	29	30	30	29
LOC_3936	16	16	16	16	16
LOC_3937	17	17	17	17	17
LOC_3938	25	22	22	22	25
LOC_3939	18	17	17	17	17
LOC_3940	15	15	16	15	15
LOC_3941	14	14	14	14	14
LOC_3942	15	18	16	17	15
LOC_3943	15	15	15	15	15
LOC_3944	25	24	24	24	25
LOC_3945	20	23	23	23	23
LOC_3946	21	22	21	23	22
LOC_3947	16	15	15	16	16
LOC_3948	18	20	18	18	18
LOC_3949	24	25	26	22	24
LOC_3950	22	22	23	23	22
LOC_3951	15	15	15	15	15
LOC_3952	18	18	17	18	18
LOC_3953	15	16	16	16	15
LOC_3954	14	14	14	14	15
LOC_3955	15	15	15	15	15
LOC_3956	23	23	23	23	23
LOC_3957	22	21	20	21	21
LOC_3958	24	23	24	23	23
LOC_3959	17	17	22	18	17
LOC_3960	15	15	15	15	15
LOC_3961	17	17	17	17	17
LOC_3962	15	15	15	15	15
LOC_3963	15	15	15	15	15
LOC_3964	18	19	19	19	19
LOC_3965	23	23	23	23	23
LOC_3966	15	15	15	15	15
LOC_3967	20	18	19	19	19
LOC_3968	15	15	15	15	15
LOC_3969	15	15	15	15	15
LOC_3970	17	17	17	17	17
LOC_3971	27	24	27	25	27
LOC_3972	15	15	15	15	15
LOC_3973	19	18	21	21	18
LOC_3974	19	22	21	21	20
LOC_3975	15	15	15	16	15
LOC_3976	15	15	15	15	15
LOC_3977	15	16	16	16	15
LOC_3978	16	13	13	13	15
LOC_3979	21	21	21	22	21
LOC_3980	19	19	18	20	17
LOC_3981	15	17	15	15	15
LOC_3982	20	20	21	20	20
LOC_3983	20	21	21	21	21
LOC_3984	15	15	15	14	15
LOC_3985	15	15	15	15	15
LOC_3986	25	28	27	26	26
LOC_3987	15	14	14	14	15
LOC_3988	15	15	15	15	15
LOC_3989	28	27	31	31	28
LOC_3990	15	15	14	13	15
LOC_3991	14	17	17	18	17
LOC_3992	32	33	30	30	31
LOC_3993	19	19	21	15	19
LOC_3994	15	15	15	13	15
LOC_3995	15	15	15	15	15
LOC_3996	15	15	15	15	15
LOC_3997	15	15	13	14	15
LOC_3998	15	13	11	13	14
LOC_3999	15	16	16	16	15
LOC_4000	24	24	22	22	24
LOC_4001	15	15	16	16	15
LOC_4002	15	15	15	15	15
LOC_4003	18	20	20	20	20
LOC_4004	17	16	18	19	17
LOC_4005	14	14	14	14	14
LOC_4006	15	12	15	15	15
LOC_4007	19	18	19	19	19
LOC_4008	15	15	15	12	15
LOC_4009	20	20	20	20	20
LOC_4010	15	15	15	14	15
LOC_4011	12	12	12	12	12
LOC_4012	15	15	15	15	15
LOC_4013	26	25	26	29	25
LOC_4014	15	16	16	16	15
LOC_4015	12	13	13	13	12
LOC_4016	15	15	15	16	15
LOC_4017	20	20	20	20	20
LOC_4018	15	15	15	15	15
LOC_4019	22	22	22	22	22
LOC_4020	15	15	15	16	15
LOC_4021	20	20	20	19	20
LOC_4022	20	20	20	21	20
LOC_4023	18	18	17	18	18
LOC_4024	15	14	14	15	14
LOC_4025	26	29	24	22	26
LOC_4026	19	20	20	17	19
LOC_4027	15	15	15	15	15
LOC_4028	24	24	23	23	24
LOC_4029	18	17	19	19	18
LOC_4030	17	18	19	17	17
LOC_4031	19	20	21	20	20
LOC_4032	16	16	16	16	16
LOC_4033	15	15	15	15	15
LOC_4034	25	23	23	23	23
LOC_4035	15	16	19	19	15
LOC_4036	16	16	16	16	16
LOC_4037	18	18	18	18	18
LOC_4038	19	21	20	20	19
LOC_4039	16	18	17	17	16
LOC_4040	26	27	28	27	27
LOC_4041	23	23	23	23	23
LOC_4042	20	20	20	20	20
LOC_4043	15	15	15	15	15
LOC_4044	15	17	15	15	15
LOC_4045	24	24	22	22	24
LOC_4046	22	22	23	23	22
LOC_4047	15	16	16	16	15
LOC_4048	16	16	16	16	16
LOC_4049	15	15	15	15	15
LOC_4050	15	15	15	15	15
LOC_4051	22	21	22	23	22
LOC_4052	18	17	17	17	17
LOC_4053	15	15	17	17	15
LOC_4054	14	14	14	14	14
LOC_4055	26	25	26	26	26
LOC_4056	22	21	20	21	21
LOC_4057	21	21	21	21	21
LOC_4058	19	19	19	19	19
LOC_4059	15	15	15	15	15
LOC_4060	16	15	15	15	15
LOC_4061	22	22	23	22	22
LOC_4062	18	18	18	18	19
LOC_4063	22	22	24	24	22
LOC_4064	20	19	19	19	20
LOC_4065	21	19	18	19	20
LOC_4066	14	14	14	14	14
LOC_4067	14	14	12	14	14
LOC_4068	21	20	20	21	21
LOC_4069	16	21	22	22	16
LOC_4070	16	15	15	15	15
LOC_4071	14	14	14	14	14
LOC_4072	14	15	14	13	14
LOC_4073	14	14	15	15	14
LOC_4074	17	17	16	18	17
LOC_4075	14	14	14	14	14
LOC_4076	18	17	21	18	18
LOC_4077	23	22	23	23	23
LOC_4078	14	14	14	14	14
LOC_4079	15	14	14	14	14
LOC_4080	23	23	23	22	23
LOC_4081	22	22	21	25	22
LOC_4082	16	18	16	16	14
LOC_4083	17	16	19	19	17
LOC_4084	14	15	14	15	14
LOC_4085	14	14	14	14	14
LOC_4086	18	18	18	18	18
LOC_4087	27	26	27	27	26
LOC_4088	14	14	14	14	14
LOC_4089	19	18	19	19	19
LOC_4090	15	15	15	15	15
LOC_4091	13	14	16	15	14
LOC_4092	9	9	9	9	9
LOC_4093	16	14	13	13	16
LOC_4094	20	20	20	20	20
LOC_4095	29	29	27	28	28
LOC_4096	14	13	13	14	14
