names	Run1_C_7	Run1_C_12	Run1_C_15	Run1_C_19	Run1_C_20	Run1_C_21	Run1_C_22	Run1_C_23	Run1_C_26	Run1_C_28	Run1_C_29	Run1_C_30	Run1_C_32	Run1_C_34	Run1_C_35	Run1_C_38	Run1_C_39	Run1_C_40	Run1_C_41	Run1_C_42	Run1_C_43	Run1_C_44	Run1_C_45	root
LOC_1	19	20	20	19	18	18	20	20	18	19	19	19	19	19	19	20	19	19	19	18	18	19	20	19
LOC_2	21	20	23	20	20	21	21	20	20	20	21	22	22	21	21	23	22	19	19	19	19	22	20	20
LOC_3	7	8	7	7	7	7	8	8	7	7	7	7	7	7	7	7	7	7	7	7	7	7	7	7
LOC_4	7	7	7	7	7	7	8	8	7	7	7	7	7	7	7	7	7	7	7	7	7	7	7	7
LOC_5	7	8	8	8	8	8	8	8	7	7	8	10	10	7	7	10	10	8	8	10	10	8	8	7
LOC_6	16	18	17	18	17	16	17	17	17	17	17	20	16	16	16	17	17	17	17	17	17	17	17	16
LOC_7	13	13	13	13	13	14	14	13	12	13	13	14	14	13	13	14	14	14	14	15	15	13	13	13
LOC_8	22	22	21	23	23	23	23	23	21	21	22	22	24	22	22	23	26	21	20	20	22	21	21	22
LOC_9	15	15	15	15	15	15	15	16	15	15	15	15	15	15	15	15	15	16	16	15	15	15	15	15
LOC_10	18	17	17	16	16	16	16	16	17	17	17	16	16	17	18	16	16	15	17	17	16	16	16	17
LOC_11	21	21	22	22	23	22	23	22	21	20	19	22	23	21	21	25	24	24	24	21	23	22	21	23
LOC_12	20	17	17	17	17	18	19	19	23	24	24	17	17	19	18	17	17	15	17	17	17	17	17	17
LOC_13	17	17	17	17	17	17	17	17	18	20	19	17	17	20	20	17	17	18	22	17	17	18	14	17
LOC_14	18	18	20	18	18	18	19	20	18	18	18	20	20	18	18	19	19	18	18	20	20	18	18	18
LOC_15	28	26	29	27	23	24	25	26	28	26	27	29	23	30	30	27	25	25	25	26	27	24	24	27
LOC_16	14	14	14	13	13	13	14	14	12	12	12	15	15	16	14	17	16	12	12	14	14	13	13	14
LOC_17	15	16	16	16	16	17	16	16	15	15	15	16	16	14	15	16	16	16	16	16	16	16	16	15
LOC_18	23	24	24	23	26	26	27	26	24	24	24	23	24	23	24	23	23	25	25	23	24	24	25	23
LOC_19	24	22	22	21	22	22	22	22	24	22	24	20	21	23	24	20	20	22	21	21	21	22	22	22
LOC_20	15	18	19	18	18	18	16	18	14	14	14	19	19	15	15	19	19	18	19	19	19	18	18	15
LOC_21	13	13	13	12	11	12	13	11	13	17	13	15	13	13	13	10	10	13	13	13	13	13	13	13
LOC_22	20	20	20	20	20	20	22	22	21	20	20	20	20	22	22	21	20	20	20	20	18	20	20	21
LOC_23	16	16	16	17	17	17	16	15	19	15	16	17	17	16	15	16	16	16	16	16	16	16	16	16
LOC_24	20	23	21	23	25	23	22	23	23	24	25	23	21	25	23	21	21	22	24	22	22	22	21	23
LOC_25	23	22	25	27	25	24	22	22	22	22	22	26	26	24	22	27	27	26	26	28	26	26	25	22
LOC_26	16	15	15	15	15	16	15	15	16	16	16	15	16	16	19	17	16	16	17	15	15	16	16	15
LOC_27	16	18	17	17	17	18	19	19	18	19	18	16	16	16	16	16	16	15	17	16	16	14	14	17
LOC_28	21	21	25	25	25	25	21	22	21	20	21	21	21	24	21	20	21	25	25	20	21	24	24	21
LOC_29	26	27	25	24	24	25	26	26	24	23	24	25	26	26	26	26	26	25	25	25	25	21	25	25
LOC_30	19	19	19	19	19	18	16	16	19	19	19	19	19	19	19	18	19	19	19	19	19	19	19	19
LOC_31	23	25	32	30	26	24	25	25	26	26	30	30	27	23	25	29	29	27	29	28	27	26	27	26
LOC_32	20	20	20	21	20	20	20	20	20	19	21	20	21	21	20	20	20	17	19	20	20	19	19	20
LOC_33	15	15	13	14	14	14	14	14	16	16	16	15	13	15	15	13	13	14	14	13	13	14	14	15
LOC_34	14	14	14	13	13	13	15	14	14	15	15	14	14	14	14	14	16	15	15	15	15	14	14	14
LOC_35	19	20	18	17	17	17	20	21	18	18	18	18	18	19	19	19	18	16	17	18	18	17	17	19
LOC_36	20	23	22	22	21	26	23	23	22	20	18	22	23	20	21	22	22	22	22	22	23	22	22	20
LOC_37	22	20	20	21	21	21	21	20	23	24	23	18	23	19	23	19	21	25	25	19	19	23	23	21
LOC_38	16	17	16	16	16	15	17	17	16	16	16	16	15	18	19	14	15	14	14	16	16	16	16	16
LOC_39	19	19	19	20	21	20	19	18	20	20	20	19	19	19	20	20	19	19	18	19	19	18	19	20
LOC_40	13	14	14	14	14	14	14	14	14	16	16	14	13	12	12	14	15	14	14	14	15	14	14	14
LOC_41	21	21	20	21	19	20	21	20	23	20	24	20	21	20	21	21	21	20	21	20	20	21	21	21
LOC_42	19	20	19	19	19	19	20	21	20	17	18	19	19	23	18	20	21	20	20	19	19	22	21	21
LOC_43	18	18	18	18	18	18	18	18	16	17	18	20	18	19	18	18	18	17	16	18	21	16	17	18
LOC_44	18	18	18	18	18	18	18	18	19	19	19	18	18	17	17	18	18	18	18	17	18	18	18	18
LOC_45	18	17	18	18	16	16	18	18	18	15	18	18	19	19	18	18	18	18	18	18	19	18	18	18
LOC_46	20	20	20	20	20	21	20	20	21	20	22	22	22	20	19	22	22	20	22	20	20	19	20	20
LOC_47	15	19	15	15	15	15	20	20	15	15	15	15	14	15	15	14	14	17	17	15	15	16	17	15
LOC_48	18	16	17	17	18	18	16	16	19	18	19	17	17	20	22	17	18	18	17	18	17	17	17	17
LOC_49	15	16	16	16	16	16	16	16	14	17	18	16	16	15	16	16	16	16	16	16	16	16	16	15
LOC_50	17	19	16	16	15	16	17	17	16	16	16	17	16	16	18	16	16	17	17	16	16	16	18	16
LOC_51	23	19	20	22	22	22	19	19	22	21	21	20	20	22	22	20	20	22	22	20	20	20	19	20
LOC_52	19	20	17	19	20	19	20	20	20	20	20	20	18	19	20	17	17	19	19	16	17	20	20	19
LOC_53	24	24	23	26	25	26	22	24	23	23	23	22	22	24	23	22	22	24	23	23	23	24	24	23
LOC_54	21	20	20	21	19	20	20	20	20	21	20	19	19	21	21	19	19	19	20	21	21	23	21	20
LOC_55	20	22	19	19	20	20	22	21	20	19	20	19	19	20	20	21	21	20	20	19	19	21	20	20
LOC_56	20	18	18	19	19	19	19	19	20	20	20	17	17	20	20	17	17	19	20	17	17	19	19	19
LOC_57	23	21	24	24	26	22	20	20	22	23	23	23	22	23	23	22	22	25	25	22	22	25	26	23
LOC_58	20	21	20	19	19	19	19	22	21	19	19	22	24	20	20	22	23	21	23	20	20	20	20	21
LOC_59	9	9	10	10	10	10	9	9	9	9	9	10	10	9	9	10	10	10	10	10	10	10	10	9
LOC_60	19	22	17	22	20	20	20	20	20	20	21	19	19	17	16	19	20	21	23	22	19	19	19	20
LOC_61	25	29	25	25	25	25	25	26	24	24	24	24	23	24	22	23	23	25	24	24	25	26	26	24
LOC_62	18	19	18	18	18	18	18	19	20	21	21	20	22	19	19	21	21	16	17	20	21	18	18	18
LOC_63	17	17	19	19	19	18	17	17	17	17	17	19	19	17	18	18	19	19	19	20	21	20	19	17
LOC_64	16	16	14	18	17	17	19	16	18	17	17	14	14	17	17	14	14	18	19	18	14	18	18	17
LOC_65	19	16	16	17	17	17	16	16	18	18	18	16	16	18	18	17	17	18	17	16	16	17	17	17
LOC_66	21	21	20	24	23	23	20	20	21	20	21	20	20	19	20	19	19	22	22	19	20	21	21	21
LOC_67	20	23	22	21	19	19	22	21	21	22	22	23	21	25	23	22	22	21	21	23	22	21	21	22
LOC_68	16	17	17	18	16	16	17	17	15	16	16	16	17	16	16	17	17	17	16	18	18	16	18	16
LOC_69	22	21	25	26	24	24	18	23	23	25	23	21	23	22	22	21	21	24	24	25	23	21	21	21
LOC_70	27	24	27	27	26	29	24	24	21	22	22	23	28	24	29	25	24	26	26	28	27	27	26	23
LOC_71	17	16	15	16	16	16	16	16	17	17	17	20	16	17	17	16	15	15	16	16	16	16	16	16
LOC_72	20	20	20	20	19	20	20	20	20	20	20	21	19	20	20	19	20	20	20	21	20	24	24	20
LOC_73	18	18	22	20	20	20	19	19	19	19	19	20	20	18	18	18	19	21	20	20	20	21	21	19
LOC_74	20	23	24	21	22	23	22	22	21	21	21	24	23	20	20	23	23	22	22	27	26	22	22	22
LOC_75	24	23	25	26	26	27	22	23	23	22	24	25	22	24	24	21	22	26	27	27	25	27	28	23
LOC_76	20	22	21	21	21	21	22	22	22	22	22	22	22	23	22	22	22	20	20	20	21	20	20	21
LOC_77	15	14	15	15	15	15	14	14	14	13	14	15	15	15	15	15	15	15	15	15	13	14	14	14
LOC_78	23	24	23	23	24	24	22	23	21	21	20	25	23	22	22	25	22	25	24	23	24	24	23	22
LOC_79	16	16	15	14	16	14	16	15	16	15	15	15	12	16	16	16	15	14	14	14	15	14	14	15
LOC_80	25	24	24	22	23	23	24	24	24	24	23	25	26	25	26	25	27	23	24	25	25	22	22	24
LOC_81	16	16	14	17	16	16	16	17	16	16	16	15	14	16	16	15	15	15	15	15	15	16	16	16
LOC_82	20	20	19	19	20	20	20	20	19	20	22	19	19	19	19	19	19	20	21	19	19	20	20	20
LOC_83	18	19	18	18	19	19	18	19	18	18	18	16	17	18	19	17	16	18	18	15	15	17	18	18
LOC_84	17	16	16	17	18	19	16	16	14	17	16	16	16	17	17	16	16	16	16	16	16	18	16	16
LOC_85	21	21	21	20	19	19	21	21	21	22	21	21	21	21	21	22	21	21	22	20	20	23	20	21
LOC_86	16	16	17	17	17	16	16	16	16	17	16	16	17	16	16	17	19	17	17	17	17	17	17	16
LOC_87	21	22	24	25	23	23	24	24	21	21	21	25	24	20	20	23	21	20	21	25	26	23	23	20
LOC_88	21	23	22	22	22	23	19	18	18	18	19	22	22	23	20	22	22	21	21	23	23	23	22	22
LOC_89	27	27	26	31	30	30	28	27	25	27	27	29	29	27	27	27	28	32	32	28	27	31	34	26
LOC_90	20	22	18	20	20	19	20	20	20	21	20	21	21	20	20	23	21	21	24	20	22	22	22	20
LOC_91	15	17	17	19	19	18	16	17	16	16	16	17	17	15	15	17	17	18	18	17	18	18	18	17
LOC_92	20	17	17	19	18	19	19	19	22	20	20	18	16	20	20	17	17	18	18	18	17	17	17	19
LOC_93	11	12	12	10	10	10	12	12	11	11	11	12	12	11	11	12	12	10	10	12	12	10	10	12
LOC_94	15	15	15	17	16	16	17	16	15	17	17	16	16	15	15	14	14	15	15	15	15	15	15	15
LOC_95	13	13	13	12	13	13	13	13	13	13	14	13	14	13	14	14	14	12	12	13	13	12	12	13
LOC_96	19	21	21	20	19	20	22	21	20	20	20	19	19	21	19	20	20	21	21	21	20	21	21	20
LOC_97	20	23	24	25	25	25	22	21	22	24	17	25	25	22	20	24	25	26	28	23	22	25	25	20
LOC_98	16	16	15	14	15	16	16	16	15	13	14	15	16	18	18	16	16	13	14	15	15	14	14	15
LOC_99	16	16	15	12	16	17	17	16	16	16	16	15	15	16	16	15	15	18	18	15	15	18	18	16
LOC_100	14	14	14	14	14	14	15	16	16	14	14	14	14	14	14	14	14	14	14	14	16	14	14	14
LOC_101	20	21	24	20	21	22	23	23	22	22	22	28	23	25	23	25	25	21	21	25	24	24	22	21
LOC_102	19	19	18	19	19	19	19	19	24	23	23	17	18	19	18	17	18	19	19	18	17	18	18	19
LOC_103	16	16	13	12	12	12	16	16	17	15	15	13	12	16	16	12	12	13	13	12	12	13	13	14
LOC_104	21	21	21	21	21	20	23	22	22	23	21	21	21	21	20	20	20	21	21	21	20	21	21	21
LOC_105	17	18	19	18	19	19	18	18	17	17	15	18	19	17	17	19	19	18	17	18	18	21	21	16
LOC_106	26	29	25	28	26	27	26	29	30	32	30	27	26	28	28	24	25	29	29	28	26	29	30	28
LOC_107	15	15	15	15	15	15	15	15	15	14	14	15	15	15	15	15	15	15	15	15	15	15	15	15
LOC_108	22	23	22	23	22	23	23	23	24	21	22	23	23	22	19	23	22	22	21	24	23	22	23	23
LOC_109	14	15	16	12	13	13	15	15	14	15	15	16	16	14	14	15	15	13	13	17	17	13	13	14
LOC_110	16	16	14	16	15	15	16	16	16	13	16	14	14	18	16	14	14	15	15	14	14	15	15	16
LOC_111	14	15	15	15	16	16	16	15	14	15	16	15	14	14	14	15	16	17	17	15	15	16	17	15
LOC_112	21	25	25	23	24	24	25	25	21	21	21	25	24	24	20	25	24	23	24	26	25	25	24	21
LOC_113	14	14	14	14	15	14	14	14	14	14	14	14	14	14	15	14	15	13	14	14	14	14	14	14
LOC_114	17	17	19	18	18	17	17	17	17	17	17	18	18	17	18	17	18	18	19	18	18	19	19	17
LOC_115	14	14	15	15	16	15	14	14	14	15	16	16	16	14	14	15	15	15	14	16	16	14	15	14
LOC_116	14	17	14	14	14	14	16	16	14	14	13	15	14	14	14	14	14	15	15	14	14	15	15	14
LOC_117	19	19	19	19	22	21	19	19	19	19	19	20	19	19	20	18	20	19	19	19	19	18	19	19
LOC_118	16	18	16	16	17	16	16	16	16	16	16	16	14	16	16	16	16	16	16	16	16	16	17	16
LOC_119	23	22	23	26	25	25	24	25	22	23	23	23	22	25	22	22	21	28	29	21	21	26	27	23
LOC_120	18	18	18	21	22	22	18	19	18	18	18	19	19	18	18	18	18	19	21	18	18	21	20	18
LOC_121	18	18	18	18	17	18	18	18	18	18	18	18	18	19	18	17	17	22	18	19	18	18	18	18
LOC_122	21	20	19	18	19	19	20	20	21	21	21	19	18	21	21	18	18	19	20	20	19	19	19	19
LOC_123	22	24	25	25	24	24	25	24	25	25	25	24	25	26	25	25	24	24	24	26	27	25	24	24
LOC_124	21	24	23	25	25	25	25	24	25	22	22	25	28	22	22	24	24	23	24	25	24	24	25	22
LOC_125	23	27	28	27	26	27	26	26	25	26	26	28	28	22	21	30	27	26	27	27	29	27	26	27
LOC_126	13	14	14	14	13	14	14	15	13	13	13	12	14	13	13	13	13	10	12	13	15	12	14	14
LOC_127	24	23	22	21	17	17	23	24	25	21	23	21	20	25	23	20	20	21	21	20	20	21	21	22
LOC_128	22	20	24	22	24	24	20	20	22	23	23	24	23	23	22	23	24	23	22	24	22	23	25	20
