names	Run1_C_10	Run1_C_12	Run1_C_19	Run1_C_20	Run1_C_21	Run1_C_22	Run1_C_24	Run1_C_27	Run1_C_29	Run1_C_30	Run1_C_31	Run1_C_33	Run1_C_34	Run1_C_35	Run1_C_36	Run1_C_37	Run1_C_39	Run1_C_40	Run1_C_41	Run1_C_42	Run1_C_43	Run1_C_44	Run1_C_45	root
LOC_1	20	20	22	20	20	20	22	19	22	22	22	23	20	20	19	18	19	19	19	23	23	19	19	19
LOC_2	20	20	20	18	18	18	18	20	20	19	19	20	18	18	20	20	18	21	20	22	22	19	19	20
LOC_3	7	7	7	7	7	7	7	8	7	7	7	7	7	7	7	7	7	7	7	7	7	7	7	7
LOC_4	8	8	8	8	8	10	8	7	8	8	8	8	9	11	7	7	7	7	7	8	8	7	7	7
LOC_5	8	8	8	10	8	8	10	7	8	9	9	9	8	8	7	7	8	7	7	9	9	8	8	7
LOC_6	16	16	16	17	18	16	16	16	16	16	16	16	13	16	16	16	17	16	15	17	17	16	18	16
LOC_7	13	13	16	13	13	14	14	13	13	15	14	13	14	14	13	13	13	13	13	14	14	14	14	13
LOC_8	27	28	26	29	27	28	26	24	23	26	25	24	27	29	23	23	26	22	22	23	23	27	27	22
LOC_9	16	16	17	16	16	16	18	15	16	17	17	16	16	16	15	15	15	15	16	18	16	14	14	15
LOC_10	18	17	17	16	16	16	17	17	17	17	17	17	16	16	17	17	17	15	15	17	17	16	17	17
LOC_11	23	22	22	22	22	25	22	22	20	21	20	20	24	26	23	25	24	21	21	20	21	22	23	23
LOC_12	21	19	19	21	20	20	18	16	20	17	17	22	23	22	17	17	20	15	15	21	23	19	20	17
LOC_13	17	17	18	17	18	18	17	17	17	16	16	19	18	21	22	17	18	17	17	19	20	18	19	17
LOC_14	18	18	18	17	17	18	18	21	18	20	20	20	18	20	19	18	18	21	21	21	21	18	18	18
LOC_15	26	28	30	26	27	25	30	26	29	28	27	30	24	24	27	27	27	28	30	29	25	28	27	27
LOC_16	14	14	14	14	14	14	17	14	14	16	16	14	14	14	14	14	14	14	14	14	15	14	14	14
LOC_17	15	15	14	15	14	15	14	14	15	14	14	16	15	15	16	16	16	14	14	13	13	15	15	15
LOC_18	24	23	23	23	22	24	23	24	22	22	23	23	22	22	25	25	24	25	25	23	23	23	24	23
LOC_19	27	21	25	22	23	21	24	22	23	20	23	20	20	22	22	25	22	21	22	24	24	23	23	22
LOC_20	17	17	17	17	17	17	17	17	17	15	17	17	16	18	17	16	17	18	18	17	17	17	17	15
LOC_21	13	13	13	13	13	13	13	12	13	13	13	13	13	13	12	12	13	13	14	14	14	13	13	13
LOC_22	20	18	21	18	18	18	21	21	23	23	23	20	18	18	21	21	21	21	21	19	20	22	19	21
LOC_23	16	16	16	16	18	16	16	16	16	16	16	16	16	16	16	16	16	17	16	16	16	16	17	16
LOC_24	21	21	22	22	22	22	23	23	22	23	23	22	23	22	23	23	23	24	24	22	22	22	22	23
LOC_25	21	21	22	21	21	20	23	20	22	20	20	21	20	20	22	22	22	20	23	21	21	22	22	22
LOC_26	15	15	15	15	15	15	15	15	15	18	17	15	15	15	15	15	15	15	15	15	17	17	20	15
LOC_27	17	17	17	17	18	17	17	17	17	16	17	17	17	17	17	17	17	17	17	17	17	16	17	17
LOC_28	22	21	22	22	21	21	23	22	23	24	24	23	22	22	22	21	23	22	22	24	24	24	24	21
LOC_29	28	28	25	28	28	28	24	25	26	23	22	24	25	26	26	24	28	25	25	24	25	24	26	25
LOC_30	20	19	20	19	19	19	20	19	22	20	21	24	19	19	20	20	19	20	19	24	26	19	20	19
LOC_31	24	26	25	25	24	25	24	24	21	29	28	25	24	24	27	26	24	27	26	25	24	24	24	26
LOC_32	20	20	20	20	21	21	20	20	21	20	20	20	21	21	20	20	20	20	24	21	21	21	21	20
LOC_33	15	15	13	17	17	15	14	18	15	13	13	15	15	15	15	15	15	18	18	14	15	16	16	15
LOC_34	15	15	15	15	15	15	15	14	16	13	14	15	14	16	12	12	17	15	14	15	14	17	17	14
LOC_35	19	19	21	19	19	19	21	19	19	21	19	19	19	19	19	19	19	19	20	19	22	19	19	19
LOC_36	21	23	19	20	22	22	20	22	20	21	21	20	23	25	20	20	20	22	21	20	20	20	20	20
LOC_37	21	21	21	22	22	24	21	24	21	21	21	23	23	23	21	22	21	24	24	21	21	21	20	21
LOC_38	16	16	16	15	15	14	16	16	16	16	16	16	16	16	16	16	16	16	15	16	16	16	16	16
LOC_39	20	20	21	20	20	20	19	19	20	18	18	20	21	20	20	20	20	19	21	20	20	21	21	20
LOC_40	14	14	14	14	13	15	14	14	14	14	14	14	14	14	14	14	13	15	14	14	14	13	13	14
LOC_41	23	23	22	24	25	26	22	22	23	20	22	23	23	24	21	23	24	22	22	26	23	24	23	21
LOC_42	19	19	19	16	20	20	19	20	20	18	17	20	19	19	20	22	18	20	20	20	20	19	17	21
LOC_43	20	20	19	19	19	22	19	18	21	19	21	22	23	20	22	18	17	18	17	20	22	18	18	18
LOC_44	19	21	19	21	19	19	20	18	19	24	21	19	20	19	18	19	18	18	18	21	19	20	19	18
LOC_45	18	18	18	18	18	18	17	18	18	18	18	19	18	18	18	18	21	18	18	18	18	21	21	18
LOC_46	20	23	19	20	20	22	20	20	20	20	20	19	22	24	20	20	20	20	19	19	19	20	20	20
LOC_47	16	15	15	15	15	17	15	15	15	15	15	15	17	17	15	15	16	15	15	15	15	16	16	15
LOC_48	17	17	15	21	21	17	15	17	15	15	15	15	17	17	17	17	17	17	17	14	15	14	17	17
LOC_49	15	16	16	16	16	15	16	15	14	15	15	14	15	15	15	15	15	15	16	14	14	15	13	15
LOC_50	16	16	16	16	16	16	17	19	17	17	18	17	15	16	16	16	16	20	19	17	17	16	16	16
LOC_51	18	18	18	22	22	21	15	19	17	16	16	17	23	24	20	19	18	20	19	17	16	18	18	20
LOC_52	19	20	19	20	20	19	21	21	19	21	23	19	19	19	19	20	19	23	22	19	20	19	17	19
LOC_53	22	23	22	22	22	21	20	23	22	22	22	20	20	20	23	22	24	26	24	22	21	24	25	23
LOC_54	20	19	21	19	19	19	20	18	20	20	20	19	18	18	20	20	20	22	22	20	20	20	20	20
LOC_55	19	19	20	18	18	18	19	20	19	19	19	19	18	19	22	23	18	24	20	19	19	19	19	20
LOC_56	22	21	21	23	23	20	21	19	22	21	21	21	20	20	19	19	21	21	20	21	21	21	22	19
LOC_57	24	22	25	23	23	24	24	23	27	23	23	26	25	25	26	22	23	22	21	24	24	25	24	23
LOC_58	21	20	20	20	20	21	21	20	20	20	20	21	20	20	21	21	21	19	19	19	17	18	18	21
LOC_59	9	9	9	9	9	9	9	9	9	11	9	9	9	9	9	9	9	9	9	9	10	9	9	9
LOC_60	20	21	20	20	20	20	20	20	21	20	21	21	20	20	20	20	21	20	20	23	23	20	21	20
LOC_61	25	25	26	25	26	25	26	24	23	25	26	23	26	25	24	24	25	21	21	23	24	24	25	24
LOC_62	18	18	16	19	20	19	16	18	16	16	16	15	19	18	18	18	18	18	17	16	16	19	20	18
LOC_63	17	16	16	16	16	17	17	17	16	16	16	16	16	16	19	18	17	17	17	16	16	18	17	17
LOC_64	17	17	17	17	17	17	17	17	20	17	18	17	18	17	17	17	18	12	16	16	16	18	18	17
LOC_65	18	18	16	18	16	17	16	16	20	16	16	19	19	19	17	17	17	15	17	18	19	17	17	17
LOC_66	21	21	22	22	21	22	21	21	24	21	21	23	22	22	21	21	21	21	22	24	24	20	20	21
LOC_67	20	20	22	20	20	20	22	23	20	23	23	20	22	22	22	22	20	22	22	20	20	20	20	22
LOC_68	17	18	16	16	15	16	16	16	16	16	16	17	16	16	16	16	16	17	17	17	17	16	16	16
LOC_69	20	20	21	26	22	21	21	19	21	21	21	20	21	21	21	21	21	19	19	21	21	21	21	21
LOC_70	27	24	26	25	24	25	26	26	23	27	25	23	26	25	23	23	22	28	28	23	23	22	22	23
LOC_71	16	16	18	16	16	16	18	16	19	18	18	19	17	17	16	16	17	16	16	19	19	16	16	16
LOC_72	22	22	18	22	21	22	21	20	20	20	22	20	21	21	20	20	21	19	19	21	20	20	18	20
LOC_73	19	18	18	18	17	20	18	17	19	17	18	19	20	20	19	19	18	18	16	19	19	18	18	19
LOC_74	23	24	24	24	26	26	21	27	23	24	25	25	25	26	22	22	25	25	25	24	24	27	26	22
LOC_75	25	24	24	24	25	23	26	26	24	25	25	23	23	23	25	23	24	26	26	25	24	24	25	23
LOC_76	22	22	22	22	22	25	22	21	21	22	23	23	23	22	21	20	22	20	21	26	24	22	22	21
LOC_77	15	14	14	15	15	15	14	13	13	14	14	14	17	16	13	14	14	14	14	14	14	14	14	14
LOC_78	20	18	18	19	17	16	18	21	18	16	17	18	19	19	22	23	18	21	21	17	17	18	19	22
LOC_79	15	15	15	14	15	16	15	15	15	15	15	15	15	15	15	15	15	15	15	16	15	15	15	15
LOC_80	24	25	24	22	22	23	24	24	24	24	23	23	23	23	24	25	25	24	26	22	23	29	26	24
LOC_81	16	18	16	16	16	16	16	15	16	16	16	16	17	17	16	16	16	15	15	10	15	16	16	16
LOC_82	20	21	20	22	22	21	22	19	20	24	22	20	21	21	18	18	20	19	17	18	18	22	22	20
LOC_83	16	17	19	19	16	18	19	19	19	19	20	20	20	19	18	18	18	18	18	20	19	18	18	18
LOC_84	16	16	17	15	15	13	17	16	14	17	17	14	13	13	16	16	16	16	16	14	13	16	16	16
LOC_85	20	20	20	18	18	17	20	21	21	20	21	21	17	17	21	21	25	20	21	20	20	29	25	21
LOC_86	16	16	17	17	17	17	18	13	17	19	18	16	17	17	15	15	16	14	14	18	19	15	15	16
LOC_87	21	21	22	21	21	21	23	19	20	23	21	20	21	21	21	21	22	20	20	18	18	21	21	20
LOC_88	21	20	20	23	23	21	21	22	20	21	21	20	21	21	23	22	21	22	22	20	20	23	21	22
LOC_89	26	25	28	25	26	27	25	27	23	25	25	25	25	28	25	27	23	27	27	24	24	27	30	26
LOC_90	21	24	24	24	24	26	26	20	23	25	24	22	24	26	20	20	20	20	19	25	22	20	20	20
LOC_91	17	17	16	17	17	17	17	16	16	17	17	16	17	17	17	17	17	17	17	16	16	17	17	17
LOC_92	19	18	20	19	19	19	19	19	19	18	19	20	19	19	21	19	19	19	19	19	19	19	19	19
LOC_93	13	13	13	14	13	13	13	10	13	13	13	12	12	12	12	12	12	10	8	11	13	12	12	12
LOC_94	15	15	16	16	15	15	16	15	16	17	17	19	14	14	15	14	14	16	16	19	18	14	14	15
LOC_95	13	13	13	14	14	14	13	13	13	13	13	14	14	14	13	12	13	13	13	13	13	13	13	13
LOC_96	22	23	21	24	23	24	20	21	21	18	21	21	25	25	21	21	21	22	21	21	21	22	22	20
LOC_97	19	19	20	15	17	20	20	20	20	21	20	20	20	20	20	20	20	20	20	20	20	19	20	20
LOC_98	15	14	15	15	15	15	17	15	15	17	17	15	16	15	16	15	15	16	16	15	16	15	15	15
LOC_99	15	14	14	14	14	14	14	18	13	16	14	14	15	15	16	16	18	17	15	14	14	17	17	16
LOC_100	14	14	14	14	14	14	18	14	14	14	14	17	14	14	14	17	14	14	14	17	17	14	14	14
LOC_101	21	23	20	23	22	22	20	21	20	19	19	20	23	22	21	22	23	19	21	19	20	21	21	21
LOC_102	19	19	26	19	19	19	26	19	22	26	26	21	18	20	19	19	19	19	20	21	21	21	19	19
LOC_103	14	15	14	16	15	14	15	14	14	15	15	14	14	14	13	13	14	14	15	15	15	14	14	14
LOC_104	20	21	21	21	21	21	21	21	21	21	21	20	23	20	21	22	21	19	21	21	21	21	21	21
LOC_105	16	16	16	16	15	16	16	16	16	16	16	16	16	16	16	16	17	16	16	16	16	15	18	16
LOC_106	30	29	33	30	32	31	33	28	29	29	30	28	33	33	27	28	32	31	31	28	29	31	31	28
LOC_107	14	12	14	15	14	15	12	15	13	13	13	13	15	15	15	15	15	15	15	13	13	15	15	15
LOC_108	23	23	24	24	28	24	23	25	23	26	19	23	24	24	23	23	23	26	26	23	23	23	23	23
LOC_109	13	13	13	13	14	13	12	13	13	13	13	13	13	13	14	18	13	13	13	13	14	14	13	14
LOC_110	16	16	17	17	17	16	17	16	17	18	17	17	16	16	16	16	16	15	16	14	14	16	16	16
LOC_111	15	16	15	20	16	16	15	15	15	15	15	15	16	16	15	15	15	15	15	15	15	14	14	15
LOC_112	21	21	21	21	25	22	23	21	21	22	24	21	22	22	21	21	22	21	21	21	22	22	22	21
LOC_113	14	15	14	15	15	13	14	15	13	14	14	12	13	13	13	13	15	15	15	12	13	15	16	14
LOC_114	16	16	16	15	18	16	16	17	16	18	16	17	15	16	17	17	17	17	17	16	18	16	16	17
LOC_115	14	14	20	14	14	14	21	14	17	22	22	17	14	15	14	14	14	14	14	17	17	14	11	14
LOC_116	14	14	15	16	16	15	15	14	15	16	16	15	15	15	14	13	15	14	14	15	15	15	15	14
LOC_117	19	19	20	19	19	22	18	20	20	19	19	20	20	20	19	19	18	18	18	20	20	18	18	19
LOC_118	16	16	18	16	16	16	17	16	17	18	17	16	14	16	16	16	16	18	16	14	17	16	16	16
LOC_119	24	25	27	24	24	28	26	20	28	26	26	29	27	28	24	23	24	22	22	28	28	23	24	23
LOC_120	17	16	12	17	17	17	12	18	14	12	12	14	17	17	17	17	19	18	18	14	14	18	19	18
LOC_121	19	20	20	17	21	20	19	20	20	19	19	18	21	19	18	18	19	22	21	18	18	21	21	18
LOC_122	22	18	20	18	18	17	20	20	20	22	20	20	17	17	19	19	20	20	20	20	20	20	20	19
LOC_123	24	25	23	23	24	23	25	24	23	24	24	23	23	23	25	23	22	24	24	22	23	26	26	24
LOC_124	20	19	20	19	19	19	20	22	22	20	20	22	19	19	23	23	21	22	23	21	22	21	22	22
LOC_125	28	25	28	28	26	25	29	28	28	31	31	32	23	26	28	28	26	27	28	31	29	27	28	27
LOC_126	13	14	14	14	16	14	15	14	14	14	14	14	14	14	14	14	12	14	14	14	14	14	14	14
LOC_127	21	21	22	21	21	22	23	20	21	22	22	20	22	22	22	23	21	21	21	19	20	21	21	22
LOC_128	21	19	23	22	22	21	24	20	22	23	23	22	21	21	23	23	20	20	21	22	21	21	20	20
LOC_129	17	18	17	17	17	17	19	18	16	20	19	18	17	17	19	19	18	18	18	16	16	17	18	19
LOC_130	27	28	24	26	26	22	25	25	23	26	26	26	24	22	25	24	24	24	25	24	23	23	22	24
LOC_131	15	14	15	14	14	14	16	16	15	14	14	15	14	14	15	15	15	16	15	15	15	15	15	15
LOC_132	23	21	23	21	23	22	22	22	16	21	21	20	23	23	21	21	22	22	21	21	21	22	21	21
LOC_133	21	22	23	20	21	19	23	22	21	22	21	21	21	22	22	22	21	20	21	22	21	21	21	22
LOC_134	22	22	23	24	23	21	25	23	22	20	20	22	20	21	23	21	23	23	23	24	23	23	24	23
LOC_135	14	14	14	14	14	14	14	14	14	16	14	14	15	14	14	14	14	14	14	14	14	14	14	14
LOC_136	13	13	13	13	14	13	13	15	14	13	13	14	13	13	15	16	14	19	15	14	14	14	14	15
LOC_137	26	26	25	28	29	32	27	27	27	26	26	28	28	29	24	25	25	25	24	29	30	26	27	24
LOC_138	21	21	20	21	20	22	23	21	22	24	23	22	22	22	21	23	21	21	20	22	22	21	21	21
LOC_139	17	17	19	17	17	17	18	18	15	21	21	15	17	19	15	17	17	17	17	15	15	17	17	17
LOC_140	15	16	16	18	18	18	18	16	16	17	16	17	18	18	17	20	16	16	16	16	16	16	16	17
LOC_141	15	15	15	16	16	15	15	13	16	15	15	17	15	15	16	15	15	15	15	16	16	17	15	15
LOC_142	28	26	31	29	31	26	30	25	30	30	28	30	27	27	25	25	26	23	24	33	30	28	29	27
LOC_143	20	20	21	20	20	20	22	21	21	21	21	21	18	18	21	20	20	23	21	22	20	21	21	21
LOC_144	16	16	16	18	17	17	16	16	16	16	16	16	16	17	16	16	16	17	16	16	14	16	16	16
LOC_145	19	19	21	20	20	19	19	21	18	19	19	20	17	18	20	19	19	19	18	20	20	18	19	20
LOC_146	23	22	20	22	22	20	25	17	20	23	26	20	21	22	20	20	20	18	18	19	19	20	20	20
LOC_147	22	21	23	20	20	21	23	24	22	23	23	22	21	21	22	22	20	26	25	22	21	21	21	21
LOC_148	14	14	14	13	15	14	14	15	14	14	14	14	14	14	14	14	14	15	14	14	14	14	14	14
LOC_149	18	21	19	21	20	21	19	18	20	19	19	19	20	20	18	19	22	18	17	17	19	24	25	18
LOC_150	15	15	15	17	17	15	15	15	15	16	16	16	15	15	15	15	15	15	15	16	16	15	15	15
LOC_151	18	18	21	17	17	17	19	16	19	21	18	19	17	17	16	16	18	16	16	20	26	14	14	16
LOC_152	20	20	21	19	24	22	21	20	20	21	22	20	21	21	19	22	20	18	20	19	20	19	19	20
LOC_153	18	22	19	22	22	22	19	20	18	19	19	21	22	23	17	16	19	21	20	19	19	22	19	20
LOC_154	19	19	17	19	17	19	18	18	18	18	18	19	19	19	15	18	19	17	18	20	20	19	19	18
LOC_155	22	22	22	23	21	22	22	19	20	22	22	21	22	23	21	21	22	18	19	21	22	24	23	21
LOC_156	17	19	16	19	18	18	18	17	19	19	18	17	19	17	17	17	15	18	17	17	17	17	17	17
LOC_157	16	15	19	17	17	17	19	17	17	21	21	17	16	17	19	19	17	17	16	17	17	17	17	17
LOC_158	20	22	22	24	26	24	23	20	25	23	23	24	26	25	20	22	24	21	22	27	24	31	27	22
LOC_159	17	17	17	17	17	17	16	15	17	17	16	18	18	18	15	15	14	15	15	19	19	15	14	15
LOC_160	19	19	18	19	19	19	18	19	19	18	18	22	18	18	20	20	19	19	19	21	22	20	19	19
LOC_161	22	22	22	23	24	22	21	21	22	22	22	22	23	23	21	21	21	21	21	22	22	21	21	21
LOC_162	22	25	20	25	25	27	20	19	20	19	19	23	22	22	20	21	20	21	19	22	22	21	18	20
LOC_163	18	18	19	18	17	19	19	17	17	19	21	18	19	19	18	18	18	17	17	18	18	18	18	18
LOC_164	21	19	20	19	19	19	20	20	20	19	19	20	18	19	20	20	20	20	20	20	20	20	20	20
LOC_165	15	15	15	15	15	15	15	15	17	15	15	17	15	15	15	15	15	15	15	17	18	15	15	15
LOC_166	17	17	17	17	17	16	17	18	17	18	17	19	18	17	17	17	17	16	18	19	19	16	16	17
LOC_167	16	20	16	17	17	19	17	16	18	16	15	18	17	17	16	16	15	16	16	18	19	16	17	16
LOC_168	28	27	27	26	27	29	27	27	26	30	29	27	25	26	26	26	27	25	27	27	25	27	27	28
LOC_169	22	22	22	22	22	22	22	23	22	23	22	22	23	24	25	25	23	21	21	22	22	22	22	23
LOC_170	18	19	19	18	19	18	19	18	19	19	19	18	18	18	20	19	21	19	19	18	18	19	19	19
LOC_171	21	22	22	22	22	23	21	23	21	20	20	20	22	22	22	22	25	25	23	20	20	24	27	23
LOC_172	21	24	22	24	23	24	22	22	21	23	21	21	25	24	21	22	22	20	22	20	22	23	20	22
LOC_173	14	14	14	14	14	15	13	17	14	14	14	14	15	16	16	16	15	17	16	14	14	14	14	16
LOC_174	23	21	21	19	21	21	21	20	21	22	23	21	20	20	23	24	19	21	21	19	20	18	19	22
LOC_175	31	30	29	33	31	30	34	26	30	32	34	31	30	29	28	25	29	30	28	30	31	28	30	27
LOC_176	15	14	14	14	14	14	14	14	14	14	14	14	12	12	14	14	14	13	14	14	14	13	14	14
LOC_177	19	22	23	23	23	21	23	25	25	24	24	22	22	22	24	25	24	24	24	25	24	24	22	24
LOC_178	23	22	21	24	23	23	21	23	23	23	23	24	22	24	24	24	23	23	25	21	22	22	22	23
LOC_179	23	18	26	21	23	22	24	24	24	22	24	21	20	22	23	23	24	27	25	23	26	24	23	23
LOC_180	22	23	27	26	27	23	24	23	23	23	23	22	24	24	23	22	23	22	23	23	23	22	23	22
LOC_181	19	20	19	20	19	22	19	17	19	19	19	18	20	19	18	19	18	19	20	19	20	17	18	18
LOC_182	23	23	23	23	25	23	21	24	22	21	21	22	23	23	24	24	29	24	24	22	22	27	27	23
LOC_183	26	26	27	27	27	26	26	26	25	27	28	27	25	26	23	24	25	26	25	27	27	26	26	25
LOC_184	17	16	16	16	18	16	14	16	16	14	14	20	16	15	16	16	16	13	13	16	17	16	16	16
LOC_185	20	20	18	19	19	19	18	21	18	18	18	18	20	19	20	21	17	20	21	18	18	21	20	20
LOC_186	17	18	18	16	16	16	17	16	17	17	17	17	15	15	16	16	17	15	13	17	16	17	18	16
LOC_187	22	21	21	20	20	20	22	21	21	19	21	21	21	22	21	22	25	21	21	20	20	22	22	21
LOC_188	25	27	28	26	24	24	28	26	28	25	25	28	25	24	25	24	27	28	32	28	29	27	26	25
LOC_189	14	14	13	14	13	14	13	14	13	13	12	13	15	14	16	16	14	14	14	13	13	14	14	14
LOC_190	20	19	22	19	19	17	22	23	22	24	20	23	20	19	22	22	21	23	23	25	23	20	20	22
LOC_191	17	15	17	16	15	16	15	17	17	16	17	17	16	16	17	18	16	15	14	17	17	16	16	17
LOC_192	19	22	23	21	21	21	21	20	21	20	21	21	21	20	21	22	20	21	18	21	21	26	25	21
LOC_193	15	13	15	10	13	13	15	15	15	16	15	15	13	12	15	15	16	15	15	15	15	15	15	15
LOC_194	19	19	19	19	19	19	19	18	19	20	19	21	21	20	19	18	18	17	18	21	21	18	18	18
LOC_195	22	23	23	21	22	23	25	21	22	26	27	22	25	25	18	18	20	20	20	23	22	22	20	18
LOC_196	22	22	23	21	21	21	22	21	23	23	23	22	19	21	22	21	22	25	25	22	22	23	22	22
LOC_197	21	21	21	20	20	21	21	19	22	22	24	23	22	22	21	22	20	19	19	21	21	22	22	21
LOC_198	27	26	27	24	26	25	27	30	28	29	28	30	25	25	25	26	30	29	27	29	30	31	30	27
LOC_199	14	14	14	14	14	15	19	14	14	15	13	15	15	15	14	14	15	14	14	14	14	14	14	14
LOC_200	23	25	21	28	25	24	21	23	22	23	21	22	23	22	23	23	23	24	23	22	23	21	21	23
LOC_201	25	25	27	24	24	22	26	24	24	26	28	26	23	23	24	25	23	24	27	25	25	23	24	24
LOC_202	15	15	16	15	15	15	16	17	16	16	16	16	15	15	20	20	16	16	17	16	16	17	16	17
LOC_203	18	18	18	18	18	18	18	18	19	19	18	19	18	17	19	20	19	18	18	19	19	19	20	18
LOC_204	17	17	19	17	17	18	20	19	19	18	19	19	18	18	18	18	18	17	18	18	18	18	18	18
LOC_205	13	12	13	13	13	13	15	14	13	15	15	13	14	13	14	14	14	14	15	13	13	16	14	14
LOC_206	19	19	19	21	19	19	19	20	22	21	18	23	17	17	20	20	23	20	20	24	23	22	22	20
LOC_207	14	14	15	14	14	14	15	14	14	15	15	14	12	12	14	14	14	14	14	14	14	14	14	14
LOC_208	15	14	14	14	14	14	15	14	14	15	15	12	14	14	14	14	15	14	15	15	15	17	15	14
LOC_209	17	17	17	19	19	22	17	18	17	17	17	17	22	22	17	18	17	19	19	17	18	18	17	17
LOC_210	21	24	23	26	25	24	24	22	22	24	24	22	26	26	22	22	22	22	22	22	22	22	22	22
LOC_211	22	25	24	22	21	23	23	24	23	23	24	21	22	22	24	25	21	23	24	24	24	21	21	24
LOC_212	22	23	22	23	23	23	23	23	23	22	19	23	22	22	21	22	24	22	24	20	20	24	24	24
LOC_213	22	23	20	22	22	22	21	19	19	20	20	19	23	23	20	20	21	19	19	19	19	22	22	19
LOC_214	18	17	18	17	17	17	18	19	18	19	19	18	17	17	17	17	18	19	19	19	19	18	19	17
LOC_215	16	18	16	17	17	16	16	16	14	16	16	14	16	16	17	16	16	17	16	14	15	16	16	16
LOC_216	19	17	17	18	18	19	18	20	17	18	18	17	19	19	21	20	20	19	19	16	17	19	19	20
LOC_217	25	24	24	23	24	24	24	24	24	25	23	23	25	24	25	26	25	24	25	24	22	24	23	25
LOC_218	17	17	20	17	17	18	19	17	15	20	20	17	17	15	17	17	16	17	17	17	17	17	17	17
LOC_219	13	13	14	13	12	13	14	15	14	15	14	14	13	13	17	15	15	15	15	15	14	15	15	15
LOC_220	18	18	18	17	17	17	18	18	18	19	18	18	17	17	18	18	18	18	18	21	18	18	18	18
LOC_221	25	26	24	24	24	26	25	25	24	23	23	24	26	26	22	22	24	23	26	25	24	27	24	24
LOC_222	31	31	27	28	26	29	28	31	25	25	26	27	27	28	29	30	26	28	26	27	29	28	26	28
LOC_223	16	16	15	16	14	16	16	14	17	17	17	17	17	21	14	14	15	13	13	18	17	16	16	14
LOC_224	17	20	17	16	17	17	17	17	17	17	17	17	17	17	15	15	16	15	16	17	18	17	17	16
LOC_225	21	22	19	22	22	22	20	22	21	19	19	21	20	21	22	22	21	21	23	20	19	20	20	21
LOC_226	16	16	16	18	15	17	15	16	15	16	16	15	16	16	16	16	16	17	17	15	15	16	16	16
LOC_227	7	7	7	7	7	7	7	7	7	7	7	7	7	7	7	7	7	7	7	7	7	8	8	7
LOC_228	16	17	17	17	16	17	17	16	16	18	18	16	16	17	16	16	16	18	17	16	16	16	16	16
LOC_229	18	18	17	18	19	18	17	17	17	19	18	15	19	19	17	17	17	16	15	16	15	18	17	17
LOC_230	19	20	19	17	19	17	18	19	19	18	16	19	17	16	19	19	19	18	18	19	19	19	19	19
LOC_231	20	20	21	21	21	21	21	18	20	19	21	20	21	23	20	19	20	18	18	20	21	21	19	19
LOC_232	19	21	20	21	21	21	20	19	20	20	20	19	20	20	18	18	19	19	19	19	19	17	19	18
LOC_233	16	16	14	17	18	17	14	15	12	14	14	15	17	17	14	14	15	13	12	16	16	15	15	15
LOC_234	13	12	13	14	10	13	13	14	13	13	13	13	12	12	15	15	13	14	14	13	14	13	13	15
LOC_235	20	21	19	20	19	21	19	22	20	19	19	19	21	20	22	22	23	22	22	18	19	21	21	22
LOC_236	17	17	17	16	16	16	17	17	17	17	17	15	16	16	17	17	19	16	16	17	17	19	19	17
LOC_237	21	23	21	23	22	22	22	22	19	21	21	16	20	22	20	20	23	23	23	18	17	21	21	20
LOC_238	21	21	24	21	21	21	25	18	23	23	23	21	22	22	21	21	21	20	19	22	22	21	21	21
LOC_239	19	23	21	22	21	21	19	21	20	20	20	22	21	20	22	21	20	21	23	21	22	19	22	22
LOC_240	14	15	14	15	15	15	14	15	15	14	16	14	15	15	14	14	15	15	17	13	13	14	14	14
LOC_241	18	21	19	19	19	20	19	18	18	21	19	18	20	20	18	18	17	19	18	19	18	17	17	18
LOC_242	17	18	17	18	17	17	18	18	18	18	21	20	18	17	17	17	16	18	18	20	20	17	17	17
LOC_243	18	19	18	19	20	20	18	18	18	19	19	18	20	19	22	19	18	18	18	18	21	18	18	19
LOC_244	14	16	15	16	16	16	15	14	15	15	15	15	15	16	14	14	14	14	14	15	15	14	14	14
LOC_245	25	23	24	20	21	22	21	25	26	23	24	26	24	23	20	22	24	24	26	24	24	23	23	24
LOC_246	22	24	20	21	22	21	21	23	23	20	20	22	21	20	24	26	24	23	21	22	20	23	23	24
LOC_247	17	17	16	13	13	13	16	16	16	16	16	16	13	13	16	16	16	17	18	16	16	15	16	16
LOC_248	18	16	18	18	19	18	18	18	17	18	18	19	18	18	17	17	18	18	19	20	18	18	18	18
LOC_249	26	26	27	26	25	26	26	27	26	26	26	27	26	26	25	24	26	26	25	28	28	26	26	24
LOC_250	32	33	34	29	30	33	30	29	32	29	29	32	32	34	26	27	32	31	30	31	30	29	29	27
LOC_251	17	18	17	19	19	19	17	19	17	16	17	19	19	20	18	18	17	19	19	17	20	18	18	17
LOC_252	24	22	24	25	25	24	24	23	27	23	23	26	24	24	22	22	23	24	23	25	25	23	23	22
LOC_253	14	14	14	14	14	14	14	14	15	14	14	15	14	14	14	14	14	14	14	15	15	14	14	14
LOC_254	17	17	17	17	17	17	18	15	20	18	18	18	17	17	16	17	17	15	15	19	18	20	21	16
LOC_255	23	22	23	21	20	21	24	23	24	24	25	23	21	22	22	21	21	23	25	23	23	23	24	23
LOC_256	19	19	20	20	20	19	20	19	20	20	21	21	17	19	19	19	17	19	22	19	19	17	17	19
