names	Run1_C_4	Run1_C_5	Run1_C_6	Run1_C_8	Run1_C_9	root
LOC_1	22	19	19	21	19	19
LOC_2	21	21	20	19	20	20
LOC_3	7	7	7	9	7	7
LOC_4	7	7	7	7	7	7
LOC_5	7	7	7	7	7	7
LOC_6	19	18	17	16	16	16
LOC_7	13	13	16	16	16	13
LOC_8	20	20	21	23	23	22
LOC_9	15	15	15	15	15	15
LOC_10	17	17	17	17	18	17
LOC_11	23	23	18	22	22	23
LOC_12	17	16	17	19	19	17
LOC_13	17	17	17	16	17	17
LOC_14	18	18	17	17	17	18
LOC_15	28	28	26	26	25	27
LOC_16	14	14	15	14	14	14
LOC_17	17	15	15	15	15	15
LOC_18	23	24	23	24	25	23
LOC_19	21	21	22	22	23	22
LOC_20	15	15	15	17	17	15
LOC_21	14	14	13	13	13	13
LOC_22	21	21	21	22	21	21
LOC_23	16	16	16	16	18	16
LOC_24	23	23	20	21	21	23
LOC_25	21	22	22	22	22	22
LOC_26	15	15	15	15	15	15
LOC_27	17	17	17	17	18	17
LOC_28	20	22	19	23	22	21
LOC_29	24	24	26	25	24	25
LOC_30	19	19	19	19	19	19
LOC_31	25	25	28	29	29	26
LOC_32	19	19	20	22	22	20
LOC_33	16	15	15	15	15	15
LOC_34	15	15	14	14	14	14
LOC_35	20	18	19	20	19	19
LOC_36	21	19	20	20	19	20
LOC_37	21	20	20	21	21	21
LOC_38	16	16	16	16	16	16
LOC_39	20	20	21	20	21	20
LOC_40	15	15	14	15	14	14
LOC_41	24	21	19	22	22	21
LOC_42	20	21	22	20	22	21
LOC_43	18	19	18	18	17	18
LOC_44	18	18	18	16	18	18
LOC_45	18	19	19	19	17	18
LOC_46	21	20	20	20	20	20
LOC_47	15	15	14	16	16	15
LOC_48	17	18	17	18	16	17
LOC_49	15	15	15	15	15	15
LOC_50	16	16	16	17	13	16
LOC_51	20	20	20	18	18	20
LOC_52	19	19	20	19	19	19
LOC_53	25	24	22	23	23	23
LOC_54	22	20	20	20	19	20
LOC_55	20	22	20	21	20	20
LOC_56	19	19	18	19	18	19
LOC_57	23	21	22	22	22	23
LOC_58	21	22	19	19	19	21
LOC_59	11	12	9	9	9	9
LOC_60	20	20	20	20	20	20
LOC_61	24	23	24	26	24	24
LOC_62	19	21	18	18	18	18
LOC_63	17	17	17	17	17	17
LOC_64	18	19	17	17	17	17
LOC_65	17	17	16	16	16	17
LOC_66	21	21	22	21	22	21
LOC_67	21	22	21	21	22	22
LOC_68	18	16	18	18	18	16
LOC_69	20	21	21	21	21	21
LOC_70	24	24	23	24	25	23
LOC_71	14	16	14	15	15	16
LOC_72	22	23	20	22	22	20
LOC_73	19	19	17	19	20	19
LOC_74	22	23	21	22	21	22
LOC_75	25	26	22	22	22	23
LOC_76	23	22	21	21	21	21
LOC_77	14	14	14	14	17	14
LOC_78	20	22	23	23	24	22
LOC_79	15	15	14	14	14	15
LOC_80	25	24	27	26	27	24
LOC_81	16	16	17	16	16	16
LOC_82	21	21	20	21	20	20
LOC_83	18	17	20	18	19	18
LOC_84	15	15	16	17	17	16
LOC_85	21	21	21	23	23	21
LOC_86	16	16	16	15	16	16
LOC_87	20	20	21	20	23	20
LOC_88	21	23	22	22	22	22
LOC_89	27	27	23	27	26	26
LOC_90	20	20	20	19	19	20
LOC_91	15	17	17	17	17	17
LOC_92	19	19	18	18	18	19
LOC_93	12	13	12	12	12	12
LOC_94	15	15	16	15	15	15
LOC_95	13	13	13	13	13	13
LOC_96	22	18	20	20	20	20
LOC_97	20	20	20	19	20	20
LOC_98	15	15	15	14	14	15
LOC_99	18	17	16	16	16	16
LOC_100	14	14	15	12	14	14
LOC_101	22	21	23	21	21	21
LOC_102	20	19	19	16	19	19
LOC_103	14	14	14	14	14	14
LOC_104	21	21	21	22	21	21
LOC_105	16	16	16	16	16	16
LOC_106	28	29	26	27	26	28
LOC_107	15	15	14	14	14	15
LOC_108	25	22	23	25	23	23
LOC_109	14	14	15	14	14	14
LOC_110	16	16	16	16	16	16
LOC_111	15	15	18	15	15	15
LOC_112	24	21	19	19	19	21
LOC_113	14	14	14	14	14	14
LOC_114	17	17	17	17	19	17
LOC_115	14	14	14	14	14	14
LOC_116	14	14	15	15	15	14
LOC_117	19	18	19	20	20	19
LOC_118	16	16	17	18	17	16
LOC_119	23	24	22	23	22	23
LOC_120	18	18	21	21	22	18
LOC_121	18	20	18	18	18	18
LOC_122	18	18	19	19	21	19
LOC_123	23	24	24	25	24	24
LOC_124	20	21	22	22	23	22
LOC_125	27	27	25	24	27	27
LOC_126	14	14	14	14	14	14
LOC_127	23	22	22	21	22	22
LOC_128	21	21	20	21	21	20
LOC_129	18	19	19	20	19	19
LOC_130	23	23	24	24	24	24
LOC_131	15	15	15	15	15	15
LOC_132	21	21	21	19	17	21
LOC_133	23	24	21	22	23	22
LOC_134	23	24	25	23	21	23
LOC_135	14	14	14	14	14	14
LOC_136	15	15	15	15	15	15
LOC_137	24	24	25	24	25	24
LOC_138	20	21	22	21	22	21
LOC_139	17	18	17	17	17	17
LOC_140	18	17	17	17	17	17
LOC_141	14	15	15	15	17	15
LOC_142	27	27	28	24	26	27
LOC_143	23	21	19	19	19	21
LOC_144	16	16	16	16	16	16
LOC_145	20	20	19	20	20	20
LOC_146	20	20	20	20	19	20
LOC_147	19	19	21	21	22	21
LOC_148	14	14	14	14	14	14
LOC_149	18	18	18	18	17	18
LOC_150	15	15	15	15	15	15
LOC_151	16	16	15	16	16	16
LOC_152	20	20	20	20	20	20
LOC_153	21	21	20	20	19	20
LOC_154	18	18	19	20	19	18
LOC_155	21	21	21	22	22	21
LOC_156	17	17	17	16	16	17
LOC_157	18	17	17	17	19	17
LOC_158	22	21	21	21	21	22
LOC_159	15	15	15	15	15	15
LOC_160	19	19	19	20	19	19
LOC_161	24	21	20	20	21	21
LOC_162	20	20	20	20	20	20
LOC_163	22	22	18	18	18	18
LOC_164	22	21	20	21	21	20
LOC_165	16	15	16	15	15	15
LOC_166	17	17	16	16	17	17
LOC_167	16	16	16	16	16	16
LOC_168	28	29	28	27	29	28
LOC_169	24	22	24	26	28	23
LOC_170	18	20	17	19	18	19
LOC_171	21	19	23	23	24	23
LOC_172	22	24	21	20	20	22
LOC_173	16	15	17	16	16	16
LOC_174	22	22	21	23	23	22
LOC_175	26	26	27	26	26	27
LOC_176	16	16	14	14	14	14
LOC_177	24	24	25	24	27	24
LOC_178	23	23	24	23	23	23
LOC_179	24	24	22	21	21	23
LOC_180	21	21	22	22	22	22
LOC_181	18	18	19	18	18	18
LOC_182	25	23	23	24	23	23
LOC_183	24	24	25	25	26	25
LOC_184	16	16	16	15	16	16
LOC_185	20	20	20	19	19	20
LOC_186	17	17	16	16	16	16
LOC_187	19	20	20	21	21	21
LOC_188	23	25	25	24	28	25
LOC_189	17	15	14	14	14	14
LOC_190	22	20	24	24	25	22
LOC_191	17	17	18	18	18	17
LOC_192	21	21	19	18	19	21
LOC_193	14	15	15	15	14	15
LOC_194	18	18	17	18	18	18
LOC_195	18	18	18	18	18	18
LOC_196	23	23	24	24	24	22
LOC_197	21	23	21	20	22	21
LOC_198	28	27	25	26	26	27
LOC_199	14	15	14	14	14	14
LOC_200	24	24	23	23	22	23
LOC_201	25	24	25	24	22	24
LOC_202	17	17	17	18	16	17
LOC_203	18	18	17	17	18	18
LOC_204	18	18	18	18	18	18
LOC_205	14	14	15	15	15	14
LOC_206	21	21	20	20	20	20
LOC_207	14	14	14	15	15	14
LOC_208	14	13	14	14	14	14
LOC_209	19	18	16	18	18	17
LOC_210	22	22	22	22	22	22
LOC_211	24	22	24	27	25	24
LOC_212	25	24	24	24	23	24
LOC_213	19	19	17	19	19	19
LOC_214	17	17	17	17	17	17
LOC_215	16	16	18	15	15	16
LOC_216	22	20	20	20	20	20
LOC_217	25	24	25	23	23	25
LOC_218	19	19	17	16	17	17
LOC_219	16	15	15	15	15	15
LOC_220	18	18	18	18	18	18
LOC_221	24	24	22	23	23	24
LOC_222	29	30	28	31	31	28
LOC_223	14	15	14	14	14	14
LOC_224	14	17	15	16	16	16
LOC_225	19	19	21	21	23	21
LOC_226	16	15	16	15	17	16
LOC_227	8	7	7	10	10	7
LOC_228	17	15	16	17	19	16
LOC_229	17	18	17	18	18	17
LOC_230	19	18	19	19	19	19
LOC_231	19	19	19	19	17	19
LOC_232	18	18	16	16	19	18
LOC_233	15	16	15	15	15	15
LOC_234	15	15	15	15	15	15
LOC_235	26	22	24	24	24	22
LOC_236	17	17	17	17	17	17
LOC_237	20	21	25	24	24	20
LOC_238	21	19	21	22	22	21
LOC_239	23	24	21	21	21	22
LOC_240	14	14	14	14	13	14
LOC_241	18	19	19	20	19	18
LOC_242	17	17	17	15	15	17
LOC_243	19	19	19	20	20	19
LOC_244	14	14	13	14	14	14
LOC_245	24	24	25	24	25	24
LOC_246	23	23	25	27	26	24
LOC_247	16	16	16	17	16	16
LOC_248	18	18	18	18	18	18
LOC_249	24	24	24	25	23	24
LOC_250	26	27	29	27	25	27
LOC_251	17	17	17	17	17	17
LOC_252	22	22	21	21	21	22
LOC_253	16	16	14	14	14	14
LOC_254	16	16	16	16	16	16
LOC_255	24	27	21	22	24	23
LOC_256	20	19	19	18	18	19
LOC_257	19	19	20	20	20	20
LOC_258	13	13	13	13	13	13
LOC_259	20	17	20	20	20	20
LOC_260	25	23	22	24	24	22
LOC_261	14	15	14	15	15	15
LOC_262	13	13	13	13	13	13
LOC_263	16	18	14	14	14	16
LOC_264	22	21	22	22	24	22
LOC_265	25	25	23	24	24	24
LOC_266	19	19	19	18	18	19
LOC_267	18	18	18	18	18	18
LOC_268	17	17	17	16	17	17
LOC_269	15	16	16	16	16	16
LOC_270	19	19	19	18	20	19
LOC_271	24	23	24	24	25	24
LOC_272	23	23	24	18	24	23
LOC_273	24	26	23	23	23	24
LOC_274	20	24	20	22	22	22
LOC_275	15	15	15	17	15	15
LOC_276	21	20	20	20	20	20
LOC_277	14	14	14	14	14	14
LOC_278	14	14	14	16	16	14
LOC_279	15	15	15	15	15	15
LOC_280	18	18	20	20	20	20
LOC_281	19	19	22	20	20	20
LOC_282	15	15	15	16	16	15
LOC_283	13	15	14	15	15	14
LOC_284	14	14	14	14	14	14
LOC_285	31	32	30	29	29	29
LOC_286	18	18	18	18	18	18
LOC_287	27	30	27	27	28	28
LOC_288	17	17	17	17	17	17
LOC_289	15	15	15	15	16	15
LOC_290	19	19	22	22	22	19
LOC_291	18	18	18	18	18	18
LOC_292	18	19	19	19	19	19
LOC_293	15	15	14	14	16	15
LOC_294	25	25	23	23	23	25
LOC_295	19	19	18	17	18	18
LOC_296	12	12	14	14	14	14
LOC_297	15	15	15	15	15	15
LOC_298	17	18	17	21	17	17
LOC_299	16	15	16	17	17	16
LOC_300	17	17	17	17	18	17
LOC_301	20	19	20	21	20	20
LOC_302	24	23	24	24	24	24
LOC_303	18	18	18	18	18	18
LOC_304	14	14	14	15	17	14
LOC_305	17	17	17	17	17	17
LOC_306	22	26	25	25	25	26
LOC_307	22	22	22	25	24	22
LOC_308	22	22	24	21	21	22
LOC_309	19	22	23	22	22	22
LOC_310	15	15	14	16	14	15
LOC_311	19	17	18	19	20	18
LOC_312	18	18	17	18	18	18
LOC_313	16	16	15	16	17	16
LOC_314	16	15	15	16	15	15
LOC_315	15	15	15	16	15	15
LOC_316	26	25	27	26	26	26
LOC_317	21	21	20	21	21	21
LOC_318	20	20	23	25	24	22
LOC_319	22	21	23	20	20	22
LOC_320	21	21	21	23	21	21
LOC_321	17	16	16	16	16	16
LOC_322	12	12	14	12	12	12
LOC_323	14	14	15	14	14	14
LOC_324	21	21	21	21	20	21
LOC_325	16	16	16	16	16	16
LOC_326	16	17	16	16	16	16
LOC_327	15	15	16	16	16	15
LOC_328	20	21	20	20	22	20
LOC_329	21	23	22	22	22	23
LOC_330	22	22	23	23	23	22
LOC_331	23	23	23	23	22	23
LOC_332	13	13	16	16	16	15
LOC_333	14	14	15	15	15	14
LOC_334	19	19	19	19	19	19
LOC_335	23	25	23	23	23	23
LOC_336	25	24	24	20	23	24
LOC_337	20	20	21	22	25	20
LOC_338	20	20	19	19	19	19
LOC_339	17	17	17	17	17	17
LOC_340	15	13	13	14	13	13
LOC_341	21	20	24	17	17	20
LOC_342	14	14	14	14	14	14
LOC_343	20	20	21	21	21	20
LOC_344	16	17	17	17	17	17
LOC_345	15	15	15	16	15	15
LOC_346	26	27	23	23	24	23
LOC_347	21	20	21	21	21	20
LOC_348	21	20	20	21	20	20
LOC_349	15	15	15	16	16	15
LOC_350	17	17	17	17	17	17
LOC_351	26	26	26	23	24	26
LOC_352	20	20	20	19	20	20
LOC_353	16	15	18	16	18	18
LOC_354	15	15	15	15	15	15
LOC_355	14	14	15	15	15	14
LOC_356	18	17	17	17	19	17
LOC_357	16	16	16	14	14	16
LOC_358	7	7	7	7	7	7
LOC_359	19	19	18	21	21	19
LOC_360	24	24	25	25	25	24
LOC_361	21	21	20	20	20	21
LOC_362	21	21	22	22	21	22
LOC_363	8	8	8	8	8	8
LOC_364	14	13	14	14	14	14
LOC_365	27	26	25	24	23	25
LOC_366	17	18	17	17	17	17
LOC_367	16	16	16	16	16	16
LOC_368	25	26	24	23	24	24
LOC_369	26	28	27	27	27	28
LOC_370	21	21	18	18	18	18
LOC_371	23	22	23	23	23	23
LOC_372	20	20	21	22	22	21
LOC_373	14	14	15	14	14	14
LOC_374	15	15	15	15	15	15
LOC_375	18	18	19	19	19	18
LOC_376	20	20	22	21	22	20
LOC_377	22	23	24	24	24	23
LOC_378	24	24	23	23	24	23
LOC_379	17	18	18	18	18	18
LOC_380	21	21	19	19	19	18
LOC_381	14	14	14	14	14	14
LOC_382	18	20	18	18	16	18
LOC_383	17	17	17	14	14	17
LOC_384	14	14	15	14	14	14
LOC_385	19	19	18	17	18	18
LOC_386	15	19	19	18	19	19
LOC_387	16	16	17	19	20	17
LOC_388	27	28	30	30	27	28
LOC_389	18	18	18	21	18	18
LOC_390	7	7	7	7	7	7
LOC_391	24	23	21	22	22	22
LOC_392	22	22	22	22	22	22
LOC_393	15	15	16	16	17	15
LOC_394	16	16	16	17	17	16
LOC_395	19	19	20	20	22	20
LOC_396	17	17	18	17	17	17
LOC_397	19	19	19	19	20	19
LOC_398	18	18	16	16	16	17
LOC_399	33	31	29	27	26	29
LOC_400	15	15	10	16	15	15
LOC_401	13	13	13	13	13	13
LOC_402	14	14	15	14	15	14
LOC_403	14	14	12	15	13	14
LOC_404	10	10	11	11	11	10
LOC_405	16	16	16	16	17	16
LOC_406	18	18	19	19	19	19
LOC_407	17	17	16	16	17	17
LOC_408	15	15	14	15	14	14
LOC_409	15	15	15	15	15	15
LOC_410	17	15	16	16	16	16
LOC_411	15	15	14	14	16	14
LOC_412	19	20	20	20	20	19
LOC_413	20	19	22	21	24	20
LOC_414	14	13	14	15	15	15
LOC_415	12	14	14	14	14	14
LOC_416	19	20	17	17	17	17
LOC_417	15	16	14	14	14	14
LOC_418	14	14	14	14	14	14
LOC_419	18	17	15	15	15	15
LOC_420	12	12	13	13	13	13
LOC_421	17	17	18	16	16	17
LOC_422	23	23	23	23	24	23
LOC_423	9	9	9	9	9	9
LOC_424	18	20	20	20	20	20
LOC_425	16	16	16	16	16	16
LOC_426	17	17	17	17	17	17
LOC_427	18	20	21	21	22	20
LOC_428	16	16	15	15	16	16
LOC_429	20	20	19	20	19	19
LOC_430	18	17	19	22	19	19
LOC_431	19	19	16	17	17	19
LOC_432	14	14	14	14	14	14
LOC_433	23	25	26	24	24	23
LOC_434	19	19	21	19	19	19
LOC_435	25	28	26	28	23	25
LOC_436	21	22	23	24	22	24
LOC_437	22	22	22	22	24	22
LOC_438	22	21	22	23	23	23
LOC_439	16	16	15	15	15	16
LOC_440	21	20	20	19	19	20
LOC_441	16	16	16	16	16	16
LOC_442	22	22	22	22	21	22
LOC_443	18	17	18	17	17	18
LOC_444	21	20	22	22	22	20
LOC_445	23	21	22	23	23	22
LOC_446	17	18	18	18	18	18
LOC_447	18	19	18	18	18	18
LOC_448	28	27	26	25	25	28
LOC_449	17	17	17	17	17	17
LOC_450	19	20	21	20	22	20
LOC_451	15	15	14	14	14	14
LOC_452	19	19	19	20	19	19
LOC_453	18	18	18	18	18	18
LOC_454	21	21	21	21	21	21
LOC_455	16	16	16	16	16	16
LOC_456	15	15	16	15	15	15
LOC_457	22	22	22	22	22	22
LOC_458	16	16	16	18	16	16
LOC_459	7	7	7	7	8	7
LOC_460	18	19	18	18	18	18
LOC_461	13	13	13	13	13	14
LOC_462	21	22	19	19	19	21
LOC_463	26	26	24	26	24	25
LOC_464	18	18	18	18	18	18
LOC_465	27	27	23	26	27	25
LOC_466	25	24	27	23	24	24
LOC_467	19	19	19	19	20	19
LOC_468	14	14	14	14	15	14
LOC_469	22	23	22	20	22	23
LOC_470	23	24	23	23	23	23
LOC_471	19	18	20	18	17	19
LOC_472	14	16	17	16	16	16
LOC_473	21	22	19	18	19	21
LOC_474	15	15	15	13	15	15
LOC_475	16	16	17	15	16	16
LOC_476	16	16	16	13	16	16
LOC_477	18	19	19	19	19	19
LOC_478	16	16	16	16	16	16
LOC_479	18	17	17	17	17	17
LOC_480	17	16	17	17	17	17
LOC_481	13	14	17	15	16	16
LOC_482	19	17	18	18	18	17
LOC_483	23	23	24	24	23	24
LOC_484	25	25	24	26	26	25
LOC_485	17	17	17	17	17	17
LOC_486	23	23	23	23	23	23
LOC_487	17	17	17	17	15	17
LOC_488	23	23	25	25	25	23
LOC_489	19	18	18	19	20	18
LOC_490	14	16	14	16	14	14
LOC_491	21	21	22	23	23	21
LOC_492	20	20	20	22	21	20
LOC_493	28	26	28	28	26	27
LOC_494	17	17	17	16	17	17
LOC_495	24	24	23	23	24	23
LOC_496	22	22	23	21	21	22
LOC_497	21	20	20	20	19	20
LOC_498	8	8	8	9	9	8
LOC_499	25	25	21	21	23	21
LOC_500	19	19	19	20	19	19
LOC_501	17	17	18	18	18	17
LOC_502	25	28	26	30	28	27
LOC_503	8	7	7	7	7	7
LOC_504	15	15	15	15	13	15
LOC_505	18	22	23	21	21	21
LOC_506	14	14	14	14	14	14
LOC_507	13	14	14	14	14	14
LOC_508	21	18	18	18	20	18
LOC_509	19	19	20	18	20	19
LOC_510	20	20	20	20	20	20
LOC_511	20	20	20	20	20	20
LOC_512	22	23	24	24	24	23
LOC_513	16	16	16	16	16	16
LOC_514	14	14	16	14	14	14
LOC_515	19	19	18	18	18	18
LOC_516	17	19	18	18	18	18
LOC_517	19	19	19	19	19	19
LOC_518	22	18	21	22	21	21
LOC_519	16	17	18	18	17	17
LOC_520	20	20	20	20	21	20
LOC_521	16	16	17	15	16	16
LOC_522	19	19	19	19	21	19
LOC_523	20	20	18	19	18	18
LOC_524	22	22	22	21	22	22
LOC_525	18	17	18	18	17	18
LOC_526	13	11	14	14	14	14
LOC_527	18	18	18	18	18	18
LOC_528	18	18	18	18	18	18
LOC_529	17	16	16	16	16	16
LOC_530	17	14	16	14	14	14
LOC_531	22	21	19	21	22	22
LOC_532	16	16	18	16	16	16
LOC_533	19	19	18	20	19	19
LOC_534	18	18	18	18	18	18
LOC_535	21	20	22	23	21	20
LOC_536	17	16	16	13	16	16
LOC_537	22	22	21	22	22	21
LOC_538	21	21	21	22	22	21
LOC_539	30	32	30	31	32	30
LOC_540	25	26	28	30	28	27
LOC_541	14	14	14	14	14	14
LOC_542	18	18	17	18	18	17
LOC_543	20	19	20	19	20	20
LOC_544	12	12	13	12	12	12
LOC_545	16	15	17	17	17	17
LOC_546	19	19	18	18	18	18
LOC_547	21	22	26	25	25	22
LOC_548	28	28	31	27	27	28
LOC_549	16	17	16	16	14	16
LOC_550	20	20	26	23	25	24
LOC_551	15	15	15	15	15	15
LOC_552	16	16	16	16	16	16
LOC_553	18	18	17	18	18	18
LOC_554	14	14	14	14	14	14
LOC_555	22	21	24	25	27	22
LOC_556	17	17	18	19	19	17
LOC_557	21	20	21	22	21	21
LOC_558	18	18	20	18	18	18
LOC_559	16	16	16	16	18	16
LOC_560	23	21	22	22	22	21
LOC_561	24	24	22	21	23	24
LOC_562	22	21	21	20	20	22
LOC_563	26	26	27	27	26	27
LOC_564	17	18	18	18	18	18
LOC_565	19	19	19	19	19	19
LOC_566	16	16	15	16	16	15
LOC_567	23	24	23	23	24	23
LOC_568	18	18	18	21	17	18
LOC_569	17	20	17	15	18	17
LOC_570	19	19	19	21	19	19
LOC_571	17	17	17	17	14	17
LOC_572	17	17	17	17	17	17
LOC_573	19	19	19	20	20	19
LOC_574	21	21	20	21	20	21
LOC_575	18	16	17	17	17	17
LOC_576	18	18	18	18	18	18
LOC_577	12	12	12	12	12	12
LOC_578	14	13	14	14	14	14
LOC_579	19	19	22	24	22	20
LOC_580	14	14	14	14	14	14
LOC_581	18	18	18	17	19	18
LOC_582	18	18	18	19	20	18
LOC_583	14	14	15	15	15	14
LOC_584	18	20	20	20	20	20
LOC_585	16	16	14	14	14	14
LOC_586	20	20	20	20	20	20
LOC_587	12	12	12	12	12	12
LOC_588	27	26	28	28	28	28
LOC_589	8	7	8	8	8	8
LOC_590	14	14	14	15	15	14
LOC_591	17	17	17	17	17	17
LOC_592	13	11	11	11	11	11
LOC_593	14	14	14	15	14	14
LOC_594	25	25	26	25	26	26
LOC_595	18	18	19	19	19	18
LOC_596	25	26	25	26	26	26
LOC_597	20	20	20	20	19	20
LOC_598	22	20	23	23	21	21
LOC_599	27	30	29	24	26	29
LOC_600	28	26	25	26	24	26
LOC_601	14	14	12	13	13	14
LOC_602	14	14	14	14	14	14
LOC_603	17	17	18	20	20	17
LOC_604	26	28	27	24	26	26
LOC_605	26	25	24	20	22	23
LOC_606	14	14	14	16	16	14
LOC_607	19	21	19	19	19	19
LOC_608	25	25	19	19	20	24
LOC_609	26	27	31	31	31	30
LOC_610	16	14	16	16	16	16
LOC_611	23	23	22	22	25	22
LOC_612	15	15	15	15	15	15
LOC_613	26	26	26	27	26	27
LOC_614	27	28	28	27	26	29
LOC_615	18	19	17	18	18	18
LOC_616	22	22	22	24	22	22
LOC_617	30	30	27	28	28	29
LOC_618	19	19	19	22	20	19
LOC_619	20	20	22	20	21	21
LOC_620	24	23	25	25	25	24
LOC_621	24	27	25	25	24	25
LOC_622	21	21	23	26	26	23
LOC_623	23	23	22	24	23	23
LOC_624	18	18	19	19	19	20
LOC_625	13	14	14	14	16	14
LOC_626	16	17	16	16	16	16
LOC_627	14	14	14	13	14	14
LOC_628	17	18	17	17	17	17
LOC_629	18	18	22	20	20	20
LOC_630	17	16	16	16	16	16
LOC_631	19	20	22	20	20	19
LOC_632	15	16	15	14	15	16
LOC_633	20	20	20	20	20	20
LOC_634	24	22	23	21	22	22
LOC_635	18	18	18	16	18	18
LOC_636	16	17	17	17	15	17
LOC_637	15	15	15	15	19	15
LOC_638	21	18	19	18	18	18
LOC_639	25	24	25	25	25	24
LOC_640	19	18	21	20	20	20
LOC_641	20	18	20	20	20	20
LOC_642	28	27	28	28	29	28
LOC_643	22	22	23	22	22	22
LOC_644	22	22	21	21	24	22
LOC_645	18	18	19	18	19	18
LOC_646	16	16	16	12	16	16
LOC_647	14	14	14	14	15	14
LOC_648	15	15	15	15	15	15
LOC_649	17	17	17	17	17	17
LOC_650	24	25	22	23	23	24
LOC_651	15	15	15	15	15	15
LOC_652	16	16	16	17	16	16
LOC_653	26	25	25	24	25	24
LOC_654	21	21	21	21	21	21
LOC_655	24	24	24	24	24	24
LOC_656	15	15	15	15	15	15
LOC_657	15	15	17	17	17	16
LOC_658	24	23	24	24	23	25
LOC_659	18	18	18	18	20	18
LOC_660	16	16	18	18	18	16
LOC_661	9	10	9	7	7	9
LOC_662	16	17	14	15	15	16
LOC_663	18	18	16	17	18	18
LOC_664	25	24	26	27	25	26
LOC_665	12	13	12	12	12	12
LOC_666	24	22	24	25	22	23
LOC_667	17	18	17	17	17	17
LOC_668	21	20	21	20	20	20
LOC_669	23	21	24	23	22	23
LOC_670	16	13	14	12	12	14
LOC_671	15	16	16	16	16	16
LOC_672	21	21	22	22	22	21
LOC_673	20	22	21	21	19	21
LOC_674	20	21	21	21	21	21
LOC_675	18	18	18	18	19	18
LOC_676	22	22	20	20	21	20
LOC_677	16	16	17	17	17	16
LOC_678	20	19	21	20	20	20
LOC_679	16	15	15	15	15	15
LOC_680	18	18	18	18	18	18
LOC_681	17	17	15	16	16	16
LOC_682	18	18	14	14	14	14
LOC_683	22	20	22	22	22	22
LOC_684	28	29	25	28	25	28
LOC_685	25	24	23	26	26	23
LOC_686	17	18	17	17	19	17
LOC_687	21	21	21	26	25	21
LOC_688	25	24	25	24	24	24
LOC_689	22	20	24	24	24	23
LOC_690	21	21	22	25	22	21
LOC_691	21	21	20	20	20	20
LOC_692	20	20	19	19	20	19
LOC_693	21	19	19	19	19	19
LOC_694	16	15	16	16	16	16
LOC_695	17	16	18	19	19	17
LOC_696	23	25	24	23	21	23
LOC_697	22	21	25	25	24	22
LOC_698	26	28	28	26	28	28
LOC_699	15	15	15	15	16	15
LOC_700	17	17	18	17	17	17
LOC_701	16	16	15	17	16	16
LOC_702	21	21	21	21	21	21
LOC_703	28	29	30	29	31	29
LOC_704	28	29	25	26	25	28
LOC_705	18	18	21	19	19	19
LOC_706	21	21	21	23	22	21
LOC_707	18	18	19	16	18	18
LOC_708	27	29	30	33	33	30
LOC_709	28	27	30	32	30	29
LOC_710	20	20	20	20	20	20
LOC_711	12	12	11	13	12	12
LOC_712	24	23	23	23	23	23
LOC_713	22	22	20	24	24	23
LOC_714	16	16	15	14	17	15
LOC_715	16	16	16	18	18	16
LOC_716	28	31	28	27	28	28
LOC_717	31	28	33	29	30	30
LOC_718	18	18	17	16	17	17
LOC_719	27	29	29	32	31	29
LOC_720	30	28	34	33	33	30
LOC_721	28	29	27	27	28	28
LOC_722	16	16	16	17	17	16
LOC_723	23	23	21	21	21	21
LOC_724	28	28	28	30	30	28
LOC_725	19	19	19	19	20	19
LOC_726	23	23	25	23	23	23
LOC_727	23	20	19	19	19	21
LOC_728	18	18	18	18	18	18
LOC_729	26	25	32	29	31	27
LOC_730	28	26	31	33	34	30
LOC_731	27	28	27	27	27	27
LOC_732	17	17	18	18	18	17
LOC_733	22	21	22	22	24	22
LOC_734	28	25	27	27	26	27
LOC_735	28	26	31	29	27	28
LOC_736	20	20	20	20	20	20
LOC_737	15	17	17	17	17	17
LOC_738	26	28	25	24	26	27
LOC_739	16	16	16	16	16	16
LOC_740	21	21	19	20	21	21
LOC_741	26	26	25	27	27	25
LOC_742	21	21	20	22	21	22
LOC_743	19	19	21	22	21	20
LOC_744	14	14	14	14	14	14
LOC_745	16	16	16	16	16	16
LOC_746	30	26	28	29	27	28
LOC_747	16	16	15	18	16	16
LOC_748	13	15	15	15	16	15
LOC_749	21	20	21	21	21	21
LOC_750	22	19	22	21	21	22
LOC_751	18	18	18	18	18	18
LOC_752	24	24	23	26	23	23
LOC_753	22	22	22	22	22	22
LOC_754	29	29	27	25	25	27
LOC_755	17	16	16	17	16	16
LOC_756	16	16	16	16	16	16
LOC_757	16	16	16	16	16	16
LOC_758	13	13	13	13	12	13
LOC_759	19	19	19	19	19	19
LOC_760	16	16	17	17	17	16
LOC_761	22	23	20	21	21	20
LOC_762	16	16	16	16	16	16
LOC_763	23	25	26	27	27	26
LOC_764	21	22	21	22	22	22
LOC_765	26	27	24	25	25	27
LOC_766	15	15	15	15	15	15
LOC_767	18	18	18	17	17	18
LOC_768	25	26	25	28	30	26
LOC_769	25	24	25	25	24	25
LOC_770	26	25	25	26	26	26
LOC_771	23	23	23	23	23	23
LOC_772	21	21	21	20	21	21
LOC_773	16	16	16	17	17	16
LOC_774	25	29	24	25	25	25
LOC_775	20	19	22	19	19	20
LOC_776	19	21	20	22	22	21
LOC_777	28	28	26	27	28	26
LOC_778	16	16	16	14	15	16
LOC_779	21	21	20	19	19	20
LOC_780	27	27	24	25	25	26
LOC_781	27	27	24	26	26	26
LOC_782	14	14	15	18	17	14
LOC_783	27	28	29	26	26	26
LOC_784	26	27	26	27	26	26
LOC_785	25	24	24	24	24	24
LOC_786	26	27	26	25	25	26
LOC_787	22	21	23	22	22	21
LOC_788	25	25	27	27	28	26
LOC_789	18	18	18	21	18	18
LOC_790	25	26	26	26	26	26
LOC_791	27	26	27	26	26	26
LOC_792	17	17	15	15	15	16
LOC_793	21	21	18	19	18	19
LOC_794	18	18	24	24	24	20
LOC_795	21	21	21	22	22	21
LOC_796	18	18	18	18	20	18
LOC_797	26	26	27	29	28	27
LOC_798	26	26	29	25	23	26
LOC_799	25	26	26	21	21	26
LOC_800	10	9	9	9	9	9
LOC_801	28	26	29	28	29	26
LOC_802	26	27	24	24	24	26
LOC_803	20	20	21	20	19	20
LOC_804	16	16	16	16	16	16
LOC_805	16	16	16	16	19	16
LOC_806	17	17	17	17	17	17
LOC_807	16	16	16	16	16	16
LOC_808	20	18	20	20	20	20
LOC_809	26	24	23	26	25	26
LOC_810	17	17	17	19	17	17
LOC_811	19	20	19	21	19	19
LOC_812	19	19	19	19	19	19
LOC_813	26	26	24	25	25	26
LOC_814	25	28	26	29	27	26
LOC_815	27	27	25	28	28	26
LOC_816	16	16	16	16	16	16
LOC_817	23	22	20	20	22	22
LOC_818	24	24	26	24	25	25
LOC_819	7	7	8	7	7	7
LOC_820	16	16	16	16	16	16
LOC_821	28	27	26	29	29	28
LOC_822	25	25	26	29	25	25
LOC_823	15	15	14	15	15	15
LOC_824	21	21	21	24	22	21
LOC_825	25	25	26	25	25	25
LOC_826	17	18	18	17	14	18
LOC_827	21	21	21	20	20	21
LOC_828	17	19	21	18	19	19
LOC_829	16	17	16	16	16	16
LOC_830	26	26	25	25	25	25
LOC_831	25	25	26	25	24	25
LOC_832	16	16	16	17	17	16
LOC_833	13	14	14	12	12	14
LOC_834	21	21	21	21	21	21
LOC_835	25	25	28	25	24	25
LOC_836	15	15	15	15	15	15
LOC_837	12	12	12	12	12	12
LOC_838	22	22	22	21	21	23
LOC_839	19	18	18	18	18	18
LOC_840	20	20	21	21	21	20
LOC_841	14	14	14	13	14	14
LOC_842	22	24	26	25	23	25
LOC_843	15	17	18	18	18	17
LOC_844	26	28	26	25	24	26
LOC_845	26	24	27	25	26	25
LOC_846	18	20	18	18	18	18
LOC_847	27	23	25	25	25	25
LOC_848	18	19	19	19	19	19
LOC_849	26	26	25	23	25	25
LOC_850	17	17	17	17	17	17
LOC_851	22	24	22	23	22	23
LOC_852	15	13	14	12	12	15
LOC_853	25	28	26	24	27	25
LOC_854	25	25	25	24	25	25
LOC_855	18	17	18	18	18	18
LOC_856	26	26	26	27	27	26
LOC_857	28	28	31	28	29	29
LOC_858	14	14	14	15	15	14
LOC_859	13	14	14	14	14	14
LOC_860	22	22	23	23	23	22
LOC_861	17	17	17	18	18	17
LOC_862	15	15	17	15	15	15
LOC_863	19	21	20	21	21	20
LOC_864	23	23	23	24	24	24
LOC_865	25	24	26	26	25	25
LOC_866	25	23	24	24	23	25
LOC_867	18	18	18	16	16	18
LOC_868	25	24	24	26	27	25
LOC_869	20	19	21	21	21	21
LOC_870	15	13	13	13	16	13
LOC_871	18	16	13	11	13	14
LOC_872	25	26	25	25	26	25
LOC_873	17	17	17	17	16	17
LOC_874	22	22	24	26	25	24
LOC_875	18	18	18	18	18	18
LOC_876	17	15	17	17	17	17
LOC_877	24	24	24	25	26	25
LOC_878	27	26	23	25	24	25
LOC_879	24	26	28	25	26	25
LOC_880	26	27	24	25	26	25
LOC_881	17	17	15	17	17	17
LOC_882	20	20	19	22	22	20
LOC_883	23	25	25	24	25	25
LOC_884	15	15	15	15	15	15
LOC_885	17	17	17	18	17	17
LOC_886	26	25	28	30	27	25
LOC_887	27	25	26	25	25	25
LOC_888	24	23	24	26	26	25
LOC_889	25	23	23	23	23	23
LOC_890	20	21	22	22	22	22
LOC_891	25	24	25	22	25	25
LOC_892	23	22	23	22	22	22
LOC_893	19	19	19	19	19	19
LOC_894	18	18	18	18	18	18
LOC_895	23	24	22	24	24	24
LOC_896	25	25	27	27	29	25
LOC_897	17	17	16	17	18	17
LOC_898	26	24	24	24	26	25
LOC_899	26	25	25	25	25	25
LOC_900	24	23	24	24	25	24
LOC_901	25	25	25	20	25	25
LOC_902	24	24	21	23	23	23
LOC_903	28	29	29	29	30	25
LOC_904	14	14	14	14	14	14
LOC_905	25	27	21	24	26	25
LOC_906	15	15	15	15	15	15
LOC_907	18	18	18	18	18	18
LOC_908	23	22	22	22	21	22
LOC_909	25	27	26	28	27	25
LOC_910	17	18	17	17	17	17
LOC_911	20	19	17	17	17	19
LOC_912	11	11	11	11	11	11
LOC_913	18	22	17	17	17	18
LOC_914	24	23	24	26	26	25
LOC_915	25	25	27	25	29	25
LOC_916	18	18	18	18	18	18
LOC_917	15	14	15	15	15	15
LOC_918	16	17	14	14	14	16
LOC_919	16	15	14	14	14	14
LOC_920	19	19	19	19	19	18
LOC_921	16	17	16	16	16	16
LOC_922	21	21	22	22	23	22
LOC_923	25	24	24	24	24	25
LOC_924	24	25	24	25	23	25
LOC_925	14	14	14	14	16	14
LOC_926	26	25	23	22	25	25
LOC_927	24	24	25	23	20	25
LOC_928	24	24	27	24	27	25
LOC_929	14	15	15	14	15	15
LOC_930	10	10	10	10	10	10
LOC_931	24	27	24	25	24	24
LOC_932	25	24	24	23	23	24
LOC_933	24	24	26	24	25	24
LOC_934	24	24	24	22	22	24
LOC_935	17	17	17	17	17	17
LOC_936	24	24	24	23	24	23
LOC_937	24	23	23	22	22	24
LOC_938	17	17	20	17	17	17
LOC_939	19	19	19	20	19	19
LOC_940	19	19	19	20	19	19
LOC_941	14	14	14	14	14	14
LOC_942	23	23	26	23	23	24
LOC_943	20	20	20	19	22	20
LOC_944	17	20	17	18	15	18
LOC_945	17	17	19	20	20	17
LOC_946	24	24	24	23	24	24
LOC_947	26	29	24	19	21	24
LOC_948	18	18	18	20	20	20
LOC_949	22	22	24	24	24	23
LOC_950	24	26	24	24	25	24
LOC_951	20	19	20	21	21	20
LOC_952	20	20	20	23	20	20
LOC_953	24	24	24	24	23	24
LOC_954	22	22	21	22	22	22
LOC_955	25	24	24	24	24	24
LOC_956	25	23	21	23	20	24
LOC_957	25	23	24	24	23	24
LOC_958	17	17	16	16	16	16
LOC_959	18	18	19	18	18	18
LOC_960	23	22	24	25	25	24
LOC_961	27	26	25	25	25	25
LOC_962	24	23	25	24	23	24
LOC_963	24	24	25	23	23	24
LOC_964	16	16	16	16	17	16
LOC_965	20	21	24	23	25	23
LOC_966	19	19	27	21	22	20
LOC_967	23	23	24	23	26	24
LOC_968	24	24	23	23	23	24
LOC_969	18	17	18	18	18	18
LOC_970	19	19	19	19	19	19
LOC_971	25	25	24	24	24	24
LOC_972	24	23	23	23	23	24
LOC_973	31	30	28	31	28	30
LOC_974	13	15	14	14	14	14
LOC_975	14	14	14	14	14	14
LOC_976	26	28	29	29	27	29
LOC_977	17	17	18	18	18	17
LOC_978	16	16	17	17	17	17
LOC_979	24	26	25	26	26	25
LOC_980	17	16	16	16	16	16
LOC_981	22	22	21	20	21	22
LOC_982	12	12	14	14	14	14
LOC_983	27	26	26	25	25	24
LOC_984	25	25	24	22	22	24
LOC_985	15	15	14	14	14	14
LOC_986	16	17	16	14	15	17
LOC_987	26	24	25	26	26	24
LOC_988	18	18	16	14	16	18
LOC_989	24	23	24	24	24	24
LOC_990	24	23	24	24	24	24
LOC_991	15	15	15	15	15	15
LOC_992	25	25	23	24	24	23
LOC_993	19	19	20	20	20	19
LOC_994	23	24	24	24	24	24
LOC_995	24	24	24	23	24	24
LOC_996	24	23	26	26	23	24
LOC_997	24	25	24	24	22	24
LOC_998	14	14	14	14	14	14
LOC_999	24	24	24	24	25	24
LOC_1000	20	21	23	23	22	21
LOC_1001	20	19	19	20	19	19
LOC_1002	23	20	24	23	23	24
LOC_1003	24	24	26	25	24	24
LOC_1004	17	17	17	16	18	17
LOC_1005	7	7	7	6	6	7
LOC_1006	26	26	21	21	21	24
LOC_1007	19	18	18	18	19	18
LOC_1008	21	21	20	21	21	21
LOC_1009	23	23	24	26	26	24
LOC_1010	15	15	16	16	19	15
LOC_1011	25	25	24	23	23	24
LOC_1012	24	24	24	26	23	24
LOC_1013	25	24	24	23	24	24
LOC_1014	23	25	22	25	25	23
LOC_1015	16	16	16	16	16	16
LOC_1016	14	14	15	15	15	14
LOC_1017	21	21	24	25	25	24
LOC_1018	23	23	26	25	26	24
LOC_1019	14	14	14	18	18	15
LOC_1020	22	23	24	24	24	23
LOC_1021	15	15	15	15	15	15
LOC_1022	24	25	24	24	24	24
LOC_1023	24	25	25	26	25	24
LOC_1024	27	28	28	29	29	29
