names	Run1_C_3	Run1_C_5	Run1_C_7	Run1_C_8	Run1_C_9	root
LOC_1	19	19	19	19	17	19
LOC_2	20	20	20	20	20	20
LOC_3	7	7	7	7	7	7
LOC_4	7	7	7	7	7	7
LOC_5	7	7	7	7	7	7
LOC_6	16	16	16	15	15	16
LOC_7	13	13	14	14	14	13
LOC_8	22	23	25	25	25	22
LOC_9	15	15	15	15	16	15
LOC_10	17	16	16	16	16	17
LOC_11	23	23	21	21	22	23
LOC_12	17	17	17	17	17	17
LOC_13	17	17	17	17	17	17
LOC_14	18	18	19	18	18	18
LOC_15	27	26	26	26	26	27
LOC_16	14	14	14	14	14	14
LOC_17	15	16	15	15	18	15
LOC_18	23	24	23	24	23	23
LOC_19	21	22	23	21	21	22
LOC_20	15	17	17	17	17	15
LOC_21	13	13	13	13	13	13
LOC_22	21	23	22	22	22	21
LOC_23	16	17	16	16	16	16
LOC_24	25	23	22	22	21	23
LOC_25	22	22	22	24	23	22
LOC_26	15	15	15	15	15	15
LOC_27	18	17	17	17	15	17
LOC_28	21	21	21	22	21	21
LOC_29	25	26	28	26	26	25
LOC_30	19	19	19	19	19	19
LOC_31	26	24	24	25	25	26
LOC_32	20	20	21	21	21	20
