names	Run1_C_10	Run1_C_13	Run1_C_16	Run1_C_17	Run1_C_18	Run1_C_23	Run1_C_25	Run1_C_26	Run1_C_27	Run1_C_28	Run1_C_31	Run1_C_32	Run1_C_34	Run1_C_35	Run1_C_36	Run1_C_37	Run1_C_38	Run1_C_39	Run1_C_40	Run1_C_41	Run1_C_42	Run1_C_43	root
LOC_1	19	20	18	19	20	20	21	19	18	20	19	20	19	19	23	20	18	19	19	20	21	21	19
LOC_2	21	20	20	20	20	21	19	19	20	20	21	19	20	19	19	19	20	21	21	21	19	18	20
LOC_3	7	7	7	7	7	6	7	7	7	7	7	7	8	7	7	8	7	8	7	7	7	7	7
LOC_4	6	7	7	7	6	6	6	6	6	6	6	6	6	6	6	6	7	7	6	6	6	6	7
LOC_5	7	7	7	7	7	7	7	7	7	7	7	7	7	8	7	7	7	7	7	7	7	7	7
LOC_6	15	16	15	16	15	15	15	17	15	16	15	17	15	15	18	17	16	16	15	15	15	15	16
LOC_7	14	13	13	13	13	14	13	14	14	13	14	13	14	14	13	14	13	12	13	12	12	12	13
LOC_8	18	21	21	22	22	20	22	21	18	21	18	21	18	18	21	22	21	21	18	18	21	21	22
LOC_9	14	15	15	15	16	15	17	15	15	15	18	15	15	15	15	15	17	17	18	18	15	15	15
LOC_10	17	17	17	17	17	17	17	17	17	17	17	18	17	17	18	19	17	17	17	17	17	17	17
LOC_11	23	23	24	24	23	24	26	23	24	22	23	22	24	25	22	22	23	23	23	23	28	26	23
LOC_12	17	16	14	14	17	17	19	18	17	14	17	14	17	17	13	13	17	17	17	17	17	17	17
LOC_13	17	17	17	17	17	16	16	17	17	17	17	17	18	18	17	17	19	18	17	17	17	18	17
LOC_14	18	17	18	18	18	16	18	18	17	18	19	18	19	19	18	18	16	20	18	17	18	20	18
LOC_15	26	28	31	29	27	27	26	26	26	25	25	27	27	26	25	28	27	28	26	26	26	25	27
LOC_16	14	14	14	14	14	14	14	14	15	14	14	14	15	14	12	12	15	14	14	14	15	16	14
LOC_17	15	15	15	15	15	15	14	15	15	15	15	15	15	15	15	15	16	14	15	15	15	16	15
LOC_18	23	23	21	21	22	23	22	23	23	21	23	24	21	19	24	25	26	26	23	25	22	23	23
LOC_19	21	21	21	21	22	22	21	22	20	18	21	18	23	20	18	18	21	21	21	21	20	19	22
LOC_20	16	16	15	15	16	16	15	17	16	15	16	15	17	17	15	13	16	15	16	16	16	16	15
LOC_21	13	13	13	15	13	13	13	14	14	13	13	11	14	14	11	11	13	13	13	12	13	13	13
LOC_22	20	22	21	21	21	21	21	18	18	21	20	20	21	21	22	21	21	21	19	20	21	21	21
LOC_23	14	15	15	15	17	16	18	16	16	15	14	15	16	16	14	14	17	16	14	14	13	14	16
LOC_24	23	22	24	24	23	23	23	23	24	24	22	23	23	22	24	24	21	21	23	24	24	24	23
LOC_25	21	23	21	22	22	22	23	23	21	21	20	22	21	19	22	20	23	24	18	18	21	22	22
LOC_26	15	16	17	17	15	15	15	13	15	16	16	16	16	16	16	16	15	16	16	16	15	15	15
LOC_27	17	17	17	20	16	16	18	17	17	18	17	18	17	17	18	19	16	16	18	17	17	17	17
LOC_28	19	21	20	21	21	21	20	21	20	21	20	21	21	21	20	20	21	21	22	20	19	20	21
LOC_29	24	22	22	23	25	25	25	26	27	23	25	22	23	24	23	23	23	22	21	24	24	25	25
LOC_30	19	19	19	19	18	18	18	19	19	19	19	19	18	19	19	18	20	20	19	19	19	18	19
LOC_31	22	27	28	27	25	26	23	24	24	26	22	23	23	23	24	23	27	27	24	23	23	22	26
LOC_32	20	20	19	20	21	21	20	20	20	20	20	21	20	20	21	21	20	19	19	20	20	20	20
LOC_33	15	15	17	18	15	15	17	17	19	16	16	16	16	16	17	17	15	15	15	15	15	15	15
LOC_34	14	17	17	17	14	14	14	14	14	17	14	17	13	14	17	17	17	15	15	12	15	14	14
LOC_35	18	19	19	19	20	19	18	19	19	19	19	19	18	19	18	18	20	20	19	19	23	21	19
LOC_36	19	22	22	22	17	18	18	19	19	22	19	22	19	19	21	21	22	22	18	18	19	18	20
LOC_37	22	22	21	22	20	20	20	20	20	19	21	21	20	20	20	22	23	22	21	20	21	20	21
LOC_38	16	16	16	16	14	16	17	16	15	17	16	17	16	16	17	17	15	15	17	16	17	17	16
LOC_39	20	20	21	20	20	20	19	21	21	20	21	20	16	20	21	21	20	20	20	21	19	18	20
LOC_40	14	14	14	14	14	13	15	14	14	14	14	14	15	15	14	14	14	14	14	16	15	15	14
LOC_41	21	17	23	23	23	21	19	22	23	23	22	24	22	22	25	25	22	21	24	20	19	20	21
LOC_42	23	21	21	22	21	21	21	22	23	21	22	21	24	25	19	19	22	21	22	22	22	22	21
LOC_43	18	19	19	19	18	18	19	17	18	18	18	19	18	18	19	20	19	19	18	18	20	20	18
LOC_44	18	19	18	18	18	19	19	18	18	19	21	19	18	18	17	19	18	16	18	18	18	18	18
LOC_45	21	16	16	16	21	21	21	22	22	16	21	16	19	21	16	15	14	14	21	23	21	20	18
LOC_46	20	20	20	20	20	20	20	22	22	20	19	19	20	21	17	17	21	20	21	20	21	20	20
LOC_47	15	15	15	15	15	15	15	15	15	15	15	15	15	15	15	15	15	15	16	16	15	15	15
LOC_48	17	17	18	17	17	17	16	17	17	16	18	17	20	16	17	17	17	18	17	18	16	17	17
LOC_49	15	15	15	15	15	15	15	14	14	15	14	15	14	14	15	15	15	15	15	15	16	16	15
LOC_50	17	16	16	16	16	17	16	14	13	16	17	16	16	16	16	16	16	16	17	17	16	16	16
LOC_51	20	20	22	20	21	22	22	20	21	19	19	19	19	19	19	19	22	20	20	20	23	22	20
LOC_52	21	19	19	19	19	19	20	19	19	17	19	17	19	21	17	17	19	19	19	19	20	18	19
LOC_53	23	21	21	21	22	22	22	24	25	20	23	20	25	25	21	21	22	24	23	23	22	22	23
LOC_54	20	20	22	22	20	22	20	22	21	20	21	19	22	23	19	19	20	20	19	19	19	23	20
LOC_55	19	21	19	21	20	20	20	20	19	21	20	21	20	20	20	20	20	20	20	20	21	20	20
LOC_56	16	18	19	19	19	21	20	20	20	19	17	17	19	19	17	18	21	19	16	16	21	23	19
LOC_57	22	22	22	21	22	22	21	21	23	22	22	22	22	22	23	22	22	22	21	21	21	21	23
LOC_58	23	21	22	22	21	21	24	24	24	22	20	23	23	24	25	27	24	22	20	20	23	24	21
LOC_59	9	11	9	9	9	9	9	9	9	9	9	9	9	9	9	9	9	9	9	9	9	10	9
LOC_60	22	19	21	20	21	21	21	17	17	18	22	18	19	19	18	18	21	21	22	22	22	21	20
LOC_61	26	24	22	22	27	25	25	25	22	21	25	20	25	24	20	19	24	24	26	27	25	25	24
LOC_62	17	18	18	18	17	19	19	20	20	17	17	17	18	17	17	17	18	18	17	17	17	18	18
LOC_63	16	17	17	17	17	17	17	17	17	17	17	17	17	17	17	17	17	17	17	17	16	16	17
LOC_64	18	17	17	17	17	17	16	16	17	17	18	17	17	17	18	18	18	17	17	17	16	16	17
LOC_65	17	17	17	17	17	17	17	19	18	17	16	17	18	18	17	17	17	17	18	18	20	19	17
LOC_66	21	19	19	19	22	22	21	20	20	19	20	19	22	22	21	20	19	19	20	20	22	20	21
LOC_67	21	23	24	24	23	22	24	19	17	24	21	24	19	19	24	23	25	24	21	21	23	24	22
LOC_68	16	16	15	15	16	16	16	16	16	15	16	15	16	16	15	15	16	16	16	16	16	16	16
LOC_69	22	21	21	21	20	21	21	21	21	20	23	20	19	19	25	25	22	21	21	23	21	21	21
LOC_70	24	25	23	25	23	25	26	22	24	25	23	25	25	24	26	26	29	31	22	22	25	26	23
LOC_71	16	16	17	17	16	16	13	16	16	17	16	17	17	16	17	17	16	16	16	16	13	13	16
LOC_72	18	22	20	21	20	21	18	19	20	20	19	20	19	19	19	21	20	20	19	21	18	18	20
LOC_73	19	19	19	19	19	19	19	19	17	18	19	19	16	19	19	19	22	19	20	19	19	20	19
LOC_74	23	23	22	22	24	24	24	24	24	23	20	24	23	23	24	22	24	26	20	20	23	26	22
LOC_75	23	23	23	22	24	23	24	23	23	22	23	22	22	23	23	24	22	22	25	24	30	25	23
LOC_76	22	21	21	21	23	23	22	25	24	21	23	21	25	25	21	21	21	21	25	23	22	23	21
LOC_77	14	14	15	14	14	16	16	14	14	14	14	15	14	14	15	15	15	14	14	14	17	17	14
LOC_78	25	19	17	19	25	24	24	21	20	18	24	18	25	25	18	19	18	18	24	24	24	24	22
LOC_79	15	18	17	16	14	14	17	13	15	18	16	16	13	15	16	16	20	19	14	17	13	14	15
LOC_80	25	23	23	23	23	25	19	24	24	23	23	23	23	22	23	23	25	26	24	25	24	23	24
LOC_81	18	16	13	13	16	17	16	16	19	16	15	16	19	17	18	17	16	16	16	16	17	16	16
LOC_82	20	19	20	20	20	20	18	19	19	21	20	20	18	18	19	21	20	20	21	21	21	21	20
LOC_83	16	18	17	17	18	15	17	17	17	19	16	20	16	16	19	19	18	18	16	16	18	18	18
LOC_84	16	16	16	16	17	18	21	16	16	15	16	15	17	17	14	14	16	20	18	16	20	20	16
LOC_85	21	21	22	22	26	25	25	21	21	22	20	22	22	21	19	22	22	21	22	21	26	25	21
LOC_86	15	16	17	16	16	15	15	15	15	16	15	16	15	16	16	17	16	16	15	15	15	15	16
LOC_87	22	20	20	20	20	20	20	21	22	16	21	19	21	21	19	21	20	20	21	21	20	20	20
LOC_88	17	24	22	22	20	20	20	20	20	23	22	21	20	20	21	21	23	23	21	20	22	23	22
LOC_89	25	26	25	25	29	25	26	23	24	23	26	24	21	24	24	24	25	25	25	26	26	26	26
LOC_90	20	20	22	21	21	20	21	20	21	19	22	20	19	20	20	21	20	20	20	20	21	23	20
LOC_91	16	17	18	18	17	17	17	19	18	16	18	16	19	19	16	16	17	16	18	19	18	18	17
LOC_92	20	19	18	20	24	18	18	22	22	18	22	19	20	20	21	21	19	19	19	20	20	19	19
LOC_93	12	13	13	13	13	12	12	12	14	13	12	13	12	12	13	13	12	12	12	12	12	12	12
LOC_94	14	15	15	15	14	14	15	15	15	15	14	15	15	18	15	15	14	15	15	14	15	15	15
LOC_95	13	13	11	11	13	14	13	15	15	13	13	13	15	15	13	13	13	13	13	13	12	12	13
LOC_96	19	20	20	20	21	21	20	21	21	20	20	23	19	21	21	21	22	22	19	19	20	20	20
LOC_97	22	19	21	20	21	22	21	25	25	18	23	18	22	22	20	20	24	21	24	22	21	19	20
LOC_98	15	15	17	17	15	15	15	15	15	17	15	16	15	15	16	16	15	15	15	15	16	15	15
LOC_99	15	16	16	16	14	14	16	15	13	16	15	16	15	15	16	16	17	16	14	14	15	15	16
LOC_100	16	14	14	14	15	16	15	16	16	14	16	14	13	16	15	14	14	14	16	16	16	16	14
LOC_101	20	21	21	22	21	20	21	21	21	22	19	20	21	21	21	21	21	21	18	17	20	21	21
LOC_102	19	20	19	19	19	20	19	19	19	19	18	19	19	20	19	18	16	16	20	20	19	20	19
LOC_103	15	14	14	14	14	14	14	17	17	16	15	16	15	15	16	16	14	14	15	15	14	14	14
LOC_104	19	21	20	21	21	21	21	19	19	21	19	21	17	20	21	21	20	20	21	19	21	21	21
LOC_105	17	17	17	17	16	18	18	20	17	16	17	16	18	16	17	15	17	17	17	17	18	19	16
LOC_106	28	25	26	26	24	28	25	28	26	25	27	27	29	27	26	26	28	26	27	27	25	25	28
LOC_107	15	16	15	15	15	15	15	15	15	15	15	15	15	15	16	15	15	15	15	15	15	15	15
LOC_108	24	23	22	23	24	24	23	22	22	24	22	25	22	22	26	24	23	24	23	23	24	23	23
LOC_109	14	14	14	14	14	14	14	13	13	14	14	14	13	13	14	14	14	14	14	14	14	14	14
LOC_110	17	15	14	14	16	17	16	16	16	14	18	13	16	16	13	13	13	13	21	21	16	16	16
LOC_111	15	15	12	12	13	15	15	15	15	15	15	15	15	15	15	15	16	16	15	15	14	14	15
LOC_112	21	23	20	21	21	21	21	21	23	21	22	22	20	21	21	21	21	22	21	21	22	23	21
LOC_113	15	14	14	14	14	15	14	18	16	14	16	14	14	14	14	13	14	14	15	15	14	14	14
LOC_114	18	16	16	16	17	17	17	17	17	16	17	16	17	17	17	17	15	15	17	17	18	17	17
LOC_115	14	14	12	14	14	14	14	14	14	15	15	14	13	14	15	15	14	14	15	15	14	14	14
LOC_116	14	14	14	14	14	14	14	14	14	14	14	14	12	12	14	14	14	14	14	14	14	14	14
LOC_117	19	21	19	21	19	21	20	20	20	17	20	18	18	19	18	17	20	20	20	20	19	20	19
LOC_118	15	16	18	18	13	15	15	15	15	16	15	16	16	15	15	15	15	15	16	15	16	15	16
LOC_119	22	25	23	23	24	23	24	24	23	22	21	25	20	23	24	25	24	23	22	22	24	22	23
LOC_120	18	18	18	18	18	18	18	17	18	21	19	17	18	18	18	18	18	18	19	19	18	18	18
LOC_121	18	17	17	17	19	19	19	19	19	17	18	16	19	19	16	16	19	17	19	19	19	19	18
LOC_122	19	18	20	21	19	18	18	19	19	20	21	18	19	19	17	16	20	20	21	22	18	18	19
LOC_123	24	25	25	25	24	24	25	25	25	25	24	26	25	25	25	27	25	25	22	23	24	24	24
LOC_124	22	21	21	21	21	25	23	22	21	23	24	21	23	24	23	23	21	22	23	25	23	26	22
LOC_125	28	28	29	30	25	30	26	28	28	28	25	30	26	27	30	29	30	29	27	26	28	27	27
LOC_126	13	14	14	15	14	14	14	16	16	15	13	15	14	14	15	14	12	13	13	13	14	14	14
LOC_127	24	22	23	24	21	19	21	22	22	21	24	22	23	24	18	18	20	21	25	24	21	21	22
LOC_128	21	20	20	22	21	21	21	21	21	21	21	21	21	21	22	20	20	20	21	23	21	21	20
LOC_129	21	19	20	20	22	20	20	19	18	20	21	20	18	18	20	20	19	18	21	21	21	21	19
LOC_130	27	26	23	22	23	23	24	25	25	24	24	24	26	26	23	22	24	24	24	26	24	24	24
LOC_131	16	13	13	13	15	15	15	15	15	12	16	13	15	15	13	13	13	13	16	16	15	15	15
LOC_132	21	19	21	21	19	19	19	21	21	22	21	22	22	23	22	22	21	21	21	21	18	18	21
LOC_133	26	22	21	21	23	23	23	27	23	22	26	20	23	25	22	22	22	22	25	25	23	23	22
LOC_134	25	23	22	22	22	22	23	23	23	23	25	24	26	22	22	23	23	23	23	23	25	23	23
LOC_135	15	15	15	15	14	14	14	12	11	15	14	15	12	12	15	15	15	15	14	14	14	14	14
LOC_136	17	15	16	16	13	15	15	14	14	16	17	15	15	15	15	15	15	15	18	18	17	17	15
LOC_137	21	25	25	25	24	26	27	26	23	25	20	25	26	26	27	28	26	28	20	20	25	24	24
LOC_138	22	24	21	21	22	19	20	21	21	21	22	21	23	25	21	21	20	20	24	21	20	21	21
LOC_139	17	17	17	17	17	17	16	17	17	17	17	17	17	17	17	17	17	17	16	16	16	17	17
LOC_140	15	17	17	17	17	18	18	14	16	17	15	17	18	16	17	17	17	17	15	17	18	18	17
LOC_141	13	14	15	15	13	13	13	13	13	16	13	16	13	13	16	16	15	15	13	13	12	13	15
LOC_142	25	27	30	26	26	29	27	27	25	29	25	28	26	25	28	27	25	27	24	27	26	27	27
LOC_143	22	20	20	20	20	23	23	21	20	21	21	18	23	23	18	18	22	23	21	22	23	23	21
LOC_144	16	16	16	16	16	16	16	15	15	17	16	15	15	15	17	16	16	16	19	16	16	16	16
LOC_145	21	18	18	18	19	18	18	21	22	18	21	18	21	20	19	17	17	18	21	20	18	18	20
LOC_146	20	19	20	20	20	18	20	18	17	20	20	24	18	18	22	21	20	20	20	20	22	20	20
LOC_147	19	24	22	22	18	19	20	18	19	23	18	25	19	19	25	24	21	21	18	19	20	23	21
LOC_148	17	14	14	14	16	16	16	17	17	14	17	14	17	17	14	14	14	14	17	17	16	16	14
LOC_149	19	16	17	17	19	18	18	18	19	17	19	17	17	21	18	17	16	16	19	19	18	18	18
LOC_150	17	15	15	15	16	15	15	16	18	16	18	17	16	16	15	15	16	15	18	18	16	15	15
LOC_151	16	16	16	16	16	16	16	14	11	16	17	16	18	16	16	16	16	16	14	17	16	16	16
LOC_152	21	22	22	23	21	21	23	20	21	22	21	21	22	23	22	22	22	22	21	21	21	27	20
LOC_153	25	19	19	19	19	21	19	25	24	19	26	18	24	25	20	19	20	20	27	26	18	19	20
LOC_154	20	17	17	17	17	16	16	18	18	17	20	19	18	18	17	17	19	18	24	22	16	16	18
LOC_155	20	20	19	19	21	20	20	23	23	19	21	18	24	23	18	18	20	20	21	23	20	19	21
LOC_156	17	17	18	19	17	17	20	17	17	17	17	17	17	17	18	18	16	16	17	17	17	17	17
LOC_157	17	17	17	17	17	17	17	15	17	16	17	16	17	18	16	16	17	17	16	16	17	17	17
LOC_158	22	22	24	24	21	21	23	22	22	23	22	23	22	22	23	24	22	22	22	25	27	25	22
LOC_159	16	15	15	15	15	15	16	16	15	17	19	17	13	13	17	17	15	15	19	19	15	15	15
LOC_160	19	18	19	19	20	19	18	19	19	19	19	20	19	19	20	18	21	19	18	18	18	18	19
LOC_161	22	22	22	22	20	21	20	22	24	23	22	22	19	19	23	22	21	19	22	20	21	19	21
LOC_162	20	19	17	19	20	21	20	20	20	20	22	19	18	21	19	19	19	19	20	20	20	20	20
LOC_163	18	16	17	16	18	18	18	20	22	16	18	16	19	17	15	15	18	18	19	19	18	18	18
LOC_164	18	21	25	23	19	19	16	18	17	22	19	21	18	18	25	22	20	20	18	18	16	16	20
LOC_165	16	16	16	16	15	15	15	16	16	16	16	17	14	16	17	18	15	15	17	17	15	15	15
LOC_166	16	17	19	17	17	18	18	17	17	18	17	17	17	14	18	18	17	17	17	17	18	18	17
LOC_167	17	16	16	16	17	17	18	17	16	17	17	20	17	17	16	17	18	14	17	17	18	17	16
LOC_168	28	28	27	27	26	30	29	29	29	29	29	26	29	28	28	28	27	27	32	32	28	28	28
LOC_169	24	25	24	24	23	22	23	23	22	25	23	23	23	23	24	23	25	25	23	25	21	23	23
LOC_170	19	20	19	19	19	20	20	20	20	19	21	19	20	20	19	19	19	19	20	21	20	20	19
LOC_171	24	25	20	19	23	25	24	25	25	20	25	18	23	23	18	18	23	22	25	22	27	25	23
LOC_172	26	24	24	23	28	27	26	29	29	23	26	24	26	28	22	22	21	21	23	24	29	30	22
LOC_173	16	16	16	16	16	16	16	16	16	16	17	16	16	16	16	17	16	16	17	17	17	16	16
LOC_174	22	22	26	24	21	21	24	22	23	23	22	24	22	22	25	25	23	23	22	21	21	20	22
LOC_175	23	24	26	26	26	27	26	28	29	27	27	27	33	33	27	26	26	27	29	29	25	25	27
LOC_176	15	16	15	14	15	14	14	15	15	14	15	14	16	16	14	14	15	14	15	15	14	15	14
LOC_177	22	27	26	26	25	25	24	25	24	26	23	26	24	23	31	25	27	25	22	23	25	25	24
LOC_178	20	25	23	25	24	23	21	24	25	24	21	26	26	25	23	23	24	24	18	18	25	23	23
LOC_179	23	23	24	24	23	23	23	22	24	23	22	22	23	23	21	20	23	25	22	22	24	23	23
LOC_180	24	22	22	22	22	21	21	23	23	21	23	23	24	24	20	22	26	25	23	23	23	22	22
LOC_181	18	17	17	17	19	19	21	18	18	17	17	17	18	18	17	17	17	17	18	18	18	18	18
LOC_182	23	23	23	23	23	23	23	24	25	25	24	26	23	21	24	26	23	24	24	24	24	24	23
LOC_183	24	23	24	27	25	25	28	25	22	23	28	22	25	24	25	25	24	25	24	25	25	27	25
LOC_184	16	16	17	17	18	19	19	17	17	17	18	17	17	17	17	18	17	17	16	16	20	19	16
LOC_185	20	22	21	21	20	18	19	20	20	22	20	17	19	18	17	17	21	21	19	21	19	18	20
LOC_186	16	17	17	17	16	16	16	16	16	17	16	18	17	17	18	19	16	16	17	16	16	16	16
LOC_187	21	21	21	20	21	20	21	19	19	20	20	20	19	19	20	20	21	21	20	21	23	24	21
LOC_188	27	25	25	20	26	26	26	25	23	28	27	25	24	24	26	26	25	26	25	25	26	22	25
LOC_189	19	17	20	19	14	16	17	15	16	16	16	16	14	15	16	16	16	16	16	17	17	17	14
LOC_190	23	23	21	21	21	21	21	21	21	23	21	23	19	19	23	23	22	22	21	21	21	21	22
LOC_191	17	17	17	17	17	18	17	15	16	17	18	16	15	15	15	16	17	17	18	18	18	17	17
LOC_192	21	21	24	24	20	21	21	19	19	25	22	25	21	19	26	27	22	19	22	20	22	20	21
LOC_193	15	14	13	13	16	16	17	15	12	13	14	13	15	15	13	13	15	15	15	15	15	15	15
LOC_194	19	20	20	20	20	19	19	20	21	20	18	20	19	20	22	23	18	19	18	18	19	19	18
LOC_195	19	18	16	18	18	18	18	17	17	18	18	18	18	16	18	18	18	18	18	18	18	18	18
LOC_196	23	20	22	21	23	23	22	22	23	21	22	22	21	22	19	19	20	19	22	22	23	20	22
LOC_197	22	21	21	21	20	20	20	19	18	21	20	21	20	20	21	21	19	19	19	21	19	19	21
LOC_198	26	29	26	26	28	29	25	29	27	23	25	26	25	25	26	24	29	31	24	24	27	25	27
LOC_199	16	16	14	14	14	14	16	13	14	14	16	14	14	14	14	13	12	12	16	16	15	15	14
LOC_200	24	23	24	23	24	25	23	22	24	23	23	22	24	23	24	22	23	23	23	23	26	27	23
LOC_201	26	23	24	25	24	26	25	23	24	22	26	24	23	23	24	24	24	24	26	26	31	29	24
LOC_202	18	17	16	16	17	17	18	18	18	17	19	17	18	18	17	17	18	17	19	19	19	19	17
LOC_203	18	17	16	15	16	16	16	17	17	17	18	17	18	19	17	17	18	18	18	18	16	16	18
LOC_204	17	19	20	20	18	17	18	18	17	19	17	19	19	19	21	19	19	20	16	16	19	20	18
LOC_205	16	14	14	14	17	17	17	12	12	14	15	14	13	13	14	14	14	15	16	16	17	17	14
LOC_206	19	20	20	20	17	17	17	19	18	22	17	20	18	22	20	20	21	21	19	18	17	17	20
LOC_207	17	14	14	14	16	16	16	16	16	16	16	14	16	16	14	14	16	15	16	15	16	17	14
LOC_208	11	14	14	14	15	14	14	15	15	16	14	14	14	14	12	14	14	14	14	14	16	15	14
LOC_209	14	17	18	16	16	17	17	14	14	18	14	17	14	15	17	17	17	17	14	14	17	17	17
LOC_210	22	17	21	21	23	22	21	22	22	25	22	23	22	22	23	23	19	18	22	22	22	22	22
LOC_211	22	25	27	27	24	26	26	24	24	24	28	26	23	22	25	25	25	25	23	23	24	25	24
LOC_212	22	23	21	23	22	22	21	23	23	23	22	23	25	23	24	23	23	23	22	22	23	22	24
LOC_213	20	19	20	19	19	18	18	20	19	19	20	19	17	19	20	19	19	19	18	18	18	18	19
LOC_214	18	17	18	17	17	17	18	19	20	17	18	17	17	17	17	19	19	19	17	17	17	17	17
LOC_215	16	15	15	14	16	16	15	16	16	13	16	13	15	16	13	13	16	16	16	16	15	14	16
LOC_216	16	18	18	18	19	20	20	19	19	18	18	18	19	19	18	18	18	18	18	18	20	19	20
LOC_217	24	24	25	26	24	23	24	22	22	26	23	23	23	24	26	26	25	24	24	24	25	22	25
LOC_218	16	17	17	19	17	17	17	16	17	17	16	21	16	16	20	21	17	17	16	16	17	17	17
LOC_219	16	14	14	14	15	15	15	16	16	14	15	14	14	15	14	14	15	14	17	15	15	15	15
LOC_220	20	18	18	18	18	18	17	19	19	18	19	21	21	19	19	20	17	18	21	20	19	19	18
LOC_221	21	24	25	26	25	24	22	24	22	26	20	23	23	24	25	25	26	23	20	19	24	24	24
LOC_222	26	28	31	33	26	26	27	27	26	29	24	28	25	24	27	25	27	26	27	25	27	25	28
LOC_223	14	13	13	13	14	14	14	14	14	14	14	13	16	14	13	13	14	15	14	14	14	14	14
LOC_224	16	17	16	15	16	16	16	16	16	13	16	13	16	16	13	13	19	16	16	16	13	15	16
LOC_225	22	21	22	21	24	23	23	21	21	21	24	22	21	21	22	22	21	21	22	23	24	23	21
LOC_226	16	16	15	15	16	16	16	15	15	17	16	16	15	15	16	16	16	16	16	16	18	16	16
LOC_227	7	7	7	7	7	8	8	7	7	7	7	7	6	6	8	7	7	7	7	7	9	8	7
LOC_228	16	16	16	16	14	16	16	16	16	17	16	16	18	17	16	17	16	16	16	16	16	16	16
LOC_229	17	15	15	16	17	17	17	17	18	15	18	16	19	19	15	15	15	15	17	17	20	20	17
LOC_230	19	18	17	17	21	21	20	19	19	17	19	18	18	18	18	20	17	17	20	19	21	21	19
LOC_231	20	18	21	19	19	18	18	22	21	19	20	16	19	22	15	15	19	19	20	21	18	19	19
LOC_232	20	18	17	17	18	18	18	22	23	18	20	18	20	21	17	18	18	20	20	21	15	15	18
LOC_233	15	15	15	15	15	15	15	15	15	16	15	15	15	15	15	15	15	15	14	15	14	14	15
LOC_234	17	13	14	14	15	15	15	15	15	14	17	14	13	15	14	14	15	15	19	19	15	15	15
LOC_235	21	23	22	25	22	22	23	20	20	23	21	23	19	20	22	22	22	22	21	21	22	22	22
LOC_236	18	17	16	16	18	18	18	18	18	17	17	17	16	17	15	15	15	17	17	17	18	18	17
LOC_237	19	20	19	19	18	18	18	18	18	21	19	20	18	18	22	21	20	20	20	19	18	18	20
LOC_238	22	20	21	21	20	20	20	21	20	19	22	23	20	21	22	22	20	21	22	21	21	19	21
LOC_239	25	21	22	22	23	23	25	24	23	19	29	21	23	24	24	24	19	21	27	27	27	26	22
LOC_240	14	14	14	14	14	13	13	13	13	14	14	14	14	14	14	14	14	14	13	15	15	14	14
LOC_241	18	20	19	21	19	19	18	18	18	22	18	20	19	20	21	20	18	19	18	18	19	19	18
LOC_242	16	17	18	17	17	16	16	16	16	18	17	17	17	17	17	17	17	17	16	16	17	16	17
LOC_243	19	20	21	19	19	19	18	18	18	20	19	20	21	19	21	21	20	22	18	18	17	17	19
LOC_244	13	14	15	16	18	17	18	14	14	14	14	14	14	14	14	14	15	14	14	15	18	18	14
LOC_245	25	27	26	25	25	23	23	23	21	25	24	25	24	24	24	24	24	24	23	23	24	23	24
LOC_246	22	26	22	23	23	25	24	22	23	24	21	23	22	19	23	23	23	22	21	21	26	26	24
LOC_247	15	16	15	16	14	14	14	14	14	17	14	15	15	15	16	15	16	16	14	14	14	15	16
LOC_248	18	18	19	19	18	18	19	18	18	16	21	16	18	20	16	16	18	18	22	22	20	18	18
LOC_249	22	26	25	24	23	23	24	24	23	27	22	28	20	19	25	25	26	25	24	22	22	22	24
LOC_250	26	26	23	23	25	24	23	25	25	23	25	23	24	27	26	25	26	26	23	25	21	22	27
LOC_251	17	17	17	17	20	19	19	20	17	16	18	16	16	16	17	17	16	18	18	19	19	19	17
LOC_252	23	22	22	21	23	23	23	22	25	23	24	22	23	23	23	22	21	21	23	23	21	21	22
LOC_253	14	15	15	16	14	14	14	16	17	15	15	15	16	16	15	15	14	14	15	15	15	15	14
LOC_254	19	16	16	16	18	18	19	19	19	16	21	16	18	18	16	15	15	16	20	19	20	19	16
LOC_255	23	21	20	20	23	25	26	24	25	22	23	22	22	25	21	21	22	23	24	24	25	23	23
LOC_256	18	20	20	21	18	18	18	19	18	20	17	20	20	20	19	19	20	20	19	19	18	18	19
LOC_257	21	19	21	22	22	21	21	20	20	21	22	21	20	20	21	20	22	22	21	20	21	21	20
LOC_258	15	13	13	13	13	13	13	15	15	13	15	13	17	17	13	13	15	15	15	15	13	13	13
LOC_259	19	20	22	22	20	20	20	20	20	19	19	19	20	20	20	18	20	19	20	19	20	20	20
LOC_260	22	26	22	22	23	21	22	24	24	22	21	24	25	25	21	21	23	21	23	23	24	21	22
LOC_261	15	15	14	14	15	15	13	13	13	14	15	14	14	14	15	14	15	16	16	17	15	15	15
LOC_262	13	15	13	13	13	14	15	13	13	13	13	13	13	13	15	13	13	13	14	13	14	14	13
LOC_263	16	14	15	15	16	16	16	16	16	14	17	15	16	16	14	14	16	16	17	17	13	16	16
LOC_264	20	18	23	23	22	21	24	21	20	25	19	23	20	21	23	23	20	21	19	19	21	21	22
LOC_265	20	24	25	25	20	20	20	21	22	26	21	23	20	20	25	27	24	24	20	20	19	18	24
LOC_266	19	19	19	19	19	19	17	18	18	18	18	19	18	18	19	17	19	19	19	19	19	19	19
LOC_267	17	18	20	19	17	17	17	17	16	21	17	19	17	17	19	19	18	18	16	18	17	17	18
LOC_268	17	17	17	17	17	17	17	17	17	17	16	17	17	17	17	17	17	17	16	18	17	17	17
LOC_269	13	16	15	16	16	15	16	16	16	16	16	16	16	16	13	15	20	16	16	16	15	16	16
LOC_270	19	20	19	18	19	19	19	18	17	20	19	20	20	18	18	18	20	20	19	15	20	19	19
LOC_271	23	23	24	25	23	23	23	22	23	24	23	23	23	23	26	27	24	23	26	25	21	21	24
LOC_272	24	23	22	22	23	22	25	20	20	22	23	21	20	22	21	21	23	24	24	24	22	22	23
LOC_273	24	26	27	24	23	25	25	25	26	25	25	26	23	23	26	25	23	24	24	25	23	24	24
LOC_274	21	22	23	23	22	23	23	22	21	23	21	23	21	21	24	23	22	22	22	22	22	23	22
LOC_275	15	15	17	19	15	15	15	15	15	15	16	15	14	14	15	15	15	15	17	17	15	15	15
LOC_276	22	20	20	19	20	21	20	20	25	19	22	20	21	20	18	19	20	20	22	22	22	21	20
LOC_277	14	14	15	15	14	17	14	15	15	14	14	13	15	15	14	14	14	14	14	12	14	14	14
LOC_278	14	14	14	14	13	13	13	13	16	15	15	15	14	14	15	14	14	14	13	14	13	13	14
LOC_279	15	15	15	15	15	15	15	16	16	15	15	15	16	17	15	16	15	15	15	15	15	15	15
LOC_280	19	20	20	20	21	21	21	18	18	20	18	19	19	19	18	18	19	20	20	20	23	21	20
LOC_281	24	19	21	19	20	20	20	21	21	19	20	19	21	21	18	19	20	20	20	20	22	20	20
LOC_282	15	17	17	18	15	15	15	15	16	19	17	19	15	15	19	19	17	19	14	14	15	15	15
LOC_283	14	15	15	15	14	14	14	14	14	15	16	15	14	14	15	15	15	15	15	15	14	14	14
LOC_284	14	14	14	14	14	14	13	13	13	14	14	12	13	13	12	12	14	14	14	14	15	15	14
LOC_285	28	30	28	28	30	29	30	25	26	27	28	27	27	28	31	30	26	26	31	31	28	24	29
LOC_286	17	18	19	18	17	16	18	17	17	18	18	20	17	17	19	18	18	19	18	17	18	18	18
LOC_287	27	26	26	26	29	25	27	27	27	25	27	25	26	26	27	26	28	31	27	26	24	27	28
LOC_288	13	16	17	16	14	14	15	13	13	17	15	19	11	11	16	17	17	17	17	17	13	13	17
LOC_289	15	15	15	16	13	11	13	16	17	15	15	15	15	16	16	15	12	15	15	15	13	13	15
LOC_290	18	19	18	19	18	18	19	18	18	19	18	19	18	19	18	18	21	19	21	20	19	22	19
LOC_291	17	16	16	16	18	18	18	18	18	16	17	16	16	16	17	17	17	17	17	17	16	16	18
LOC_292	20	21	21	21	18	20	17	17	20	21	19	22	19	19	21	22	23	23	19	19	18	19	19
LOC_293	15	15	18	18	15	15	15	16	16	12	15	13	14	15	13	13	15	15	15	15	15	15	15
LOC_294	24	26	28	27	25	24	24	24	25	27	26	27	24	24	30	29	24	24	23	22	23	24	25
LOC_295	18	18	16	18	18	18	17	20	20	17	19	18	19	19	17	16	19	20	19	19	17	16	18
LOC_296	18	13	14	14	16	14	14	14	14	15	19	15	14	14	15	15	14	14	18	19	14	14	14
LOC_297	16	15	14	15	16	16	16	16	16	15	16	16	16	16	15	15	15	15	16	16	19	19	15
LOC_298	17	17	15	15	19	15	15	17	17	18	17	17	17	17	17	16	17	17	17	18	15	15	17
LOC_299	15	16	15	15	16	17	17	17	17	15	16	15	15	15	15	15	16	16	17	17	18	17	16
LOC_300	21	17	19	19	17	17	17	18	18	19	21	16	17	18	19	19	17	18	19	20	16	17	17
LOC_301	20	20	20	21	20	19	21	20	20	22	22	22	21	22	21	22	18	19	20	20	22	22	20
LOC_302	26	24	23	23	24	25	24	22	22	22	27	22	24	24	25	25	27	24	24	24	24	24	24
LOC_303	17	20	20	20	17	18	18	18	17	21	17	23	17	16	23	21	17	19	17	17	17	18	18
LOC_304	13	15	15	15	14	14	14	16	16	15	13	15	16	16	15	14	14	14	13	13	14	14	14
LOC_305	17	18	21	18	18	18	17	18	17	18	17	19	17	17	19	20	18	18	17	17	18	18	17
LOC_306	27	27	27	26	24	27	23	25	24	30	27	30	24	24	28	28	26	26	27	27	23	23	26
LOC_307	23	22	22	22	19	20	21	25	26	20	22	20	26	26	22	20	23	24	27	30	21	20	22
LOC_308	22	23	25	22	20	21	21	23	24	22	21	22	21	21	22	22	21	21	22	22	22	21	22
LOC_309	22	22	22	21	21	21	20	22	23	21	22	22	21	21	21	21	22	22	22	23	21	21	22
LOC_310	11	15	14	14	11	11	11	11	11	15	13	15	11	11	15	15	14	15	13	13	11	11	15
LOC_311	18	20	18	18	18	20	21	18	18	17	18	17	18	18	16	16	18	18	18	18	21	21	18
LOC_312	16	17	16	16	16	16	16	16	16	16	16	19	15	16	16	16	18	17	16	17	16	16	18
LOC_313	16	16	15	15	16	17	16	18	18	17	18	17	16	16	17	17	16	16	18	19	16	16	16
LOC_314	15	15	14	14	15	15	15	15	15	11	15	11	19	16	11	11	16	15	15	15	17	14	15
LOC_315	17	15	15	15	17	17	18	17	17	15	18	17	17	17	15	16	15	15	17	18	18	19	15
LOC_316	28	26	25	28	27	29	27	25	26	26	30	26	28	27	26	26	27	28	27	27	27	25	26
LOC_317	23	21	20	20	22	29	27	21	21	19	21	22	21	20	22	22	21	21	22	22	27	27	21
LOC_318	20	23	24	25	22	22	22	20	20	25	20	23	20	20	23	22	22	22	20	20	21	22	22
LOC_319	23	22	25	22	24	24	24	26	25	23	24	22	25	26	22	22	22	22	25	25	25	24	22
LOC_320	21	19	20	20	21	21	20	23	22	19	21	19	23	23	20	19	20	20	21	21	18	18	21
LOC_321	16	15	14	14	15	15	14	16	16	17	16	15	16	16	15	15	15	15	16	16	14	14	16
LOC_322	12	12	14	12	13	12	12	15	15	12	12	12	14	14	12	12	12	14	11	11	12	12	12
LOC_323	14	14	14	14	16	16	13	15	15	14	14	14	15	14	14	14	14	14	14	14	17	16	14
LOC_324	21	19	21	21	21	20	20	21	21	18	20	19	21	21	18	18	21	19	20	20	20	20	21
LOC_325	16	16	15	16	16	16	16	17	16	17	16	17	16	16	17	17	16	16	16	16	16	16	16
LOC_326	21	16	16	16	17	17	18	24	24	17	21	16	24	25	17	16	16	16	21	21	15	16	16
LOC_327	17	15	15	15	15	15	15	17	17	15	17	15	17	17	15	14	15	16	17	17	15	15	15
LOC_328	21	22	21	21	20	20	17	20	20	21	24	21	20	20	21	20	20	20	23	23	17	17	20
LOC_329	22	23	27	28	23	24	25	22	22	27	22	25	22	22	25	24	22	23	22	22	24	25	23
LOC_330	19	22	21	21	22	23	21	19	19	20	19	21	20	19	18	14	25	24	20	19	22	20	22
LOC_331	25	21	22	21	23	25	23	22	22	22	24	21	22	22	20	22	23	22	25	24	22	22	23
LOC_332	15	15	15	15	15	15	15	15	15	15	15	15	13	13	15	15	16	15	16	16	17	15	15
LOC_333	16	14	14	14	16	16	18	16	16	14	16	15	16	16	14	14	14	14	16	16	20	18	14
LOC_334	19	18	18	18	20	19	20	19	19	18	20	19	18	18	18	18	18	18	20	21	19	18	19
LOC_335	23	25	21	21	23	22	22	22	24	24	23	28	23	23	27	26	25	25	23	23	20	20	23
LOC_336	27	23	23	23	23	24	20	24	24	23	24	23	22	23	24	24	25	23	24	25	22	22	24
LOC_337	21	20	20	21	21	22	22	24	26	20	21	20	23	21	24	20	20	20	21	18	21	22	20
LOC_338	19	18	17	17	19	19	19	19	19	18	19	18	19	19	16	19	18	18	24	25	19	19	19
LOC_339	18	17	18	18	18	19	20	17	19	16	18	16	18	18	17	17	17	17	18	18	21	20	17
LOC_340	14	14	14	14	12	12	12	12	12	16	14	14	12	12	14	14	13	13	15	14	12	12	13
LOC_341	17	19	17	17	20	19	19	17	17	19	17	19	17	19	18	19	21	21	16	16	18	18	20
LOC_342	15	14	14	14	15	17	15	16	15	14	15	14	15	15	14	14	15	15	16	15	16	15	14
LOC_343	21	21	19	20	20	20	21	19	20	19	20	20	20	20	20	20	20	20	18	19	20	20	20
LOC_344	17	17	17	16	18	17	17	17	17	18	15	18	16	16	18	18	17	17	16	16	17	17	17
LOC_345	15	16	16	16	15	15	15	15	15	17	15	17	18	18	20	17	18	18	17	15	19	21	15
LOC_346	23	21	22	21	23	24	25	25	24	22	23	21	24	23	23	25	23	23	23	23	23	24	23
LOC_347	20	19	19	19	23	23	22	18	18	19	20	19	18	18	19	19	19	19	18	19	22	22	20
LOC_348	21	24	22	22	20	20	20	19	21	23	20	22	21	20	21	22	21	21	20	20	20	20	20
LOC_349	15	15	14	15	17	17	17	15	15	15	17	14	15	14	15	17	15	15	18	19	17	17	15
LOC_350	18	17	16	16	16	16	16	17	17	19	17	17	18	20	17	17	17	17	21	19	16	16	17
LOC_351	26	25	25	24	27	24	25	28	27	27	27	27	25	26	26	26	28	27	26	27	24	24	26
LOC_352	20	19	18	18	20	20	21	23	20	17	20	17	20	20	17	19	21	20	19	19	21	21	20
LOC_353	20	18	18	18	20	20	20	20	19	19	19	18	18	21	19	18	17	17	19	21	19	20	18
LOC_354	16	15	15	13	15	15	15	14	14	15	15	16	12	14	15	18	15	15	15	15	15	15	15
LOC_355	16	14	14	14	13	15	15	15	15	14	16	15	15	15	14	14	14	14	16	16	13	13	14
LOC_356	17	16	16	16	20	20	20	17	17	16	14	16	17	18	18	17	15	15	18	17	20	20	17
LOC_357	16	16	16	16	15	12	12	16	16	16	16	16	17	16	16	16	16	16	16	16	12	12	16
LOC_358	7	7	7	6	7	6	6	7	7	7	7	8	7	5	8	8	7	7	9	7	6	6	7
LOC_359	19	20	20	21	19	20	19	19	19	20	17	20	19	19	19	19	21	19	18	19	19	19	19
LOC_360	24	23	23	23	25	23	25	25	26	24	24	26	25	26	27	26	23	23	24	24	26	27	24
LOC_361	21	20	22	22	23	24	24	22	20	21	20	23	18	19	22	24	23	23	20	20	25	25	21
LOC_362	23	22	23	22	21	21	23	21	22	21	25	21	22	22	22	23	22	22	26	24	23	21	22
LOC_363	8	8	8	8	8	8	7	8	8	8	8	8	8	8	9	8	8	8	8	8	8	8	8
LOC_364	13	14	15	14	14	14	14	14	13	14	13	14	13	13	14	14	14	14	13	13	14	14	14
LOC_365	25	27	27	27	26	24	26	26	26	30	24	27	25	25	28	28	24	24	23	22	26	27	25
LOC_366	19	17	18	18	19	17	17	16	16	17	19	17	18	18	16	17	17	15	20	20	17	17	17
LOC_367	16	15	15	15	16	18	16	15	16	15	17	15	16	16	15	15	14	14	16	18	16	16	16
LOC_368	22	26	25	24	25	23	23	24	24	23	23	28	24	24	27	29	25	25	23	23	23	23	24
LOC_369	25	29	29	27	26	27	28	28	31	29	26	31	29	29	28	29	27	29	26	28	26	26	28
LOC_370	18	18	18	18	19	18	18	20	19	18	18	18	21	20	18	18	18	18	18	18	17	16	18
LOC_371	22	22	22	20	22	23	22	24	23	22	20	22	22	22	22	22	22	22	22	22	21	22	23
LOC_372	19	20	22	21	19	18	19	19	19	22	19	21	19	18	21	21	22	22	19	19	20	20	21
LOC_373	13	14	12	13	12	12	12	15	15	12	13	12	13	13	12	12	14	14	13	13	11	12	14
LOC_374	15	15	15	15	15	15	15	16	16	15	15	15	15	15	17	17	16	15	15	15	16	14	15
LOC_375	20	19	19	18	18	18	18	19	19	19	19	19	20	19	17	17	20	19	19	19	17	17	18
LOC_376	21	20	21	20	24	23	23	22	22	20	22	20	21	22	21	20	21	20	22	20	22	23	20
LOC_377	23	26	24	23	24	24	25	24	24	25	24	24	24	24	25	25	26	25	27	23	25	25	23
LOC_378	22	24	21	22	25	26	24	23	21	23	19	24	20	20	23	23	22	21	20	19	25	25	23
LOC_379	18	21	20	20	18	18	17	18	18	21	18	21	18	18	22	21	20	19	18	18	17	17	18
LOC_380	17	18	18	18	19	21	21	20	19	18	17	20	18	18	18	18	18	18	16	16	21	21	18
LOC_381	14	14	14	14	14	14	14	14	14	14	14	14	14	14	14	14	14	14	14	14	14	14	14
LOC_382	21	18	18	18	16	18	19	17	18	16	19	18	17	17	18	19	17	19	16	19	18	18	18
LOC_383	24	17	17	17	18	19	18	21	21	17	22	17	21	21	17	17	19	17	25	23	18	17	17
LOC_384	14	15	14	14	14	14	14	14	14	14	15	15	14	14	15	15	12	14	14	14	14	14	14
LOC_385	17	19	19	19	18	19	18	18	18	19	16	19	18	18	21	19	18	18	15	16	18	18	18
LOC_386	20	19	19	19	19	19	18	18	18	19	20	17	19	19	18	18	19	19	19	20	21	21	19
LOC_387	17	17	17	18	17	17	16	19	19	18	16	17	19	19	16	17	17	17	16	17	17	17	17
LOC_388	29	29	28	29	28	28	29	28	27	28	27	32	27	29	28	27	28	28	26	27	28	26	28
LOC_389	18	18	18	19	18	16	16	18	18	18	18	17	18	18	18	18	18	18	17	18	16	16	18
LOC_390	7	7	8	8	7	7	7	7	7	7	7	7	7	7	7	7	7	7	7	7	7	7	7
LOC_391	23	23	22	23	21	21	20	26	26	21	24	26	23	24	24	26	21	23	26	24	21	20	22
LOC_392	24	25	25	25	24	23	24	20	22	23	23	22	22	21	22	21	27	26	22	23	24	24	22
LOC_393	15	15	15	15	15	14	15	15	15	15	15	15	15	15	15	15	15	15	15	14	15	15	15
LOC_394	16	15	16	16	16	16	16	16	16	15	16	16	17	16	17	18	16	16	16	16	16	16	16
LOC_395	20	21	20	20	21	23	21	20	20	20	21	24	20	20	22	22	19	20	21	24	21	21	20
LOC_396	17	16	15	15	17	17	17	17	17	17	17	16	17	16	16	16	17	17	17	17	16	17	17
LOC_397	20	19	19	19	19	19	19	19	19	19	20	19	19	19	24	22	22	21	20	20	19	19	19
LOC_398	17	17	18	17	17	17	16	16	16	17	17	15	16	16	17	16	17	15	17	17	17	17	17
LOC_399	27	28	27	28	29	27	25	26	28	29	29	31	27	26	33	31	32	30	27	27	26	25	29
LOC_400	16	15	15	15	15	15	15	16	16	16	16	15	17	16	15	15	15	15	15	16	15	15	15
LOC_401	13	13	13	13	15	14	14	13	13	13	13	14	13	14	16	16	13	13	13	13	13	13	13
LOC_402	12	14	14	14	17	14	14	14	14	14	12	14	16	16	14	14	18	15	12	12	13	14	14
LOC_403	14	13	13	14	14	15	15	14	13	15	16	15	14	14	15	15	14	14	16	16	14	14	14
LOC_404	13	10	11	11	13	13	13	13	13	11	13	11	15	15	11	11	10	11	13	13	12	12	10
LOC_405	17	16	16	16	17	15	15	15	16	16	17	17	16	17	17	17	16	16	17	18	15	14	16
LOC_406	20	19	19	19	19	18	18	19	19	19	19	20	19	19	20	20	19	19	18	18	20	20	19
LOC_407	18	17	17	17	18	19	18	18	20	17	18	17	18	18	18	19	17	17	20	20	18	18	17
LOC_408	14	14	14	14	14	14	14	14	14	15	15	15	14	15	13	15	16	18	17	16	16	16	14
LOC_409	15	15	16	15	15	15	16	17	16	17	15	16	15	15	16	16	15	17	15	15	16	17	15
LOC_410	16	17	17	17	15	16	16	16	17	17	17	18	16	16	17	17	17	17	16	16	16	16	16
LOC_411	14	15	15	15	14	14	14	14	14	15	14	15	14	14	15	15	14	14	15	14	13	14	14
LOC_412	20	20	20	20	19	19	17	23	22	19	19	18	19	19	21	20	21	20	19	18	18	18	19
LOC_413	19	23	24	24	20	21	21	19	19	21	19	24	19	19	22	23	23	21	19	19	21	22	20
LOC_414	15	15	15	15	15	15	15	15	15	15	15	15	15	15	15	15	16	15	15	15	15	15	15
LOC_415	14	14	14	15	13	14	15	15	15	14	14	13	16	15	15	14	14	14	14	14	15	15	14
LOC_416	17	17	17	17	17	16	17	17	17	19	19	17	17	17	18	18	17	17	18	18	17	17	17
LOC_417	11	14	14	14	14	14	14	12	11	14	11	13	11	11	12	11	14	14	13	11	14	14	14
LOC_418	14	14	14	14	13	14	14	14	14	14	14	14	14	14	14	14	14	14	14	14	12	12	14
LOC_419	15	15	15	15	15	15	15	15	15	16	17	15	15	14	17	17	15	15	17	18	16	16	15
LOC_420	13	13	13	13	13	13	13	13	13	13	13	13	13	13	12	12	13	13	13	13	13	13	13
LOC_421	18	17	18	18	18	17	17	18	18	20	18	18	18	18	20	17	17	17	20	18	22	19	17
LOC_422	25	22	22	22	24	25	24	23	23	23	22	29	21	21	24	26	23	23	23	22	24	23	23
LOC_423	9	9	9	9	9	9	9	9	11	9	9	9	9	9	9	9	10	9	9	8	9	9	9
LOC_424	20	20	21	20	21	21	23	18	19	20	20	19	19	19	19	20	19	20	19	19	25	25	20
LOC_425	15	16	15	15	15	16	16	21	19	16	15	17	17	16	18	18	14	16	15	15	16	16	16
LOC_426	18	17	19	19	17	19	17	18	19	16	18	17	18	18	18	18	17	17	17	17	17	17	17
LOC_427	23	19	21	19	23	22	22	20	20	18	24	20	20	21	18	19	21	21	25	24	22	21	20
LOC_428	16	16	17	16	16	16	16	19	20	16	18	16	17	18	15	15	16	16	15	14	16	16	16
LOC_429	21	19	19	19	20	19	19	18	18	19	17	19	18	18	19	18	19	20	19	19	22	19	19
LOC_430	20	20	20	21	19	21	19	14	14	21	20	20	20	21	21	21	19	19	20	20	18	19	19
LOC_431	17	19	19	19	18	19	22	20	18	17	17	19	17	18	22	20	20	20	19	19	23	23	19
LOC_432	13	14	13	13	13	13	13	13	13	13	13	15	14	14	17	17	14	14	13	13	11	11	14
LOC_433	28	28	24	27	23	23	22	26	26	30	26	29	25	25	29	29	25	24	25	26	25	24	23
LOC_434	19	19	19	17	20	19	18	21	18	19	17	19	19	20	21	19	19	19	19	19	20	19	19
LOC_435	26	25	25	25	26	26	27	24	23	25	27	23	23	23	24	24	24	25	28	27	24	23	25
LOC_436	26	26	26	26	25	25	25	26	28	29	23	26	25	26	24	26	24	24	23	22	25	26	24
LOC_437	21	23	18	20	22	22	25	24	22	21	21	21	22	22	23	23	22	22	21	21	23	23	22
LOC_438	22	22	24	24	22	22	22	22	21	24	22	25	23	24	26	26	23	23	24	22	22	22	23
LOC_439	16	16	16	16	16	16	16	15	15	16	17	16	15	15	16	16	16	16	18	18	16	16	16
LOC_440	20	21	19	19	20	20	19	20	21	20	20	20	21	20	21	22	20	20	19	20	20	20	20
LOC_441	16	16	17	17	17	16	16	17	16	16	16	15	16	14	15	15	16	16	16	16	16	16	16
LOC_442	24	22	25	24	23	23	25	22	22	22	24	22	22	22	21	22	21	20	25	25	24	26	22
LOC_443	18	18	18	17	21	21	20	21	21	18	22	18	21	22	18	18	18	18	24	23	19	19	18
LOC_444	24	16	16	18	22	23	22	23	24	16	22	16	23	23	15	16	17	14	19	21	22	23	20
LOC_445	22	22	22	20	20	22	23	23	25	22	23	20	21	23	20	19	23	23	24	23	23	23	22
LOC_446	18	20	17	20	19	20	18	16	17	16	17	15	18	17	15	15	16	18	21	21	17	18	18
LOC_447	23	18	19	22	18	18	18	24	24	20	22	21	22	22	19	20	16	17	21	22	18	18	18
LOC_448	24	29	27	27	28	29	25	27	27	27	25	29	27	26	28	28	31	28	24	24	26	26	28
LOC_449	17	18	18	19	17	17	17	17	17	18	17	18	17	17	18	19	17	17	19	17	18	18	17
LOC_450	21	20	20	20	21	17	18	23	24	20	20	20	20	21	20	20	19	19	21	21	18	19	20
LOC_451	16	14	14	14	15	15	15	16	16	14	16	14	17	17	14	15	14	14	16	15	17	17	14
LOC_452	20	20	21	20	19	19	19	20	19	20	20	21	20	20	20	21	19	19	18	20	19	19	19
LOC_453	21	18	18	18	17	18	18	18	18	18	19	19	19	19	19	17	18	18	19	19	18	18	18
LOC_454	24	25	24	25	20	23	21	24	25	24	23	25	25	24	26	24	23	25	23	23	21	21	21
LOC_455	16	18	15	15	16	16	16	16	16	15	16	19	16	16	19	19	16	16	19	18	16	16	16
LOC_456	15	15	15	15	15	15	14	15	15	14	15	15	15	15	16	16	15	15	15	15	15	15	15
LOC_457	22	22	21	22	23	23	23	21	21	22	22	22	23	25	22	24	22	22	20	22	23	23	22
LOC_458	19	16	18	18	16	17	18	16	16	16	18	17	16	16	16	16	17	16	16	17	21	17	16
LOC_459	7	7	8	8	7	7	7	7	7	8	5	8	7	7	8	8	7	7	5	5	7	7	7
LOC_460	18	18	19	19	18	18	18	17	17	17	18	18	18	18	17	17	17	19	18	19	20	20	18
LOC_461	14	14	14	14	14	14	16	14	15	14	15	12	14	14	12	12	14	14	15	15	14	14	14
LOC_462	23	20	20	21	20	21	22	22	22	20	24	19	20	21	20	20	20	20	24	24	21	21	21
LOC_463	25	24	24	23	26	26	24	21	22	24	24	24	25	26	23	23	24	25	23	24	27	26	25
LOC_464	19	18	18	20	23	18	18	19	19	19	19	21	19	17	21	20	18	18	21	21	18	18	18
LOC_465	27	24	24	24	26	27	20	26	26	24	27	24	27	27	24	24	25	25	30	27	20	20	25
LOC_466	25	24	24	25	22	22	24	24	25	24	23	23	26	28	23	23	22	25	23	22	23	22	24
LOC_467	17	20	20	20	20	19	19	19	16	19	19	20	19	20	20	20	21	21	18	18	18	18	19
LOC_468	16	14	14	14	15	15	17	17	17	15	16	15	16	16	15	17	14	14	16	16	18	18	14
LOC_469	26	24	24	24	23	23	23	26	26	24	26	24	24	25	24	25	24	23	26	27	24	23	23
LOC_470	23	24	19	19	22	24	23	23	23	25	23	25	23	23	26	26	23	22	22	22	23	21	23
LOC_471	20	19	19	19	19	19	19	19	19	19	21	19	19	19	20	18	19	19	20	18	14	19	19
LOC_472	19	16	16	16	16	15	14	20	18	16	19	16	18	18	16	14	15	16	19	19	18	16	16
LOC_473	18	21	21	21	21	21	23	18	19	21	18	21	20	19	22	21	22	22	18	18	21	21	21
LOC_474	15	15	17	15	15	15	16	15	15	15	15	13	15	15	12	13	16	15	15	16	15	14	15
LOC_475	16	16	16	16	18	17	16	16	17	16	17	16	17	17	18	18	16	16	17	17	17	19	16
LOC_476	16	19	18	18	17	15	16	16	17	18	16	18	16	16	18	18	17	17	16	17	17	17	16
LOC_477	19	19	19	19	20	19	17	22	21	20	17	19	22	19	19	19	19	20	19	21	18	18	19
LOC_478	16	15	16	16	16	16	16	16	16	18	17	18	16	16	18	18	16	16	16	16	16	16	16
LOC_479	17	19	19	19	17	17	17	17	17	18	16	18	17	17	18	18	18	19	17	17	17	15	17
LOC_480	16	18	19	18	17	17	17	16	16	17	17	18	16	16	18	19	22	18	18	18	17	17	17
LOC_481	16	16	16	16	17	18	17	14	16	16	16	16	16	16	16	16	16	17	15	15	17	17	16
LOC_482	17	17	17	17	17	17	15	17	17	17	17	17	17	17	17	17	17	17	17	17	17	17	17
LOC_483	24	23	25	22	23	23	21	25	25	23	24	23	25	25	23	23	23	23	23	24	24	24	24
LOC_484	25	24	25	26	26	24	28	26	24	27	26	26	25	24	26	27	27	24	21	22	26	25	25
LOC_485	18	17	16	17	18	20	20	22	20	18	14	18	20	20	18	18	17	17	15	15	19	19	17
LOC_486	24	24	27	27	23	24	19	20	25	26	24	26	24	24	23	25	25	23	24	24	28	23	23
LOC_487	17	17	17	17	16	16	16	17	17	16	17	16	17	17	17	17	17	17	20	17	14	14	17
LOC_488	23	23	23	23	24	25	24	23	22	23	23	21	22	22	21	22	22	22	25	25	24	24	23
LOC_489	19	19	18	18	18	17	19	18	17	18	20	18	18	18	20	20	18	18	18	17	18	18	18
LOC_490	13	14	14	14	15	14	15	13	12	14	13	14	12	12	14	14	14	14	14	14	17	15	14
LOC_491	21	21	21	21	21	20	20	20	20	22	21	22	20	19	21	22	21	20	18	20	19	20	21
LOC_492	21	20	21	21	20	21	22	20	21	19	21	18	20	20	20	21	18	20	22	22	21	21	20
LOC_493	27	29	29	28	28	28	23	25	25	30	29	29	25	26	29	29	30	27	30	29	30	28	27
LOC_494	18	17	17	17	17	17	17	18	17	17	17	17	17	17	17	17	17	17	19	17	18	17	17
LOC_495	22	23	22	23	23	23	21	19	21	24	22	23	20	20	24	25	26	25	20	22	22	22	23
LOC_496	20	22	22	22	22	22	22	20	20	22	20	22	20	20	22	22	22	21	20	20	22	22	22
LOC_497	17	19	19	19	17	17	16	20	18	19	17	18	16	16	17	17	20	20	17	18	16	16	20
LOC_498	8	8	8	8	8	8	7	8	8	8	8	8	8	8	9	8	8	8	8	8	8	8	8
LOC_499	22	22	25	23	21	22	22	22	21	18	23	20	22	23	20	20	21	20	22	22	22	22	21
LOC_500	20	19	19	19	21	22	23	21	21	21	20	19	24	24	20	20	19	19	20	20	23	23	19
LOC_501	14	20	20	20	17	16	19	18	17	20	14	20	16	17	20	20	20	20	15	14	18	18	17
LOC_502	25	21	24	24	28	32	27	27	28	26	25	25	29	27	28	27	25	26	23	25	31	28	27
LOC_503	7	7	7	7	7	7	7	7	8	7	7	7	7	7	7	7	7	7	7	7	7	7	7
LOC_504	15	15	16	16	13	15	15	16	15	17	15	18	15	15	19	18	16	15	16	15	15	15	15
LOC_505	22	21	19	20	23	22	21	21	23	19	22	19	24	24	19	19	22	22	21	22	21	20	21
LOC_506	14	14	15	17	14	14	14	14	14	14	14	14	14	14	14	14	14	14	14	14	14	14	14
LOC_507	15	14	12	14	15	18	18	14	14	15	14	14	14	14	15	14	14	14	15	15	18	18	14
LOC_508	18	18	18	18	20	16	17	18	18	18	18	19	20	17	18	18	23	18	16	18	17	17	18
LOC_509	21	18	18	18	19	19	19	20	19	18	26	18	20	20	18	15	19	20	23	24	19	19	19
LOC_510	20	20	20	20	20	20	21	17	20	20	21	21	20	19	18	18	19	19	23	24	21	21	20
LOC_511	21	21	20	21	20	18	21	20	20	20	21	21	21	22	21	21	19	20	21	22	20	22	20
LOC_512	22	23	22	22	25	27	25	23	26	23	23	24	24	23	25	24	25	27	22	22	25	25	23
LOC_513	18	16	16	16	18	18	16	17	18	16	16	16	16	16	16	16	16	16	16	16	16	16	16
LOC_514	15	14	14	14	14	14	14	16	16	14	15	14	16	18	14	14	14	14	15	15	14	14	14
LOC_515	18	17	18	18	18	18	17	18	18	19	16	18	19	21	17	18	17	18	17	17	17	17	18
LOC_516	20	21	19	19	18	18	19	20	20	19	20	19	19	20	19	19	18	19	19	20	19	19	18
LOC_517	17	19	18	19	18	18	18	19	18	19	17	20	18	17	19	20	19	19	17	17	17	17	19
LOC_518	22	20	22	22	23	23	23	24	23	23	21	23	24	24	24	24	21	21	21	20	22	23	21
LOC_519	18	17	16	18	16	18	18	18	17	17	19	17	18	18	19	19	17	17	19	21	18	18	17
LOC_520	20	20	18	21	20	21	20	19	19	20	20	20	19	20	22	23	20	20	20	19	20	20	20
LOC_521	18	16	18	18	17	17	17	16	16	16	19	16	16	16	18	16	16	16	18	18	17	17	16
LOC_522	20	20	20	20	19	19	19	20	19	20	20	20	16	16	19	19	19	19	23	21	19	19	19
LOC_523	17	17	18	18	17	18	20	16	16	17	17	18	16	15	15	16	17	17	17	17	21	22	18
LOC_524	23	21	20	20	22	22	22	25	25	21	23	21	23	22	22	23	22	22	21	21	22	22	22
LOC_525	19	18	18	19	19	18	18	18	18	18	23	18	18	18	21	18	18	18	20	21	18	18	18
LOC_526	14	14	15	15	14	14	14	14	14	12	14	14	14	14	14	14	14	14	14	14	17	16	14
LOC_527	18	19	20	19	18	18	18	18	18	19	18	22	19	19	23	21	16	18	20	18	18	18	18
LOC_528	19	18	18	18	18	17	16	18	18	17	19	18	18	18	18	19	20	19	19	20	17	17	18
LOC_529	16	16	16	16	16	16	15	16	15	16	16	16	17	16	16	16	15	16	16	16	16	16	16
LOC_530	15	15	14	14	14	15	15	15	16	14	16	14	15	15	14	14	14	14	15	15	15	15	14
LOC_531	21	21	20	20	24	24	24	22	23	20	21	21	23	24	25	24	21	21	22	22	25	25	22
LOC_532	16	16	17	16	16	21	22	15	16	17	16	16	15	16	15	16	16	16	16	16	23	23	16
LOC_533	22	19	20	20	20	20	19	18	19	20	23	19	18	18	24	22	19	19	24	23	18	17	19
LOC_534	18	19	18	18	18	19	20	18	18	18	18	18	18	19	18	18	19	17	17	18	19	19	18
LOC_535	19	21	19	19	19	19	19	21	21	19	18	18	19	19	20	18	21	24	19	20	19	19	20
LOC_536	18	16	16	19	16	16	13	16	16	19	18	15	16	16	16	16	16	16	19	19	13	13	16
LOC_537	19	21	20	20	23	21	21	21	19	22	22	23	21	21	25	25	22	22	21	23	21	21	21
LOC_538	21	25	25	22	20	22	22	20	21	26	21	25	21	19	26	28	22	22	21	20	21	21	21
LOC_539	28	29	31	28	27	27	26	29	27	29	31	26	28	25	25	26	27	28	31	33	26	25	30
LOC_540	25	24	25	27	25	25	22	24	25	27	24	24	24	26	25	26	27	27	24	24	21	22	27
LOC_541	18	13	14	14	14	14	14	15	15	14	18	14	14	15	14	14	14	14	18	18	14	14	14
LOC_542	18	15	18	17	17	17	17	17	16	17	17	17	16	16	17	18	17	17	17	18	17	18	17
LOC_543	20	21	22	21	18	20	22	21	21	22	20	23	21	21	20	23	20	21	18	18	21	23	20
LOC_544	12	12	12	12	12	13	13	13	12	12	12	12	12	12	12	12	12	12	12	11	13	13	12
LOC_545	18	16	19	20	17	18	17	17	17	19	18	18	17	17	19	19	17	17	18	18	17	15	17
LOC_546	18	19	18	18	19	20	18	19	19	18	18	17	18	17	17	17	17	17	18	18	19	20	18
LOC_547	23	22	25	24	23	26	21	23	21	23	22	22	22	23	22	22	22	22	22	22	20	23	22
LOC_548	29	26	26	26	30	30	31	28	27	28	30	28	30	32	29	26	29	27	33	29	27	26	28
LOC_549	16	16	17	18	16	16	17	17	16	14	17	14	16	16	14	14	17	17	18	18	15	15	16
LOC_550	23	23	23	23	20	22	23	22	23	23	25	22	22	23	24	22	26	26	24	25	19	21	24
LOC_551	16	16	14	14	16	16	16	16	16	14	17	16	14	15	13	13	15	15	15	15	19	17	15
LOC_552	16	16	17	17	15	15	15	16	16	17	17	17	16	17	18	17	16	16	16	16	15	15	16
LOC_553	22	18	19	18	19	19	19	22	21	18	22	18	23	24	16	16	17	18	21	22	18	19	18
LOC_554	14	15	16	15	14	14	14	14	14	16	14	17	16	16	18	18	13	14	14	14	15	16	14
LOC_555	25	21	22	20	22	22	22	23	24	22	23	21	22	22	21	24	23	25	25	23	22	21	22
LOC_556	16	16	17	17	17	17	17	19	17	17	16	17	18	19	17	17	17	17	16	16	17	17	17
LOC_557	19	21	21	21	21	20	21	19	19	21	18	20	19	18	20	20	22	22	19	19	20	20	21
LOC_558	18	20	21	20	18	17	18	17	17	19	18	20	17	17	20	20	19	20	22	21	17	18	18
LOC_559	15	16	16	16	16	16	16	16	15	15	15	15	17	17	19	19	15	16	13	15	15	14	16
LOC_560	20	19	19	21	22	25	23	22	22	21	20	20	22	25	21	19	21	22	20	20	23	23	21
LOC_561	25	24	23	24	22	23	21	23	23	27	25	25	23	24	24	23	23	24	26	25	19	21	24
LOC_562	21	19	19	20	22	22	21	21	22	19	22	18	23	22	18	18	22	21	23	23	19	20	22
LOC_563	27	24	23	21	27	30	29	26	27	25	26	23	26	26	25	25	24	27	23	25	29	29	27
LOC_564	18	24	18	18	18	18	18	18	18	18	16	18	18	18	18	16	18	18	18	18	18	18	18
LOC_565	20	20	22	22	19	17	19	19	19	22	19	24	19	19	24	25	19	18	19	20	19	19	19
LOC_566	15	15	15	15	15	15	15	15	15	15	15	15	14	15	15	15	16	15	15	16	15	15	15
LOC_567	22	22	18	18	21	22	23	22	22	25	21	25	22	22	24	24	23	23	22	22	23	22	23
LOC_568	17	16	18	18	17	22	19	17	18	18	17	17	17	17	17	17	18	18	21	18	20	20	18
LOC_569	16	15	15	15	18	17	15	15	15	15	16	14	18	18	15	15	16	15	16	16	17	17	17
LOC_570	19	18	16	16	19	19	19	20	20	17	19	17	21	20	17	18	17	18	20	20	20	19	19
LOC_571	17	17	17	17	17	19	16	18	18	17	17	17	18	18	17	17	17	17	17	17	16	16	17
LOC_572	20	17	18	18	15	17	17	19	19	18	19	18	20	20	19	19	17	17	19	20	16	16	17
LOC_573	20	22	23	24	18	18	18	20	19	22	19	22	18	18	23	22	22	23	19	19	18	19	19
LOC_574	18	22	27	23	18	22	21	18	18	23	18	26	18	18	25	25	21	23	18	18	21	21	21
LOC_575	20	17	17	17	17	17	17	16	16	17	18	17	16	17	17	17	17	19	17	17	17	17	17
LOC_576	17	17	16	16	17	17	17	17	17	16	17	16	17	17	17	17	19	18	17	17	17	17	18
LOC_577	12	12	12	12	12	15	14	12	12	12	11	14	12	12	13	13	12	12	12	12	14	14	12
LOC_578	14	15	15	15	14	14	14	14	14	15	17	15	14	14	16	15	14	14	15	14	14	14	14
LOC_579	21	20	22	21	21	21	22	24	23	23	21	21	21	21	24	23	20	20	21	21	22	22	20
LOC_580	14	13	14	14	14	14	14	14	14	15	14	16	12	15	15	14	20	20	12	15	14	14	14
LOC_581	17	16	18	18	18	18	18	17	17	18	17	17	17	17	17	17	18	17	17	18	18	18	18
LOC_582	20	19	17	17	17	19	18	18	18	18	20	18	18	18	16	17	19	19	21	20	18	18	18
LOC_583	14	14	14	15	16	16	18	14	14	14	14	13	14	14	12	14	11	15	14	14	16	16	14
LOC_584	19	20	20	20	18	20	19	18	18	20	19	20	22	22	20	20	19	19	18	19	22	19	20
LOC_585	15	14	15	15	14	15	14	14	14	14	14	14	15	14	16	16	12	14	15	14	14	14	14
LOC_586	20	20	20	20	24	20	20	18	20	19	20	18	20	21	20	19	19	19	20	20	20	21	20
LOC_587	12	12	12	12	12	12	12	12	12	12	15	12	12	12	12	12	12	12	17	17	14	12	12
LOC_588	31	30	26	29	29	28	30	31	30	25	30	26	32	31	27	26	27	28	25	28	29	28	28
LOC_589	8	8	8	10	8	8	8	9	9	8	8	8	9	9	9	9	8	8	8	8	8	8	8
LOC_590	15	14	18	18	14	14	14	15	15	17	15	16	15	15	17	17	14	14	15	15	13	12	14
LOC_591	15	17	16	16	18	19	17	18	18	16	16	16	18	18	16	16	20	19	16	16	18	18	17
LOC_592	11	12	11	11	11	11	12	11	11	11	11	11	11	11	11	11	11	11	11	11	11	11	11
LOC_593	14	15	13	13	14	14	14	15	15	13	14	13	16	15	13	14	15	15	14	14	14	14	14
LOC_594	24	26	27	25	27	24	30	24	25	26	23	31	23	23	27	27	24	25	27	24	24	28	26
LOC_595	18	18	18	19	18	17	17	18	18	18	16	18	19	19	19	20	18	18	17	17	17	17	18
LOC_596	25	21	24	24	27	26	27	25	25	21	30	21	26	23	22	21	26	25	30	29	25	26	26
LOC_597	20	20	25	25	19	19	19	20	20	24	21	26	20	19	24	24	21	21	21	21	19	19	20
LOC_598	21	21	23	22	21	21	19	23	23	22	21	22	22	22	21	22	21	20	21	21	19	19	21
LOC_599	33	32	28	27	27	28	29	30	29	26	34	28	31	30	27	27	28	29	31	33	25	25	29
LOC_600	26	26	28	27	23	23	23	25	25	26	28	27	26	22	29	27	25	25	27	28	21	27	26
LOC_601	14	15	16	16	14	14	14	13	13	17	14	15	14	14	17	17	15	15	14	14	14	14	14
LOC_602	14	14	12	12	14	14	12	14	14	14	16	14	14	14	13	13	14	14	15	16	12	12	14
LOC_603	16	18	18	18	17	19	16	16	16	18	16	18	16	16	18	18	19	18	18	17	15	15	17
LOC_604	26	29	28	29	26	24	24	25	25	28	26	30	28	29	27	28	24	25	27	25	24	21	26
LOC_605	23	23	22	22	23	23	21	24	24	24	23	26	24	24	25	25	23	23	23	23	24	23	23
LOC_606	14	13	12	14	15	14	15	14	14	13	14	13	14	14	13	13	14	14	14	14	14	14	14
LOC_607	18	19	18	19	19	19	20	19	19	19	19	18	19	19	21	21	19	19	18	18	22	23	19
LOC_608	24	21	22	22	23	29	28	24	24	21	27	22	26	24	23	23	21	21	26	25	30	31	24
LOC_609	28	26	28	28	31	30	33	29	29	30	28	29	32	34	27	29	32	30	28	28	30	30	30
LOC_610	16	16	16	16	15	15	16	15	15	16	15	16	15	14	17	16	16	17	16	15	16	16	16
LOC_611	25	23	25	25	21	21	21	22	22	23	24	23	23	22	23	25	24	23	22	23	23	24	22
LOC_612	16	16	17	16	13	13	12	14	14	15	15	17	15	16	16	16	16	16	15	15	13	13	15
LOC_613	27	25	27	27	23	23	24	26	29	27	29	31	29	28	28	27	27	27	28	30	25	23	27
LOC_614	28	27	30	29	28	29	30	32	30	29	29	29	25	27	30	30	30	28	28	28	32	31	29
LOC_615	19	19	19	18	18	19	19	18	18	18	19	18	18	18	18	18	18	19	19	19	17	19	18
LOC_616	21	22	22	23	23	23	21	22	22	25	22	26	23	22	24	24	25	25	22	22	23	23	22
LOC_617	28	26	28	26	29	25	27	28	32	24	30	23	28	31	27	23	28	32	31	33	28	29	29
LOC_618	20	19	20	19	22	18	21	19	19	21	19	21	19	19	23	22	19	19	21	19	21	22	19
LOC_619	20	20	15	13	21	20	21	21	21	19	19	18	22	22	18	18	20	20	20	20	20	21	21
LOC_620	25	25	24	24	25	23	23	23	23	23	28	25	25	25	24	24	24	20	26	26	24	24	24
LOC_621	28	28	23	24	22	21	21	29	28	26	27	26	27	27	24	26	24	25	29	28	21	22	25
LOC_622	20	20	20	20	24	22	22	20	20	20	19	20	21	22	19	20	23	23	19	20	22	22	23
LOC_623	21	26	26	24	22	23	23	24	24	25	21	27	21	21	21	25	23	22	21	21	24	24	23
LOC_624	20	20	20	20	20	19	21	20	20	22	20	23	20	21	23	23	21	21	22	21	21	20	20
LOC_625	14	14	14	14	14	13	14	14	14	14	13	15	14	14	17	16	14	14	14	15	14	14	14
LOC_626	16	17	15	17	16	16	16	16	16	18	16	17	16	16	17	17	16	16	16	16	16	16	16
LOC_627	14	14	14	15	14	14	13	14	14	14	14	14	14	14	14	14	15	14	14	14	13	13	14
LOC_628	17	20	20	20	17	17	17	18	18	24	17	26	18	15	23	24	20	20	17	17	17	18	17
LOC_629	19	20	20	19	21	20	22	21	21	20	19	19	20	20	20	20	20	20	19	19	20	20	20
LOC_630	15	17	16	15	15	19	15	15	15	15	15	15	16	16	15	15	16	16	14	14	15	15	16
LOC_631	20	21	22	20	20	21	19	20	22	22	19	21	21	23	21	22	23	22	20	20	20	21	19
LOC_632	17	16	16	16	16	16	16	19	19	16	16	17	18	18	17	17	16	16	16	16	16	16	16
LOC_633	21	20	17	17	20	22	21	21	20	19	20	19	20	20	20	19	21	20	20	20	21	20	20
LOC_634	22	22	22	21	22	23	23	22	22	21	24	21	23	22	21	21	23	23	23	23	22	22	22
LOC_635	16	18	19	19	17	17	18	16	16	19	16	15	17	17	15	17	19	18	17	17	18	18	18
LOC_636	17	17	20	20	20	17	17	20	20	19	17	19	17	17	19	18	17	17	16	16	17	17	17
LOC_637	15	15	15	15	15	16	16	17	17	15	16	17	17	17	16	16	15	15	15	15	16	16	15
LOC_638	18	18	18	18	17	19	19	19	18	19	16	24	18	18	21	21	17	16	16	16	19	19	18
LOC_639	23	25	22	24	26	25	23	22	25	23	20	24	24	24	24	24	25	23	18	18	24	25	24
LOC_640	19	21	20	20	20	20	20	20	20	19	20	19	21	21	20	20	20	20	20	20	22	20	20
LOC_641	21	20	21	20	20	20	20	19	19	20	20	20	20	20	19	21	20	20	21	21	20	21	20
LOC_642	29	24	24	24	31	33	27	27	28	28	31	26	28	29	28	27	27	27	31	31	31	29	28
LOC_643	25	20	20	20	23	24	23	22	25	22	23	22	23	24	22	22	22	22	23	22	19	23	22
LOC_644	21	22	21	21	21	20	19	22	21	22	22	21	18	18	19	19	22	22	22	25	21	19	22
LOC_645	18	19	19	19	16	17	17	18	18	19	18	19	18	18	20	19	18	18	18	18	17	17	18
LOC_646	16	16	20	20	16	17	16	17	18	18	18	18	17	17	18	18	16	16	18	18	15	15	16
LOC_647	14	14	15	15	16	16	14	16	19	16	14	15	15	15	15	15	14	13	14	14	14	14	14
LOC_648	15	16	16	16	15	16	15	13	16	18	12	18	15	15	17	18	17	16	15	15	15	15	15
LOC_649	17	16	16	16	17	16	17	16	17	16	19	17	18	18	17	17	17	17	19	18	17	17	17
LOC_650	23	24	24	24	23	25	26	24	23	24	24	24	24	24	23	24	24	23	22	21	23	23	24
LOC_651	19	15	15	15	18	17	17	19	19	15	19	15	19	19	15	15	15	15	19	19	17	17	15
LOC_652	13	16	16	15	18	18	18	13	13	16	13	16	13	13	16	16	16	16	13	13	20	19	16
LOC_653	23	23	22	22	24	24	23	24	24	23	23	24	23	25	24	24	24	24	21	22	24	24	24
LOC_654	22	22	22	20	21	21	20	21	21	21	21	21	21	21	20	21	20	21	21	22	20	20	21
LOC_655	27	24	23	23	27	26	24	25	26	24	28	24	29	29	24	24	23	27	27	25	24	24	24
LOC_656	16	15	14	14	16	16	16	16	16	15	16	14	16	17	16	15	16	15	14	16	17	15	15
LOC_657	15	17	15	16	15	15	15	15	15	16	15	16	15	15	16	16	17	17	16	15	15	15	16
LOC_658	25	25	24	23	24	24	24	25	26	25	26	24	30	26	23	22	27	26	26	25	24	24	25
LOC_659	19	18	18	18	19	19	19	21	22	18	19	18	21	23	18	18	19	19	19	19	19	19	18
LOC_660	17	16	20	20	15	15	16	17	17	20	17	19	16	15	19	19	16	16	18	17	16	16	16
LOC_661	9	9	11	11	10	10	10	9	9	10	9	10	9	9	10	10	9	9	9	9	10	10	9
LOC_662	16	16	17	16	16	16	16	16	17	14	16	18	17	16	16	16	16	16	16	16	17	16	16
LOC_663	18	18	22	21	19	18	18	18	18	18	19	20	18	18	20	20	19	19	18	16	19	18	18
LOC_664	25	29	26	27	24	25	23	27	26	26	25	24	24	28	24	26	26	26	24	22	24	23	26
LOC_665	13	12	13	13	12	12	12	12	12	13	13	13	13	12	13	13	12	12	13	13	12	12	12
LOC_666	23	23	23	24	25	25	26	24	24	23	21	23	20	23	25	24	21	21	22	23	25	27	23
LOC_667	18	17	17	17	17	15	15	17	17	18	18	17	17	17	17	17	17	17	19	18	15	15	17
LOC_668	20	19	23	24	22	23	22	21	20	22	21	19	20	19	21	21	21	20	21	21	22	21	20
LOC_669	25	24	23	25	23	23	23	26	27	24	24	25	25	25	25	24	27	26	24	24	23	24	23
LOC_670	14	14	14	14	13	14	16	14	14	14	14	14	13	14	14	12	14	15	15	15	13	13	14
LOC_671	17	16	16	16	16	17	16	17	17	19	17	15	17	19	15	15	16	16	17	17	16	16	16
LOC_672	21	22	22	23	20	21	21	21	21	23	23	19	21	21	20	21	22	22	22	22	21	21	21
LOC_673	21	17	18	18	22	21	21	21	22	17	21	17	23	22	20	17	20	20	21	20	22	22	21
LOC_674	23	21	21	21	21	22	23	22	22	19	23	19	22	22	19	19	21	21	23	23	22	22	21
LOC_675	18	18	18	18	18	18	18	19	19	18	16	18	18	18	20	18	18	18	18	18	18	18	18
LOC_676	20	21	20	22	21	20	20	20	20	19	23	20	20	21	18	21	20	20	21	23	20	20	20
LOC_677	15	11	18	17	17	17	17	18	18	15	15	15	21	21	15	15	16	17	15	15	18	17	16
LOC_678	20	21	21	21	20	21	20	21	20	22	20	22	21	20	22	22	20	20	21	21	20	20	20
LOC_679	15	15	15	15	15	14	14	15	15	16	14	16	15	14	16	19	15	15	14	14	16	14	15
LOC_680	21	18	19	19	18	18	18	18	18	20	18	19	16	17	19	19	20	18	18	19	18	19	18
LOC_681	16	16	16	16	16	15	19	13	16	16	16	16	16	16	16	16	16	17	16	16	19	19	16
LOC_682	14	15	15	15	16	16	16	13	13	15	14	15	14	14	15	15	15	15	15	15	16	16	14
LOC_683	21	22	22	24	22	25	23	22	21	24	21	21	21	21	20	21	21	22	21	23	24	23	22
LOC_684	26	27	30	29	26	25	28	24	24	28	26	30	24	24	31	29	27	27	25	25	28	26	28
LOC_685	21	23	23	23	23	21	23	21	21	23	21	27	21	21	25	25	24	24	21	20	23	24	23
LOC_686	20	17	21	20	20	20	19	17	17	17	18	17	17	17	17	17	17	19	15	15	19	19	17
LOC_687	21	21	23	23	22	21	21	23	22	23	22	24	22	22	21	23	21	21	22	22	21	21	21
LOC_688	22	23	22	22	22	23	22	23	23	23	23	24	24	24	22	24	24	24	22	21	20	21	24
LOC_689	23	28	26	28	21	21	21	23	23	33	22	30	23	23	30	31	22	22	22	23	21	21	23
LOC_690	21	22	22	21	20	18	22	21	21	19	21	20	21	20	21	20	21	21	22	22	22	21	21
LOC_691	23	20	23	22	20	20	20	23	23	23	25	22	25	24	24	22	20	21	24	25	19	20	20
LOC_692	19	19	20	20	20	20	21	21	21	21	18	19	20	20	20	19	19	19	19	19	20	20	19
LOC_693	19	19	18	18	20	19	19	19	20	19	20	18	18	19	18	19	15	15	19	19	19	20	19
LOC_694	16	18	18	18	17	16	16	16	18	18	16	17	16	16	18	19	19	19	16	16	16	16	16
LOC_695	17	17	22	22	17	17	17	17	17	26	18	24	17	16	22	23	17	17	18	18	17	17	17
LOC_696	22	22	21	21	23	22	26	21	21	21	22	21	21	22	22	21	21	21	22	23	23	24	23
LOC_697	23	21	21	21	22	22	21	22	22	23	22	20	23	23	21	21	22	22	21	25	21	20	22
LOC_698	28	27	29	28	27	28	30	33	30	25	30	26	31	31	26	26	25	25	29	29	30	30	28
LOC_699	15	15	15	15	15	15	15	15	15	13	15	13	15	15	13	13	15	15	13	13	15	15	15
LOC_700	18	17	18	19	17	18	16	18	18	17	18	17	19	18	17	17	17	17	19	20	16	18	17
LOC_701	17	16	18	19	17	16	16	19	19	19	17	19	18	18	19	19	17	16	18	16	16	18	16
LOC_702	21	21	20	20	21	21	21	21	21	22	22	22	22	22	22	22	20	21	23	22	21	21	21
LOC_703	26	30	32	31	27	27	26	26	27	29	25	29	29	31	26	28	27	28	27	26	27	29	29
LOC_704	30	27	26	25	30	31	33	30	29	27	29	26	28	29	27	27	24	24	30	32	32	34	28
LOC_705	18	20	20	20	19	19	20	20	20	21	20	19	21	20	20	20	19	19	22	20	21	22	19
LOC_706	21	21	21	20	22	23	24	21	22	19	21	21	21	20	21	20	21	21	21	22	24	26	21
LOC_707	18	17	16	16	18	19	18	18	19	17	18	17	18	18	17	17	18	17	19	19	18	18	18
LOC_708	29	31	34	30	31	30	28	28	27	33	30	34	27	26	31	31	28	31	33	31	25	26	30
LOC_709	26	29	27	26	27	25	25	26	27	23	24	26	25	29	24	24	26	28	22	24	26	26	29
LOC_710	23	20	20	20	21	19	20	22	23	20	22	20	26	23	20	20	20	20	22	23	19	20	20
LOC_711	12	12	13	12	12	12	15	12	12	12	12	13	12	12	13	12	11	11	12	12	13	14	12
LOC_712	26	22	23	22	27	22	21	23	21	22	25	24	23	23	24	24	23	23	25	24	22	22	23
LOC_713	23	24	23	24	23	22	23	22	22	23	23	23	21	21	23	22	23	22	23	23	22	23	23
LOC_714	15	15	15	15	16	14	14	15	15	15	15	15	15	14	15	16	15	15	15	16	15	15	15
LOC_715	15	16	16	17	16	16	16	17	16	17	15	17	17	17	18	18	16	16	16	16	16	16	16
LOC_716	30	32	32	30	27	26	26	27	28	32	30	29	27	27	28	31	24	26	32	31	25	26	28
LOC_717	32	30	26	28	28	30	30	29	33	25	33	26	33	33	24	25	29	30	32	32	28	29	30
LOC_718	17	16	17	17	18	18	20	16	16	16	18	17	16	16	17	17	17	18	18	18	19	18	17
LOC_719	33	33	29	33	30	32	29	33	31	29	34	32	28	27	31	28	33	30	32	34	33	32	29
LOC_720	30	29	25	26	28	28	27	29	28	26	29	23	27	29	22	22	29	28	30	28	30	31	30
LOC_721	28	28	26	27	27	27	26	29	29	26	27	26	28	28	28	27	26	26	28	28	25	25	28
LOC_722	19	17	16	16	18	18	18	18	18	16	18	17	19	19	16	15	16	16	19	18	18	18	16
LOC_723	20	22	22	24	21	21	21	20	20	23	18	22	19	19	23	23	21	21	19	19	20	20	21
LOC_724	29	25	24	26	25	26	27	28	28	25	31	26	30	32	25	27	25	25	29	30	27	26	28
LOC_725	19	19	20	20	20	21	21	21	21	19	22	19	21	20	19	19	19	19	20	20	21	21	19
LOC_726	25	23	22	21	23	23	24	24	23	22	26	20	23	23	22	22	24	24	26	25	24	24	23
LOC_727	20	21	20	20	20	20	20	20	21	20	20	20	20	21	20	20	20	21	20	20	20	20	21
LOC_728	18	18	18	19	18	18	22	16	16	18	19	18	17	18	18	18	18	18	19	19	21	22	18
LOC_729	27	25	25	24	25	26	26	31	26	23	27	24	27	27	25	23	24	24	27	28	26	24	27
LOC_730	27	31	30	30	34	30	30	30	33	29	27	29	32	30	29	27	29	29	24	25	30	33	30
LOC_731	24	28	28	29	29	27	24	24	23	27	25	29	25	25	31	29	30	27	23	24	26	27	27
LOC_732	18	18	17	17	17	17	17	20	20	16	17	16	20	19	16	16	17	17	17	17	17	17	17
LOC_733	22	22	22	22	20	22	22	23	21	22	22	23	22	22	25	23	22	23	23	22	22	22	22
LOC_734	27	26	24	24	27	26	25	27	23	26	28	27	24	24	25	26	28	31	26	26	19	23	27
LOC_735	28	29	25	27	26	29	25	27	28	25	28	24	28	28	25	25	26	27	27	27	25	24	28
LOC_736	20	20	20	20	20	19	20	20	20	20	20	20	20	21	22	22	22	20	20	20	20	20	20
LOC_737	13	17	17	17	15	15	15	15	15	16	13	17	16	15	13	16	17	17	13	13	15	15	17
LOC_738	27	27	26	27	26	27	29	24	24	25	26	27	24	25	26	26	25	27	27	26	29	31	27
LOC_739	16	18	16	16	19	19	20	16	16	17	17	17	17	17	17	17	16	18	16	16	19	19	16
LOC_740	21	21	20	22	21	24	20	21	21	21	21	21	21	21	22	22	18	19	22	23	20	23	21
LOC_741	21	24	25	25	25	25	25	22	23	24	22	26	22	21	26	24	24	24	21	21	26	26	25
LOC_742	21	24	23	23	22	24	25	23	28	23	21	22	21	21	22	24	22	21	21	20	27	27	22
LOC_743	19	21	21	21	20	24	22	21	21	20	19	21	19	19	21	21	21	20	19	19	22	22	20
LOC_744	12	14	14	13	14	14	14	13	13	14	12	14	13	15	14	14	15	15	13	12	15	14	14
LOC_745	16	16	17	16	16	16	16	17	17	16	16	16	17	17	16	15	16	16	16	16	16	16	16
LOC_746	30	27	26	26	29	28	27	33	30	25	30	24	31	28	24	24	28	27	29	29	31	28	28
LOC_747	16	16	15	15	16	17	17	15	15	16	15	16	15	15	16	16	15	15	15	14	16	16	16
LOC_748	14	14	12	14	14	14	14	16	16	14	14	14	15	15	14	14	15	15	14	14	14	14	15
LOC_749	20	21	21	21	19	19	19	20	20	20	19	19	21	20	19	19	22	22	17	19	19	19	21
LOC_750	22	23	23	23	21	19	19	24	23	23	22	23	26	25	23	23	23	22	24	21	19	21	22
LOC_751	18	18	18	18	18	17	17	17	19	19	17	18	18	18	18	18	19	19	18	21	18	18	18
LOC_752	26	24	24	24	26	29	26	25	25	23	24	21	25	26	21	21	25	25	26	26	26	25	23
LOC_753	22	21	23	21	22	22	22	21	20	21	21	23	22	22	23	23	22	22	21	20	23	20	22
LOC_754	24	26	26	25	23	24	24	23	23	27	23	27	25	25	26	25	26	24	24	24	24	23	27
LOC_755	16	16	16	16	16	16	16	16	16	16	16	17	16	17	17	18	18	17	16	16	17	16	16
LOC_756	16	16	16	17	16	16	18	16	16	15	18	16	16	16	16	16	16	16	19	18	16	16	16
LOC_757	16	16	16	16	15	15	15	18	18	16	16	16	16	16	16	15	16	16	17	17	14	15	16
LOC_758	13	14	11	11	14	13	13	13	13	11	13	11	14	14	11	12	13	13	15	13	13	14	13
LOC_759	19	19	20	19	18	17	20	20	20	19	19	19	19	19	18	19	19	19	19	19	17	17	19
LOC_760	16	16	16	16	13	16	14	15	15	16	16	16	15	16	16	16	15	16	17	17	14	14	16
LOC_761	17	23	23	22	19	20	20	17	17	22	17	20	17	17	21	22	23	25	17	17	22	23	20
LOC_762	16	16	18	18	16	15	15	18	16	16	16	16	16	16	17	17	14	14	16	16	15	15	16
LOC_763	25	27	26	27	25	26	23	26	24	25	24	27	25	25	26	25	25	26	26	25	23	22	26
LOC_764	22	23	21	22	23	23	23	22	21	23	22	23	22	22	21	21	24	24	22	22	23	24	22
LOC_765	26	25	23	24	27	28	24	25	24	25	25	24	28	26	25	23	24	24	26	26	22	22	27
LOC_766	15	18	19	19	15	15	15	14	14	20	15	20	14	15	20	20	18	18	15	15	15	15	15
LOC_767	19	21	21	21	19	18	19	19	19	19	19	20	19	19	20	20	18	17	19	19	20	19	18
LOC_768	24	27	28	26	22	21	23	22	21	29	22	29	24	24	27	29	28	28	23	24	22	22	26
LOC_769	24	27	24	26	27	27	26	29	26	24	26	26	29	28	25	25	26	26	26	24	31	28	25
LOC_770	24	26	25	26	26	25	24	27	25	26	26	28	25	25	27	28	26	26	26	26	21	24	26
LOC_771	23	22	20	21	23	23	23	22	21	22	23	23	23	23	22	22	21	22	23	23	24	23	23
LOC_772	20	22	18	19	20	20	20	22	21	22	20	21	21	19	21	21	21	20	20	19	20	20	21
LOC_773	16	16	17	15	16	16	16	16	16	16	16	16	19	16	16	16	16	16	18	18	16	16	16
LOC_774	27	27	22	25	26	26	25	23	24	25	27	23	25	25	25	25	25	25	28	28	29	26	25
LOC_775	20	21	20	20	20	19	20	21	20	20	20	21	20	22	20	23	19	20	22	22	20	20	20
LOC_776	23	21	20	22	25	24	24	24	24	22	21	20	24	24	20	20	22	22	22	22	25	26	21
LOC_777	24	24	23	23	27	28	27	30	26	23	26	24	26	27	23	21	25	26	26	26	26	27	26
LOC_778	17	16	16	16	16	16	17	17	17	15	17	16	17	17	15	15	16	16	17	17	19	20	16
LOC_779	20	19	21	21	20	20	19	20	20	22	22	23	20	20	22	21	19	19	22	23	20	20	20
LOC_780	26	30	31	29	25	25	26	26	26	29	26	26	29	27	24	27	25	27	26	26	26	26	26
LOC_781	25	26	29	29	25	24	23	26	23	23	22	22	27	29	22	22	24	27	22	24	25	24	26
LOC_782	15	14	14	14	14	17	14	14	14	14	15	14	14	14	14	14	14	14	15	15	14	14	14
LOC_783	25	25	24	24	25	24	26	25	24	25	25	25	26	25	27	28	25	25	26	26	24	24	26
LOC_784	28	24	24	24	27	27	27	27	27	25	28	24	27	28	27	24	25	24	28	27	27	27	26
LOC_785	23	23	23	28	23	22	22	22	22	24	22	25	23	23	25	25	23	24	21	20	23	23	24
LOC_786	24	28	27	27	28	31	31	22	23	27	25	30	23	23	30	31	24	26	24	24	30	27	26
LOC_787	21	21	21	21	21	21	22	20	21	21	21	21	19	22	21	22	22	21	21	20	21	21	21
LOC_788	26	25	23	24	27	27	26	25	26	24	26	23	24	28	23	24	28	25	25	25	28	29	26
LOC_789	18	20	20	20	18	19	19	19	19	20	19	20	19	19	21	20	22	21	19	19	20	20	18
LOC_790	27	25	25	25	25	25	25	25	26	29	27	23	25	26	27	28	25	24	30	29	26	27	26
LOC_791	27	25	26	28	29	27	28	27	27	25	26	23	27	29	28	28	25	24	27	27	27	28	26
LOC_792	16	16	16	16	16	14	14	15	15	16	14	16	17	17	16	16	16	16	16	16	14	14	16
LOC_793	19	19	19	19	19	19	21	19	19	21	19	21	18	18	20	21	19	19	18	19	26	26	19
LOC_794	22	21	22	22	21	21	22	20	20	21	22	23	23	23	24	22	20	21	23	22	25	21	20
LOC_795	25	25	23	22	24	22	22	23	24	23	29	23	24	24	24	23	21	20	29	27	22	22	21
LOC_796	18	18	18	17	18	18	18	18	21	18	17	18	17	18	18	18	17	18	17	17	18	19	18
LOC_797	27	23	24	25	23	27	27	30	30	24	28	24	28	26	24	24	26	26	28	30	28	26	27
LOC_798	27	25	24	24	25	27	28	25	25	25	27	25	25	27	25	26	27	28	25	24	27	26	26
LOC_799	30	25	27	27	26	25	25	23	24	27	28	27	27	29	26	27	25	26	29	29	24	24	26
LOC_800	9	9	9	9	6	6	6	9	9	9	10	9	9	9	9	9	9	9	8	8	6	6	9
LOC_801	26	25	24	24	25	26	27	25	25	26	26	25	27	29	23	25	25	25	25	27	26	25	26
LOC_802	23	25	26	26	23	23	21	29	26	25	22	26	24	26	26	27	26	26	22	21	20	21	26
LOC_803	20	21	21	21	17	18	18	19	19	21	21	21	20	18	21	21	20	20	21	21	18	18	20
LOC_804	15	16	16	16	16	16	16	16	17	16	15	16	16	16	16	16	17	16	17	16	15	15	16
LOC_805	16	17	16	16	16	16	16	15	15	16	16	16	16	16	16	16	16	16	17	17	16	16	16
LOC_806	19	16	16	16	17	17	17	17	18	16	19	16	18	17	17	17	17	17	19	19	17	17	17
LOC_807	14	16	16	16	17	17	17	16	16	16	16	14	16	16	16	16	16	16	16	16	18	17	16
LOC_808	20	20	20	20	20	20	18	21	22	20	21	19	21	21	17	18	19	19	22	22	17	17	20
LOC_809	32	25	25	25	28	25	31	32	28	25	29	24	28	29	25	27	25	25	30	29	31	30	26
LOC_810	19	17	17	17	16	17	17	19	18	17	20	18	19	18	19	21	17	17	21	22	17	17	17
LOC_811	20	19	20	19	20	23	20	22	19	19	20	19	21	19	19	19	19	19	19	20	21	20	19
LOC_812	19	20	19	19	19	18	18	19	19	19	19	21	19	20	25	21	19	18	19	20	19	19	19
LOC_813	26	27	26	27	28	29	30	25	27	26	26	24	26	26	27	28	26	26	26	25	26	26	26
LOC_814	25	24	24	24	25	25	24	26	26	23	28	25	28	30	24	24	26	26	29	29	26	27	26
LOC_815	30	25	25	24	25	25	25	27	29	26	26	28	25	26	28	25	24	22	24	24	24	25	26
LOC_816	15	16	16	16	15	15	15	13	13	16	15	13	15	15	19	16	16	16	15	15	15	17	16
LOC_817	22	24	23	24	25	22	22	22	22	27	22	23	22	24	24	23	25	25	22	22	22	21	22
LOC_818	26	22	21	22	26	24	24	26	28	22	24	22	31	29	23	22	24	24	24	27	24	23	25
LOC_819	9	7	9	7	9	9	9	9	9	7	7	7	9	9	7	8	8	8	7	7	9	9	7
LOC_820	14	16	16	16	16	17	16	17	16	19	14	19	16	16	19	19	16	16	14	14	15	15	16
LOC_821	27	24	25	25	27	28	28	33	31	26	27	25	29	34	25	25	24	24	30	28	29	27	28
LOC_822	25	28	25	27	24	25	25	22	27	27	27	25	26	27	26	27	30	27	27	27	25	25	25
LOC_823	15	15	15	15	15	15	15	14	14	15	15	15	16	16	15	15	15	15	15	15	16	14	15
LOC_824	20	21	21	22	20	18	24	20	20	21	20	23	22	22	22	22	21	21	20	20	24	24	21
LOC_825	26	24	29	29	25	26	27	26	27	26	26	25	28	28	27	28	22	24	27	26	26	27	25
LOC_826	21	18	18	18	21	20	20	18	18	19	20	20	17	17	19	19	17	17	20	20	20	20	18
LOC_827	21	22	20	20	22	21	21	20	18	24	21	19	18	19	20	20	22	22	22	21	21	21	21
LOC_828	19	19	21	20	20	19	19	19	19	20	19	20	19	17	20	20	20	20	20	19	18	19	19
LOC_829	16	16	16	16	14	16	17	16	16	16	18	14	16	16	16	16	16	17	18	18	16	17	16
LOC_830	23	23	23	25	25	27	27	22	23	24	23	24	24	23	22	21	24	23	24	24	30	29	25
LOC_831	28	24	24	25	26	24	26	25	25	23	25	22	26	23	22	24	28	27	22	23	24	26	25
LOC_832	14	16	16	16	14	14	14	14	14	16	14	16	15	15	16	16	17	16	16	14	14	14	16
LOC_833	15	14	14	14	14	14	14	13	13	14	15	14	14	14	16	16	14	14	15	15	15	14	14
LOC_834	22	21	22	22	21	21	22	21	22	22	22	23	21	21	23	24	21	21	22	22	24	24	21
LOC_835	23	24	25	24	25	25	23	26	26	28	22	26	26	26	31	29	24	22	22	22	24	23	25
LOC_836	15	14	14	14	15	15	15	15	15	15	15	14	17	17	14	14	14	14	15	13	14	15	15
LOC_837	12	12	12	12	12	12	12	13	13	12	12	12	12	12	12	12	14	14	13	13	12	12	12
LOC_838	23	22	22	22	22	22	23	27	24	23	22	23	22	22	22	24	21	21	23	23	20	21	23
LOC_839	17	23	19	19	18	18	18	15	17	20	17	18	19	19	18	17	19	19	17	17	18	18	18
LOC_840	20	22	23	21	19	18	18	16	17	20	19	20	21	20	23	23	19	18	19	19	18	18	20
LOC_841	15	14	14	14	14	13	14	14	14	14	16	14	14	14	14	14	14	14	15	17	15	15	14
LOC_842	25	22	20	18	27	28	24	22	24	22	23	21	23	24	24	23	24	24	23	23	27	26	25
LOC_843	17	17	20	19	17	18	17	19	19	16	17	17	17	19	17	17	17	17	18	17	19	20	17
LOC_844	26	25	24	22	28	27	26	26	25	23	25	22	29	25	24	24	25	28	26	25	24	24	26
LOC_845	24	24	21	21	26	25	24	24	23	23	26	25	23	23	22	25	25	25	26	25	26	25	25
LOC_846	19	17	18	17	18	23	22	20	19	16	19	17	22	21	17	17	17	18	19	17	22	22	18
LOC_847	25	26	26	25	25	23	26	23	24	27	26	26	24	23	26	25	26	26	25	25	25	30	25
LOC_848	19	19	19	18	19	19	19	19	19	16	19	16	19	19	16	16	19	19	20	21	19	19	19
LOC_849	26	24	29	28	26	27	25	26	26	26	23	25	26	25	26	29	22	25	24	24	25	27	25
LOC_850	17	17	17	17	19	18	18	19	19	17	17	17	17	17	17	17	17	17	18	16	19	18	17
LOC_851	22	24	24	24	23	23	23	24	24	24	21	24	24	23	24	24	20	22	22	21	24	24	23
LOC_852	16	15	15	15	16	17	17	13	15	15	17	15	15	15	16	16	13	13	17	17	17	17	15
LOC_853	26	27	26	25	24	25	25	25	25	28	27	25	24	23	25	26	26	26	22	23	25	25	25
LOC_854	26	26	26	25	23	23	23	27	27	28	29	24	25	26	24	24	27	25	29	30	20	20	25
LOC_855	18	17	18	18	18	18	16	17	17	18	18	19	18	18	18	19	17	18	18	18	16	16	18
LOC_856	28	28	28	27	26	26	29	29	29	31	25	32	27	26	32	30	26	28	24	24	27	28	26
LOC_857	25	29	31	31	26	27	27	24	24	31	25	31	25	26	30	34	30	28	25	25	26	28	29
LOC_858	14	15	15	15	14	14	14	14	14	15	14	16	14	14	15	15	15	14	14	14	14	14	14
LOC_859	14	14	14	14	13	13	13	14	14	14	14	14	14	13	15	14	14	14	15	15	12	13	14
LOC_860	22	23	23	22	21	21	21	21	22	22	22	22	22	22	22	22	24	23	22	19	22	21	22
LOC_861	20	19	19	19	17	17	17	18	19	19	19	19	18	16	19	19	17	17	18	18	17	17	17
LOC_862	14	13	15	15	15	15	17	16	16	14	14	15	16	16	15	15	15	15	14	14	15	15	15
LOC_863	21	19	19	19	20	20	20	22	22	20	22	21	22	23	20	20	21	20	22	24	20	20	20
LOC_864	23	28	28	25	20	20	20	23	23	29	23	27	21	22	27	27	26	23	23	24	20	20	24
LOC_865	22	25	29	28	25	26	26	25	24	27	26	27	24	24	28	30	28	25	24	24	23	24	25
LOC_866	25	23	22	22	23	24	21	24	23	21	22	20	24	23	20	20	27	24	22	22	24	25	25
LOC_867	18	19	21	19	18	18	18	17	20	19	17	20	20	21	22	22	18	19	20	18	17	17	18
LOC_868	25	23	24	24	26	25	26	29	29	22	30	24	30	28	24	24	23	26	28	29	28	26	25
LOC_869	26	21	21	22	18	19	18	27	28	21	23	21	26	24	23	19	21	21	25	24	16	18	21
LOC_870	16	13	13	11	14	14	14	14	13	12	15	12	14	14	12	13	13	13	15	15	14	14	13
LOC_871	14	13	14	14	14	12	12	14	16	12	14	10	14	14	10	10	14	14	13	13	12	12	14
LOC_872	26	28	25	25	25	24	23	25	24	27	25	25	23	24	26	26	27	28	25	25	24	23	25
LOC_873	17	17	18	17	17	17	17	18	18	17	17	17	15	16	17	17	18	17	18	17	17	17	17
LOC_874	25	23	23	23	24	24	23	25	25	24	27	24	26	26	24	23	24	24	22	23	25	24	24
LOC_875	18	19	19	20	18	18	18	17	17	20	18	20	17	17	20	20	16	16	18	18	17	18	18
LOC_876	17	17	17	17	17	18	16	19	18	17	18	18	18	18	18	18	16	16	20	18	16	16	17
LOC_877	23	20	20	20	25	24	24	24	24	20	20	21	24	25	20	18	20	20	21	23	22	24	25
LOC_878	27	25	28	25	25	25	25	25	25	25	25	26	27	26	27	26	25	25	26	26	22	25	25
LOC_879	28	26	26	26	26	27	27	26	26	29	27	28	23	25	29	29	27	28	28	27	27	25	25
LOC_880	28	23	23	24	24	23	25	26	25	25	26	24	25	26	26	24	30	32	28	28	26	26	25
LOC_881	17	16	16	16	19	17	17	16	17	17	16	17	16	17	15	15	19	19	16	16	17	17	17
LOC_882	20	20	20	20	20	20	20	18	18	21	20	23	21	21	19	20	20	20	20	20	20	22	20
LOC_883	24	26	26	25	26	26	28	26	24	22	24	24	25	25	24	26	24	24	25	24	25	25	25
LOC_884	15	15	15	15	15	15	15	15	15	15	16	16	14	15	16	15	15	15	16	16	15	15	15
LOC_885	17	17	16	16	17	17	17	16	16	16	18	17	16	16	17	17	17	16	19	18	17	17	17
LOC_886	25	27	23	28	27	25	22	22	24	28	25	27	23	23	26	26	21	23	24	25	24	24	25
LOC_887	25	25	28	26	22	22	23	23	25	25	25	24	26	26	25	24	24	26	24	25	23	22	25
LOC_888	26	25	24	23	24	24	25	26	26	22	24	23	24	26	23	22	24	23	24	24	24	24	25
LOC_889	23	24	24	24	22	21	21	23	22	25	25	25	24	23	25	24	22	23	24	26	20	20	23
LOC_890	22	24	23	26	22	22	22	22	22	23	22	22	22	22	23	23	20	22	22	22	20	22	22
LOC_891	20	23	23	23	24	24	24	25	26	24	22	26	24	24	23	24	24	25	22	22	24	25	25
LOC_892	23	21	20	20	22	23	26	22	23	21	23	20	24	25	20	21	22	22	23	23	24	24	22
LOC_893	17	18	19	19	19	19	19	20	20	19	18	20	20	20	19	19	19	19	20	21	19	19	19
LOC_894	18	18	19	19	18	19	21	19	19	18	19	18	18	17	18	18	16	18	19	19	19	19	18
LOC_895	26	25	26	24	26	26	23	25	25	28	27	28	27	27	28	28	27	26	25	26	23	22	24
LOC_896	25	25	22	23	26	27	26	25	26	25	25	25	24	24	22	23	25	25	25	25	27	26	25
LOC_897	18	18	17	17	17	17	17	16	17	17	17	15	17	17	15	15	16	17	18	18	17	17	17
LOC_898	24	27	28	31	25	24	24	26	26	30	23	31	25	26	32	30	27	25	22	18	24	24	25
LOC_899	22	25	23	23	25	25	25	24	23	27	22	27	25	26	24	24	23	23	23	22	25	23	25
LOC_900	24	23	26	25	26	32	30	26	27	26	24	23	29	29	25	25	25	27	24	24	29	30	24
LOC_901	28	23	25	24	25	24	23	25	25	26	26	24	25	24	24	24	25	26	26	23	23	24	25
LOC_902	22	22	23	24	22	26	23	23	22	25	22	21	22	22	22	23	21	21	21	22	26	27	23
LOC_903	25	25	26	24	22	24	23	29	30	27	25	30	30	29	29	31	25	24	27	27	25	25	25
LOC_904	15	14	14	14	16	15	15	17	18	14	15	14	16	16	14	14	14	14	16	15	15	15	14
LOC_905	25	23	24	24	24	22	23	26	26	24	28	23	22	25	24	22	24	23	25	26	22	22	25
LOC_906	14	16	14	14	14	14	14	15	15	14	14	14	14	14	17	15	15	15	14	14	15	15	15
LOC_907	18	17	17	17	18	19	18	16	18	17	18	19	19	18	17	17	16	16	17	17	18	18	18
LOC_908	20	19	21	21	22	22	22	22	23	21	20	21	22	23	22	21	21	21	20	19	22	22	22
LOC_909	27	24	23	22	27	23	28	27	28	22	26	26	29	30	27	26	25	25	24	26	24	28	25
LOC_910	18	17	17	18	19	16	16	18	19	17	18	17	18	18	16	16	17	17	17	19	17	20	17
LOC_911	19	19	19	19	19	19	19	18	16	19	19	19	19	19	19	19	19	19	19	19	21	21	19
LOC_912	11	11	12	13	11	11	11	11	11	11	11	10	11	11	11	11	11	11	11	11	11	11	11
LOC_913	18	18	17	18	18	18	18	18	18	18	18	18	18	18	19	18	18	20	17	18	20	20	18
LOC_914	24	30	24	23	25	26	25	23	24	23	23	24	22	22	24	24	28	26	23	24	23	24	25
LOC_915	25	24	25	24	25	20	20	26	25	23	25	23	27	25	25	23	24	24	25	25	20	20	25
LOC_916	17	18	18	18	18	18	18	17	17	17	17	18	14	15	20	18	18	18	17	13	18	18	18
LOC_917	13	15	15	15	15	15	15	15	15	15	13	15	15	16	15	15	15	14	13	13	15	15	15
LOC_918	15	16	20	19	16	15	15	16	16	20	15	19	16	16	20	19	17	16	15	15	15	15	16
LOC_919	14	14	14	14	14	14	14	13	13	15	17	15	15	14	15	15	14	14	17	17	14	13	14
LOC_920	19	18	18	18	17	18	14	18	18	18	18	18	19	19	18	18	18	18	18	20	14	14	18
LOC_921	17	16	16	16	13	13	13	16	16	16	17	16	15	16	16	16	16	17	17	16	14	13	16
LOC_922	21	22	19	20	21	20	24	22	21	20	22	20	21	21	19	19	23	24	22	20	24	25	22
LOC_923	22	25	25	26	24	24	24	24	24	25	22	24	25	26	23	24	28	27	24	25	24	24	25
LOC_924	25	25	25	21	26	26	26	24	24	24	25	24	24	24	24	24	26	25	25	25	23	24	25
LOC_925	14	14	13	13	15	14	14	14	13	15	15	14	14	14	14	14	14	14	14	14	14	14	14
LOC_926	25	24	25	25	26	26	27	24	25	26	26	25	29	29	25	22	25	25	24	25	27	24	25
LOC_927	26	27	28	27	25	25	27	26	26	29	28	27	26	27	26	27	28	26	29	29	25	27	25
LOC_928	24	27	26	25	25	24	24	24	23	20	25	20	24	24	18	20	25	23	24	24	24	24	25
LOC_929	10	14	15	14	10	12	12	12	10	15	10	15	10	10	15	17	15	15	10	10	10	10	15
LOC_930	10	10	10	10	10	11	10	12	10	10	10	10	10	10	10	10	10	10	10	10	10	10	10
LOC_931	24	25	26	25	25	23	26	20	20	26	24	30	24	20	30	28	26	25	24	23	24	25	24
LOC_932	26	24	26	26	25	25	25	23	23	26	26	27	24	25	26	26	26	25	26	26	24	25	24
LOC_933	24	28	25	24	22	22	22	19	19	25	23	25	23	23	24	25	24	25	23	23	22	22	24
LOC_934	23	21	23	23	22	23	26	26	27	22	24	22	25	26	21	21	23	25	30	25	25	25	24
LOC_935	17	17	15	15	17	17	16	14	15	15	18	15	17	17	15	19	17	18	17	17	15	15	17
LOC_936	19	23	24	22	24	24	24	21	19	23	22	25	21	21	22	22	25	24	23	25	24	24	23
LOC_937	24	25	25	24	16	19	17	25	25	22	26	24	24	23	24	25	24	24	26	24	19	19	24
LOC_938	17	19	18	19	17	17	17	17	17	19	17	19	17	17	20	20	18	18	17	17	17	18	17
LOC_939	22	19	19	19	22	22	23	28	28	19	22	19	26	24	16	16	19	19	23	23	22	22	19
LOC_940	19	19	19	19	19	19	19	19	19	19	19	18	18	18	18	19	20	20	17	19	19	19	19
LOC_941	15	14	15	15	14	15	15	16	16	13	14	14	17	14	14	14	14	14	14	14	15	15	14
LOC_942	23	24	22	22	24	21	23	24	23	23	24	23	24	20	23	23	24	25	23	25	24	24	24
LOC_943	18	20	22	22	19	20	19	18	18	22	18	22	18	18	22	22	20	21	21	20	19	19	20
LOC_944	18	15	17	17	23	22	23	20	20	15	18	15	19	19	15	14	16	16	18	18	22	22	18
LOC_945	17	15	15	16	17	17	17	18	18	16	19	16	18	18	16	16	18	21	19	17	16	17	17
LOC_946	24	24	24	24	24	24	24	23	23	24	22	25	22	22	24	24	24	24	23	24	24	26	24
LOC_947	25	24	24	24	24	23	25	24	24	24	24	24	24	24	23	23	24	24	23	24	24	23	24
LOC_948	19	21	20	21	19	20	20	21	21	21	21	19	23	23	22	20	22	22	21	21	20	20	20
LOC_949	20	23	23	23	22	22	23	21	21	23	21	24	21	21	24	24	19	23	21	22	23	24	23
LOC_950	24	25	23	24	24	21	19	28	31	25	23	26	26	26	29	26	24	24	22	22	19	19	24
LOC_951	20	19	19	19	20	20	20	21	21	21	20	19	20	20	19	19	20	19	20	20	20	20	20
LOC_952	20	24	25	26	21	20	21	21	21	26	20	27	21	20	27	29	21	21	21	20	22	21	20
LOC_953	24	24	24	26	25	24	24	25	24	24	24	27	25	22	26	26	24	24	24	24	26	24	24
LOC_954	22	25	25	27	23	26	23	22	21	25	22	26	21	21	24	24	26	24	22	22	22	24	22
LOC_955	23	23	23	23	24	26	31	19	19	23	23	23	21	21	23	22	22	23	21	20	32	29	24
LOC_956	22	24	22	22	22	22	21	22	22	24	22	23	21	20	23	23	25	24	22	22	21	21	24
LOC_957	26	27	23	25	28	29	27	25	27	24	28	26	25	28	26	28	22	23	26	26	27	26	24
LOC_958	16	16	17	16	17	16	14	16	16	17	16	18	17	16	17	17	16	16	16	16	17	16	16
LOC_959	19	18	19	19	19	22	21	19	20	18	22	19	18	19	18	18	18	18	18	18	21	21	18
LOC_960	26	24	23	23	24	22	24	26	27	23	26	20	27	28	23	23	23	23	25	25	23	23	24
LOC_961	27	26	25	24	27	29	29	27	26	28	27	26	31	27	25	26	25	26	27	27	28	28	25
LOC_962	26	25	24	24	24	23	22	25	25	23	24	24	25	26	24	26	22	23	24	24	23	25	24
LOC_963	26	22	23	22	23	24	24	25	24	20	25	22	25	26	22	22	25	23	24	24	25	23	24
LOC_964	16	16	16	16	16	16	17	16	16	16	16	18	16	16	18	17	16	16	16	17	18	16	16
LOC_965	23	24	26	28	22	22	23	23	23	27	23	28	22	22	25	27	25	26	23	23	23	23	23
LOC_966	19	21	19	20	20	19	19	20	21	20	19	19	20	21	19	19	20	20	19	19	19	19	20
LOC_967	25	24	28	22	25	24	24	26	26	25	26	23	27	27	21	22	24	24	27	26	23	25	24
LOC_968	24	24	22	21	28	23	24	25	24	25	26	24	24	23	24	23	24	24	25	24	23	23	24
LOC_969	18	17	21	17	18	18	18	18	19	17	18	17	18	18	19	17	17	17	18	18	18	18	18
LOC_970	23	21	19	19	21	21	21	20	23	19	21	18	18	18	18	18	19	19	20	20	21	20	19
LOC_971	26	25	28	26	28	26	26	24	24	26	26	25	24	23	24	22	26	26	29	29	27	28	24
LOC_972	23	22	20	20	26	23	23	25	26	21	26	20	25	26	22	22	22	21	28	27	25	22	24
LOC_973	26	29	28	29	29	30	26	29	30	29	27	27	24	25	28	32	32	32	28	26	26	27	30
LOC_974	14	14	14	14	14	14	14	14	14	15	14	15	14	14	15	15	14	15	14	14	14	14	14
LOC_975	15	14	14	14	16	16	17	16	16	14	15	14	18	16	18	18	14	14	15	15	17	16	14
LOC_976	29	31	25	25	26	28	28	29	29	27	28	27	28	29	28	27	27	28	25	28	29	28	29
LOC_977	18	18	18	19	18	18	18	17	17	18	20	18	19	18	18	18	17	17	20	20	19	20	17
LOC_978	18	19	19	19	17	18	19	17	18	19	18	22	19	18	20	20	19	19	18	18	19	19	17
LOC_979	27	23	21	21	25	27	26	22	23	22	26	21	22	22	22	21	21	18	28	27	27	25	25
LOC_980	15	16	16	16	16	18	16	15	15	16	17	16	17	16	16	16	16	16	17	19	16	16	16
LOC_981	22	24	27	24	22	22	19	23	26	24	22	21	24	24	24	24	25	26	23	23	16	15	22
LOC_982	16	12	15	13	14	14	16	16	18	14	16	14	16	16	16	16	14	14	16	16	16	16	14
LOC_983	23	23	23	23	23	23	24	23	25	23	19	25	22	25	30	24	21	22	23	23	23	23	24
LOC_984	20	25	24	26	24	25	24	24	24	28	20	24	23	22	24	24	24	24	21	19	29	22	24
LOC_985	14	17	16	17	14	14	14	14	14	16	14	16	14	14	16	16	14	14	14	14	14	14	14
LOC_986	17	17	18	18	17	17	15	17	18	18	18	18	17	17	18	18	17	15	17	17	17	17	17
LOC_987	27	20	21	23	26	26	25	24	24	23	25	21	24	24	21	21	23	26	26	26	27	27	24
LOC_988	19	18	18	18	19	19	19	21	21	19	19	19	20	21	19	19	20	21	19	19	20	20	18
LOC_989	26	22	23	24	23	23	25	23	23	22	23	26	23	23	25	24	24	23	22	21	26	25	24
LOC_990	24	24	24	23	25	27	26	26	26	24	23	24	27	27	25	26	24	24	24	24	24	23	24
LOC_991	18	16	16	15	16	16	16	16	16	17	17	18	15	14	18	19	16	16	18	17	16	16	15
LOC_992	22	22	24	25	23	22	22	24	24	22	25	22	23	23	22	23	26	27	25	27	25	23	23
LOC_993	19	20	19	19	19	19	20	21	21	19	20	19	19	19	19	21	18	19	20	20	20	20	19
LOC_994	24	22	20	22	25	27	27	24	24	20	23	22	24	24	24	23	24	23	24	25	25	24	24
LOC_995	23	25	25	26	24	24	23	23	24	27	23	25	22	22	24	28	28	25	24	23	23	23	24
LOC_996	21	24	23	21	21	21	21	23	25	24	20	23	20	21	23	23	23	25	20	20	19	20	24
LOC_997	22	24	26	26	22	19	17	20	20	25	21	27	21	21	26	25	26	24	18	21	19	19	24
LOC_998	14	14	14	14	14	14	14	14	14	14	14	14	14	14	11	14	14	14	14	14	15	15	14
LOC_999	20	23	22	22	24	24	24	23	24	22	20	22	25	28	19	23	23	21	19	20	22	22	24
LOC_1000	21	18	20	20	21	20	19	22	22	21	20	21	20	21	20	19	20	20	21	21	19	20	21
LOC_1001	19	19	19	19	19	18	19	19	19	20	19	22	19	19	23	22	20	20	20	21	17	18	19
LOC_1002	24	22	26	25	24	25	23	25	24	24	25	25	28	28	25	22	21	21	25	25	24	23	24
LOC_1003	24	24	24	23	23	23	23	25	25	24	23	23	25	25	23	24	25	27	25	22	23	25	24
LOC_1004	17	16	15	15	16	17	16	19	19	16	17	16	18	18	17	16	17	18	17	17	17	17	17
LOC_1005	7	8	7	8	10	7	8	8	8	8	7	8	9	9	8	8	7	7	7	7	8	8	7
LOC_1006	21	22	24	23	22	22	20	21	21	27	21	27	23	23	27	29	25	25	21	21	22	22	24
LOC_1007	20	17	17	16	20	20	17	21	22	19	19	17	21	21	17	16	17	17	19	18	17	21	18
LOC_1008	20	21	18	18	19	22	19	20	20	19	22	19	20	20	19	19	20	21	22	22	22	21	21
LOC_1009	27	24	22	23	25	25	25	25	25	22	25	23	25	26	23	23	24	24	25	27	26	26	24
LOC_1010	12	15	15	15	18	18	19	14	14	15	15	14	15	14	14	14	15	15	15	15	18	17	15
LOC_1011	25	26	26	27	23	22	20	25	23	23	23	26	24	24	25	25	27	26	23	23	21	23	24
LOC_1012	21	22	21	21	24	23	23	24	25	21	24	20	25	24	20	20	25	26	22	23	23	23	24
LOC_1013	22	23	23	23	21	21	21	21	21	24	22	23	22	22	20	21	26	25	22	22	22	23	24
LOC_1014	21	24	25	25	20	22	23	21	21	25	21	26	20	20	24	25	24	23	21	21	23	22	23
LOC_1015	15	17	16	18	19	19	20	16	15	17	16	17	16	16	17	17	17	17	17	17	19	19	16
LOC_1016	15	14	14	14	14	14	14	17	18	14	15	14	15	15	14	14	16	16	15	15	14	11	14
LOC_1017	23	24	27	27	25	23	24	24	24	24	24	24	23	21	23	25	24	24	27	24	24	24	24
LOC_1018	26	24	22	22	24	24	25	25	24	25	25	24	26	26	24	25	25	25	25	26	24	24	24
LOC_1019	14	16	16	16	15	15	15	15	15	16	14	19	15	15	18	17	16	16	14	14	15	15	15
LOC_1020	25	28	27	26	23	25	23	24	26	25	26	23	22	24	24	24	22	24	25	25	22	22	23
LOC_1021	15	15	15	15	15	15	15	15	15	15	15	15	16	16	15	15	16	15	15	14	15	15	15
LOC_1022	25	24	27	25	24	24	22	22	25	24	22	23	24	24	23	22	25	25	24	24	23	24	24
LOC_1023	26	23	21	20	24	24	25	27	22	21	27	21	26	25	24	22	25	24	24	25	22	23	24
LOC_1024	27	28	29	30	28	30	27	26	27	28	28	26	28	27	24	24	29	29	28	30	26	28	29
