names	Run1_C_4	Run1_C_6	Run1_C_7	Run1_C_12	Run1_C_15	Run1_C_17	Run1_C_19	Run1_C_20	Run1_C_21	Run1_C_22	Run1_C_23	Run1_C_24	Run1_C_25	root
LOC_1	19	19	19	20	20	19	19	18	18	20	20	18	19	19
LOC_2	20	21	21	20	23	20	20	20	21	21	20	19	22	20
LOC_3	7	7	7	8	7	7	7	7	7	8	8	7	7	7
LOC_4	7	7	7	7	7	7	7	7	7	8	8	7	7	7
LOC_5	7	7	7	8	8	8	8	8	8	8	8	10	10	7
LOC_6	17	16	16	18	17	17	18	17	16	17	17	17	17	16
LOC_7	13	13	13	13	13	13	13	13	14	14	13	15	14	13
LOC_8	22	22	22	22	21	21	23	23	23	23	23	21	23	22
LOC_9	15	15	15	15	15	16	15	15	15	15	16	15	15	15
LOC_10	17	17	18	17	17	16	16	16	16	16	16	16	16	17
LOC_11	21	21	21	21	22	22	22	23	22	23	22	22	22	23
LOC_12	23	19	20	17	17	17	17	17	18	19	19	17	17	17
LOC_13	18	20	17	17	17	18	17	17	17	17	17	17	17	17
LOC_14	18	18	18	18	20	18	18	18	18	19	20	20	20	18
LOC_15	27	31	28	26	29	25	27	23	24	25	26	28	28	27
LOC_16	12	14	14	14	14	12	13	13	13	14	14	14	14	14
LOC_17	15	15	15	16	16	16	16	16	17	16	16	16	16	15
LOC_18	24	23	23	24	24	25	23	26	26	27	26	24	24	23
LOC_19	24	24	24	22	22	22	21	22	22	22	22	21	21	22
LOC_20	14	15	15	18	19	18	18	18	18	16	18	19	19	15
LOC_21	13	13	13	13	13	13	12	11	12	13	11	13	13	13
LOC_22	21	22	20	20	20	20	20	20	20	22	22	20	20	21
LOC_23	16	16	16	16	16	16	17	17	17	16	15	16	16	16
LOC_24	23	23	20	23	21	22	23	25	23	22	23	22	23	23
LOC_25	22	22	23	22	25	26	27	25	24	22	22	26	26	22
LOC_26	16	16	16	15	15	16	15	15	16	15	15	15	15	15
LOC_27	18	16	16	18	17	17	17	17	18	19	19	16	16	17
LOC_28	21	21	21	21	25	24	25	25	25	21	22	21	21	21
LOC_29	24	26	26	27	25	25	24	24	25	26	26	25	25	25
LOC_30	19	19	19	19	19	19	19	19	18	16	16	19	19	19
LOC_31	26	23	23	25	32	29	30	26	24	25	25	28	29	26
LOC_32	20	21	20	20	20	19	21	20	20	20	20	20	20	20
LOC_33	16	15	15	15	13	14	14	14	14	14	14	13	13	15
LOC_34	14	14	14	14	14	14	13	13	13	15	14	15	14	14
LOC_35	18	19	19	20	18	17	17	17	17	20	21	18	18	19
LOC_36	20	20	20	23	22	22	22	21	26	23	23	22	22	20
LOC_37	23	22	22	20	20	23	21	21	21	21	20	19	19	21
LOC_38	16	18	16	17	16	16	16	16	15	17	17	16	16	16
LOC_39	20	20	19	19	19	18	20	21	20	19	18	19	19	20
LOC_40	14	12	13	14	14	14	14	14	14	14	14	14	14	14
LOC_41	22	21	21	21	20	21	21	19	20	21	20	20	20	21
LOC_42	20	19	19	20	19	19	19	19	19	20	21	19	19	21
LOC_43	18	18	18	18	18	17	18	18	18	18	18	18	18	18
LOC_44	19	17	18	18	18	18	18	18	18	18	18	18	18	18
LOC_45	18	18	18	17	18	18	18	16	16	18	18	18	18	18
LOC_46	21	20	20	20	20	20	20	20	21	20	20	20	22	20
LOC_47	15	15	15	19	15	16	15	15	15	20	20	15	15	15
LOC_48	19	20	18	16	17	17	17	18	18	16	16	17	17	17
LOC_49	14	15	15	16	16	16	16	16	16	16	16	16	16	15
LOC_50	16	17	17	19	16	16	16	15	16	17	17	16	16	16
LOC_51	22	22	23	19	20	22	22	22	22	19	19	20	20	20
LOC_52	19	19	19	20	17	19	19	20	19	20	20	16	18	19
LOC_53	23	24	24	24	23	24	26	25	26	22	24	23	22	23
LOC_54	20	21	21	20	20	21	21	19	20	20	20	21	21	20
LOC_55	20	20	20	22	19	20	19	20	20	22	21	19	19	20
LOC_56	20	20	20	18	18	19	19	19	19	19	19	17	17	19
LOC_57	22	23	23	21	24	25	24	26	22	20	20	22	23	23
LOC_58	20	20	20	21	20	20	19	19	19	19	22	20	22	21
LOC_59	9	9	9	9	10	10	10	10	10	9	9	10	10	9
LOC_60	20	17	19	22	17	20	22	20	20	20	20	19	19	20
LOC_61	24	23	25	29	25	26	25	25	25	25	26	25	24	24
LOC_62	20	19	18	19	18	18	18	18	18	18	19	20	19	18
LOC_63	17	17	17	17	19	19	19	19	18	17	17	20	20	17
LOC_64	17	17	16	16	14	18	18	17	17	19	16	17	14	17
LOC_65	18	18	19	16	16	17	17	17	17	16	16	16	16	17
LOC_66	21	19	21	21	20	22	24	23	23	20	20	20	20	21
LOC_67	21	23	20	23	22	21	21	19	19	22	21	22	23	22
LOC_68	16	16	16	17	17	17	18	16	16	17	17	18	16	16
LOC_69	23	22	22	21	25	22	26	24	24	18	23	25	21	21
LOC_70	22	24	27	24	27	28	27	26	29	24	24	27	26	23
LOC_71	17	17	17	16	15	16	16	16	16	16	16	16	16	16
LOC_72	20	20	20	20	20	20	20	19	20	20	20	21	20	20
LOC_73	19	18	18	18	22	20	20	20	20	19	19	20	20	19
LOC_74	21	20	20	23	24	22	21	22	23	22	22	25	24	22
LOC_75	22	24	24	23	25	27	26	26	27	22	23	25	25	23
LOC_76	22	22	20	22	21	21	21	21	21	22	22	21	21	21
LOC_77	14	15	15	14	15	14	15	15	15	14	14	15	15	14
LOC_78	21	23	23	24	23	24	23	24	24	22	23	23	24	22
LOC_79	15	16	16	16	15	14	14	16	14	16	15	14	15	15
LOC_80	24	25	25	24	24	24	22	23	23	24	24	25	25	24
LOC_81	16	16	16	16	14	16	17	16	16	16	17	15	15	16
LOC_82	20	19	20	20	19	20	19	20	20	20	20	19	19	20
LOC_83	18	18	18	19	18	18	18	19	19	18	19	15	16	18
LOC_84	17	17	17	16	16	16	17	18	19	16	16	16	16	16
LOC_85	21	21	21	21	21	21	20	19	19	21	21	20	21	21
LOC_86	16	16	16	16	17	17	17	17	16	16	16	17	17	16
LOC_87	21	20	21	22	24	23	25	23	23	24	24	24	24	20
LOC_88	18	21	21	23	22	21	22	22	23	19	18	23	23	22
LOC_89	26	26	27	27	26	32	31	30	30	28	27	27	29	26
LOC_90	20	20	20	22	18	20	20	20	19	20	20	20	21	20
LOC_91	16	15	15	17	17	18	19	19	18	16	17	17	17	17
LOC_92	20	20	20	17	17	18	19	18	19	19	19	17	17	19
LOC_93	11	11	11	12	12	10	10	10	10	12	12	12	12	12
LOC_94	15	15	15	15	15	15	17	16	16	17	16	15	16	15
LOC_95	13	13	13	13	13	12	12	13	13	13	13	13	13	13
LOC_96	20	19	19	21	21	21	20	19	20	22	21	21	20	20
LOC_97	22	20	20	23	24	25	25	25	25	22	21	23	25	20
LOC_98	15	18	16	16	15	14	14	15	16	16	16	15	15	15
LOC_99	16	16	16	16	15	18	12	16	17	17	16	15	15	16
LOC_100	14	14	14	14	14	14	14	14	14	15	16	14	14	14
LOC_101	22	22	20	21	24	21	20	21	22	23	23	24	24	21
LOC_102	23	19	19	19	18	19	19	19	19	19	19	17	17	19
LOC_103	16	16	16	16	13	13	12	12	12	16	16	12	12	14
LOC_104	21	20	21	21	21	21	21	21	20	23	22	21	21	21
LOC_105	17	17	17	18	19	18	18	19	19	18	18	18	18	16
LOC_106	29	28	26	29	25	28	28	26	27	26	29	29	28	28
LOC_107	15	15	15	15	15	15	15	15	15	15	15	15	15	15
LOC_108	22	23	22	23	22	22	23	22	23	23	23	23	23	23
LOC_109	14	14	14	15	16	13	12	13	13	15	15	17	16	14
LOC_110	16	16	16	16	14	15	16	15	15	16	16	14	14	16
LOC_111	14	14	14	15	15	16	15	16	16	16	15	15	15	15
LOC_112	21	22	21	25	25	24	23	24	24	25	25	25	25	21
LOC_113	14	14	14	14	14	14	14	15	14	14	14	14	14	14
LOC_114	17	17	17	17	19	19	18	18	17	17	17	18	18	17
LOC_115	14	14	14	14	15	15	15	16	15	14	14	16	16	14
LOC_116	14	14	14	17	14	15	14	14	14	16	16	14	14	14
LOC_117	19	19	19	19	19	19	19	22	21	19	19	19	20	19
LOC_118	16	16	16	18	16	16	16	17	16	16	16	16	16	16
LOC_119	23	23	23	22	23	28	26	25	25	24	25	21	22	23
LOC_120	18	18	18	18	18	21	21	22	22	18	19	18	18	18
LOC_121	18	19	18	18	18	18	18	17	18	18	18	18	18	18
LOC_122	21	21	21	20	19	19	18	19	19	20	20	19	19	19
LOC_123	25	25	22	24	25	24	25	24	24	25	24	26	25	24
LOC_124	22	22	21	24	23	24	25	25	25	25	24	24	25	22
LOC_125	25	22	23	27	28	26	27	26	27	26	26	28	29	27
LOC_126	13	13	13	14	14	12	14	13	14	14	15	13	13	14
LOC_127	25	25	24	23	22	21	21	17	17	23	24	20	21	22
LOC_128	22	22	22	20	24	23	22	24	24	20	20	23	24	20
